-0.00282176	-0.00412518
-0.00590998	-0.00865548
-0.00900688	-0.0133782
-0.013225	-0.0182956
-0.0176994	-0.023745
-0.022254	-0.0292085
-0.0268948	-0.0346425
-0.0317496	-0.0400508
-0.0369165	-0.0454438
-0.0422545	-0.0510504
-0.0468932	-0.056958
-0.0513709	-0.0626772
-0.055799	-0.0684464
-0.0602221	-0.0743549
-0.064796	-0.0804953
-0.0690101	-0.0871214
-0.07358	-0.0933182
-0.0783457	-0.099284
-0.0833618	-0.105531
-0.0881144	-0.111704
-0.0930737	-0.11839
-0.0981173	-0.125008
-0.103059	-0.131596
-0.107983	-0.138172
-0.112951	-0.144695
-0.118014	-0.151035
-0.123791	-0.156938
-0.129394	-0.163121
-0.134514	-0.169864
-0.139645	-0.176447
-0.145554	-0.182559
-0.151516	-0.188588
-0.15748	-0.19449
-0.16347	-0.200458
-0.169281	-0.206433
-0.175124	-0.212412
-0.180921	-0.218331
-0.187025	-0.224708
-0.192702	-0.231179
-0.198201	-0.237501
-0.203281	-0.244413
-0.208384	-0.251163
-0.213803	-0.258401
-0.219202	-0.265369
-0.224272	-0.273083
-0.229166	-0.280612
-0.233586	-0.287925
-0.238094	-0.294702
-0.242386	-0.301614
-0.247082	-0.308994
-0.251434	-0.315716
-0.255645	-0.322176
-0.259593	-0.328724
-0.263562	-0.335349
-0.267883	-0.341787
-0.273135	-0.347761
-0.278333	-0.353743
-0.283503	-0.359753
-0.287946	-0.365165
-0.292464	-0.370422
-0.297381	-0.375377
-0.302561	-0.380605
-0.307734	-0.385878
-0.313176	-0.39205
-0.318323	-0.397458
-0.323568	-0.40287
-0.328933	-0.4089
-0.334575	-0.415396
-0.340867	-0.422106
-0.347099	-0.42828
-0.353851	-0.434656
-0.360377	-0.440786
-0.366693	-0.447315
-0.373121	-0.453375
-0.379146	-0.459499
-0.385016	-0.465628
-0.390811	-0.47206
-0.396411	-0.478231
-0.402181	-0.485082
-0.40764	-0.491773
-0.41383	-0.498203
-0.419894	-0.504481
-0.425981	-0.510353
-0.432397	-0.516023
-0.438632	-0.521907
-0.445181	-0.52797
-0.451075	-0.534208
-0.456862	-0.540375
-0.462898	-0.545879
-0.468497	-0.55169
-0.474036	-0.557242
-0.479598	-0.562888
-0.484757	-0.568709
-0.490681	-0.575276
-0.495273	-0.58202
-0.499709	-0.588618
-0.504788	-0.595185
-0.509473	-0.602127
-0.51371	-0.608745
-0.518652	-0.615938
-0.524319	-0.622836
-0.529805	-0.629806
-0.535104	-0.636985
-0.540925	-0.643938
-0.546659	-0.65107
-0.552587	-0.657767
-0.558479	-0.663825
-0.564805	-0.669469
-0.571122	-0.67541
-0.577192	-0.681183
-0.583406	-0.686662
-0.590174	-0.691518
-0.596664	-0.696413
-0.603207	-0.701421
-0.60981	-0.706802
-0.616279	-0.712062
-0.624037	-0.716234
-0.632179	-0.720272
-0.640534	-0.723831
-0.648359	-0.726937
-0.656268	-0.73025
-0.664322	-0.733538
-0.671879	-0.736552
-0.679966	-0.73934
-0.687855	-0.742981
-0.695917	-0.746751
-0.705131	-0.749874
-0.713605	-0.752887
-0.721914	-0.75588
-0.730359	-0.758608
-0.738565	-0.761149
-0.746794	-0.763567
-0.754619	-0.767
-0.762346	-0.770407
-0.769553	-0.773868
-0.776813	-0.777381
-0.784624	-0.780638
-0.79235	-0.78386
-0.800022	-0.787028
-0.806821	-0.790071
-0.813775	-0.792491
-0.820759	-0.795125
-0.827774	-0.798045
-0.83451	-0.801076
-0.841771	-0.804068
-0.849088	-0.807234
-0.857665	-0.811002
-0.866023	-0.814711
-0.874487	-0.818191
-0.882727	-0.82162
-0.890834	-0.824988
-0.898868	-0.828148
-0.907402	-0.831192
-0.915587	-0.834156
-0.92374	-0.837153
-0.931922	-0.840263
-0.940327	-0.843772
-0.948578	-0.846976
-0.956582	-0.850184
-0.964299	-0.85292
-0.972012	-0.855665
-0.979945	-0.859154
-0.987493	-0.862296
-0.995032	-0.86545
-1.00258	-0.868509
-1.01057	-0.871466
-1.01816	-0.874202
-1.02544	-0.87691
-1.03294	-0.879474
-1.04072	-0.882151
-1.04865	-0.884699
-1.05663	-0.886834
-1.06464	-0.888861
-1.07299	-0.891079
-1.0811	-0.893257
-1.08942	-0.895543
-1.09797	-0.897136
-1.10587	-0.898812
-1.11355	-0.900413
-1.1212	-0.901786
-1.12845	-0.903545
-1.13588	-0.905209
-1.14334	-0.906954
-1.15146	-0.909211
-1.15981	-0.911134
-1.16807	-0.913342
-1.1767	-0.915398
-1.18519	-0.917304
-1.1934	-0.919649
-1.20197	-0.922237
-1.21033	-0.924902
-1.21843	-0.927836
-1.22723	-0.930804
-1.23612	-0.934152
-1.24497	-0.936942
-1.25355	-0.939676
-1.26207	-0.942248
-1.27102	-0.943511
-1.2798	-0.944562
-1.288	-0.945592
-1.29632	-0.946158
-1.30443	-0.946374
-1.31239	-0.946136
-1.32045	-0.946449
-1.32852	-0.946965
-1.33725	-0.947736
-1.34523	-0.948357
-1.35314	-0.948828
-1.36091	-0.949409
-1.36894	-0.949724
-1.37697	-0.950048
-1.38491	-0.949457
-1.39312	-0.948958
-1.40137	-0.94821
-1.40972	-0.947949
-1.41774	-0.947274
-1.42618	-0.946571
-1.43476	-0.945846
-1.44354	-0.94492
-1.45216	-0.943989
-1.46065	-0.942965
-1.46896	-0.941959
-1.47772	-0.940473
-1.48603	-0.939264
-1.4942	-0.937669
-1.50201	-0.936537
-1.50953	-0.935674
-1.51707	-0.934725
-1.52439	-0.934199
-1.53149	-0.933414
-1.53875	-0.932626
-1.54607	-0.931913
-1.55307	-0.931805
-1.56079	-0.931791
-1.5686	-0.931771
-1.5765	-0.931788
-1.5843	-0.931692
-1.59215	-0.931604
-1.60051	-0.931357
-1.60815	-0.931125
-1.61575	-0.930965
-1.62344	-0.930736
-1.63203	-0.930994
-1.64035	-0.930998
-1.64928	-0.931039
-1.65814	-0.930984
-1.66596	-0.92967
-1.67406	-0.928633
-1.68247	-0.927969
-1.69071	-0.927516
-1.69857	-0.927399
-1.70661	-0.927613
-1.71467	-0.927847
-1.72278	-0.927975
-1.73097	-0.928261
-1.73881	-0.928718
-1.74704	-0.928983
-1.75516	-0.929608
-1.7638	-0.929924
-1.77256	-0.929748
-1.78114	-0.929636
-1.78972	-0.929863
-1.79849	-0.929967
-1.80676	-0.929845
-1.81605	-0.930449
-1.82508	-0.931303
-1.83357	-0.932518
-1.84201	-0.933787
-1.84977	-0.934341
-1.85726	-0.9346
-1.86475	-0.935135
-1.87226	-0.935843
-1.87967	-0.936967
-1.88692	-0.937923
-1.89427	-0.938514
-1.90258	-0.939316
-1.91072	-0.939706
-1.91899	-0.939994
-1.92748	-0.939773
-1.93579	-0.939669
-1.94411	-0.938977
-1.95234	-0.938223
-1.96051	-0.937871
-1.96831	-0.937921
-1.97581	-0.937996
-1.9835	-0.938113
-1.99119	-0.938335
-1.9991	-0.938639
-2.00771	-0.938239
-2.01607	-0.937682
-2.024	-0.937052
-2.0319	-0.936716
-2.03939	-0.936103
-2.04699	-0.93541
-2.05446	-0.934607
-2.062	-0.933777
-2.07073	-0.933278
-2.07937	-0.932765
-2.08833	-0.932106
-2.09729	-0.931784
-2.10661	-0.932036
-2.11603	-0.932113
-2.12561	-0.932146
-2.13486	-0.932144
-2.14368	-0.932025
-2.15243	-0.931907
-2.16049	-0.931657
-2.16922	-0.930589
-2.17808	-0.929843
-2.18699	-0.930478
-2.19571	-0.931102
-2.20427	-0.93166
-2.21281	-0.932724
-2.22135	-0.933517
-2.23007	-0.934091
-2.23854	-0.934796
-2.24707	-0.935424
-2.25565	-0.936914
-2.2645	-0.938384
-2.27368	-0.940195
-2.2826	-0.94237
-2.29164	-0.944441
-2.30062	-0.946402
-2.30928	-0.948769
-2.31774	-0.951077
-2.32597	-0.952408
-2.3345	-0.953641
-2.34364	-0.955213
-2.35246	-0.956625
-2.36127	-0.958015
-2.37004	-0.959487
-2.37892	-0.960731
-2.3877	-0.961491
-2.39628	-0.962297
-2.40452	-0.96293
-2.41269	-0.963541
-2.42099	-0.964138
-2.42893	-0.964664
-2.43594	-0.965311
-2.44263	-0.965741
-2.44932	-0.966791
-2.45694	-0.96874
-2.46425	-0.970722
-2.472	-0.972372
-2.47977	-0.974044
-2.48778	-0.975929
-2.49615	-0.977091
-2.50424	-0.977941
-2.51247	-0.978804
-2.52064	-0.97966
-2.52879	-0.980062
-2.53745	-0.979829
-2.54649	-0.980051
-2.5554	-0.9802
-2.56387	-0.980255
-2.57145	-0.980676
-2.57897	-0.980956
-2.58635	-0.981249
-2.59298	-0.981477
-2.59986	-0.981649
-2.60666	-0.981975
-2.6133	-0.982353
-2.62035	-0.982623
-2.62694	-0.983211
-2.63298	-0.983365
-2.63927	-0.983541
-2.64589	-0.983713
-2.65299	-0.983731
-2.66043	-0.983687
-2.66796	-0.983729
-2.67557	-0.983756
-2.68371	-0.983256
-2.69168	-0.982673
-2.69973	-0.981755
-2.70791	-0.980811
-2.71574	-0.979312
-2.72352	-0.977823
-2.73135	-0.976337
-2.73981	-0.973754
-2.74795	-0.971394
-2.7564	-0.968991
-2.76562	-0.966829
-2.77459	-0.964343
-2.7831	-0.961842
-2.79173	-0.959292
-2.80017	-0.957223
-2.80866	-0.954791
-2.81699	-0.952395
-2.82509	-0.949688
-2.8325	-0.947096
-2.83909	-0.944955
-2.84594	-0.942748
-2.8532	-0.940253
-2.86025	-0.937758
-2.8672	-0.9355
-2.87459	-0.932938
-2.88229	-0.931014
-2.88984	-0.929437
-2.89743	-0.927856
-2.90509	-0.926208
-2.91282	-0.925793
-2.92092	-0.925336
-2.92864	-0.924486
-2.93668	-0.923586
-2.94435	-0.922863
-2.95199	-0.923059
-2.96001	-0.923401
-2.96763	-0.923685
-2.97434	-0.924776
-2.9814	-0.925987
-2.98868	-0.927124
-2.99551	-0.928152
-3.00215	-0.928794
-3.00911	-0.929461
-3.01625	-0.930307
-3.0232	-0.931082
-3.03023	-0.931837
-3.03741	-0.932896
-3.0448	-0.934117
-3.05241	-0.935228
-3.06004	-0.936294
-3.06791	-0.936972
-3.07581	-0.937326
-3.08436	-0.937693
-3.09302	-0.9384
-3.10139	-0.938998
-3.10938	-0.939086
-3.11733	-0.939114
-3.12544	-0.938389
-3.13339	-0.937561
-3.1413	-0.936767
-3.14942	-0.936262
-3.15724	-0.935475
-3.16537	-0.934655
-3.17356	-0.933658
-3.18113	-0.932734
-3.18863	-0.931828
-3.19629	-0.930735
-3.20405	-0.929569
-3.21197	-0.928526
-3.22005	-0.927605
-3.22825	-0.926575
-3.23633	-0.925712
-3.24433	-0.924842
-3.25231	-0.924042
-3.26047	-0.923059
-3.26837	-0.921336
-3.27618	-0.919529
-3.28372	-0.91807
-3.29158	-0.918266
-3.29972	-0.918193
-3.30852	-0.918188
-3.31718	-0.918261
-3.32636	-0.918279
-3.33513	-0.917688
-3.34373	-0.91718
-3.35219	-0.916345
-3.36003	-0.915601
-3.36763	-0.915582
-3.37527	-0.915494
-3.38277	-0.915659
-3.39023	-0.915486
-3.39769	-0.91518
-3.40527	-0.914865
-3.413	-0.914489
-3.42113	-0.913931
-3.42921	-0.913542
-3.43816	-0.913345
-3.44675	-0.91316
-3.45543	-0.913068
-3.46396	-0.912787
-3.47262	-0.913022
-3.48135	-0.913882
-3.48933	-0.91573
-3.49617	-0.916906
-3.5039	-0.918308
-3.51163	-0.919719
-3.51853	-0.921542
-3.5257	-0.923375
-3.53302	-0.925111
-3.54065	-0.92654
-3.5473	-0.927238
-3.55355	-0.927498
-3.56007	-0.928012
-3.56581	-0.928733
-3.57175	-0.929457
-3.57756	-0.930019
-3.58372	-0.931406
-3.5905	-0.933664
-3.59781	-0.936068
-3.60504	-0.93833
-3.6135	-0.94027
-3.6224	-0.941978
-3.63108	-0.94365
-3.63964	-0.945691
-3.64837	-0.948121
-3.65668	-0.950264
-3.66562	-0.951726
-3.67427	-0.953168
-3.68181	-0.955283
-3.68958	-0.95718
-3.69745	-0.959188
-3.7057	-0.960948
-3.71395	-0.962842
-3.72167	-0.964516
-3.72921	-0.96562
-3.7377	-0.967189
-3.74547	-0.968411
-3.75398	-0.969697
-3.76175	-0.970105
-3.76972	-0.970239
-3.77785	-0.970197
-3.78586	-0.970385
-3.79387	-0.97049
-3.80133	-0.970398
-3.80917	-0.970182
-3.81705	-0.97002
-3.82497	-0.969494
-3.83294	-0.969058
-3.84021	-0.969153
-3.84709	-0.969062
-3.85363	-0.968784
-3.86056	-0.968092
-3.86811	-0.967833
-3.87575	-0.967632
-3.88359	-0.96759
-3.8915	-0.967424
-3.8998	-0.967187
-3.90858	-0.966437
-3.91708	-0.965719
-3.92627	-0.965139
-3.93525	-0.964685
-3.94445	-0.964559
-3.95329	-0.964527
-3.96229	-0.964559
-3.97114	-0.964553
-3.97978	-0.965338
-3.98816	-0.9661
-3.99621	-0.967156
-4.00444	-0.968117
-4.01286	-0.968763
-4.02149	-0.969247
-4.02919	-0.970659
-4.03709	-0.971503
-4.04483	-0.972581
-4.05264	-0.973621
-4.0606	-0.974795
-4.0693	-0.975785
-4.07692	-0.976916
-4.08438	-0.978193
-4.09193	-0.979477
-4.09913	-0.980923
-4.10659	-0.982367
-4.11435	-0.98383
-4.12242	-0.985162
-4.13034	-0.985934
-4.13858	-0.986824
-4.14712	-0.988062
-4.15552	-0.989273
-4.16368	-0.990361
-4.17284	-0.990925
-4.18196	-0.990891
-4.19071	-0.990896
-4.19978	-0.99076
-4.20839	-0.990565
-4.21718	-0.99041
-4.22651	-0.990566
-4.23573	-0.990675
-4.24457	-0.990681
-4.25327	-0.99067
-4.26189	-0.990608
-4.27029	-0.990329
-4.27838	-0.990197
-4.28582	-0.989825
-4.2934	-0.989464
-4.30094	-0.988957
-4.30937	-0.989115
-4.31712	-0.989521
-4.3251	-0.989939
-4.33296	-0.990517
-4.34073	-0.991479
-4.34847	-0.992461
-4.35646	-0.993578
-4.3647	-0.994902
-4.37368	-0.995457
-4.38252	-0.996185
-4.3912	-0.996889
-4.40034	-0.997779
-4.40904	-0.999173
-4.41756	-1.00046
-4.42531	-1.00209
-4.43343	-1.00339
-4.44143	-1.00468
-4.44942	-1.00576
-4.45725	-1.0072
-4.46534	-1.00877
-4.47346	-1.01033
-4.48155	-1.01203
-4.48946	-1.01348
-4.49721	-1.01514
-4.50508	-1.01678
-4.51284	-1.0187
-4.52083	-1.02112
-4.52889	-1.02366
-4.537	-1.0264
-4.54515	-1.0293
-4.55315	-1.0322
-4.56113	-1.03486
-4.56858	-1.03728
-4.57611	-1.03966
-4.58383	-1.04188
-4.59116	-1.04414
-4.59924	-1.04675
-4.60722	-1.04902
-4.61477	-1.051
-4.6223	-1.05297
-4.6299	-1.05448
-4.63746	-1.05585
-4.64518	-1.05675
-4.65255	-1.05767
-4.65976	-1.05863
-4.6671	-1.0596
-4.67437	-1.06046
-4.68179	-1.06134
-4.68931	-1.06224
-4.69693	-1.06315
-4.70455	-1.06389
-4.71237	-1.06439
-4.72025	-1.06511
-4.72822	-1.06653
-4.73618	-1.06794
-4.74393	-1.06943
-4.75153	-1.07109
-4.75954	-1.0729
-4.76734	-1.07438
-4.77549	-1.07608
-4.78366	-1.07733
-4.79182	-1.07863
-4.79975	-1.07997
-4.80766	-1.0813
-4.81528	-1.08287
-4.82314	-1.08431
-4.83052	-1.08542
-4.83789	-1.08654
-4.84633	-1.08728
-4.85468	-1.08749
-4.86293	-1.08781
-4.87094	-1.08919
-4.87913	-1.09044
-4.88764	-1.09219
-4.89632	-1.09431
-4.90471	-1.0965
-4.91297	-1.09867
-4.92044	-1.10035
-4.92819	-1.10213
-4.93617	-1.10409
-4.94412	-1.10605
-4.95174	-1.10814
-4.95924	-1.11011
-4.96677	-1.11219
-4.9745	-1.11436
-4.98202	-1.1167
-4.98999	-1.11914
-4.99767	-1.12226
-5.00554	-1.12507
-5.01319	-1.12771
-5.02119	-1.12914
-5.02985	-1.13042
-5.03806	-1.1318
-5.04635	-1.13325
-5.05457	-1.13471
-5.06289	-1.13618
-5.07183	-1.13701
-5.08118	-1.13807
-5.09067	-1.13912
-5.10045	-1.14001
-5.10929	-1.14102
-5.1179	-1.14209
-5.12599	-1.14363
-5.13442	-1.14555
-5.14288	-1.14738
-5.15117	-1.14924
-5.15937	-1.15121
-5.1677	-1.15324
-5.17582	-1.15551
-5.18495	-1.15858
-5.19368	-1.16125
-5.20219	-1.16379
-5.21074	-1.16633
-5.21937	-1.16877
-5.22777	-1.17018
-5.23566	-1.17039
-5.24388	-1.1707
-5.25172	-1.17085
-5.25864	-1.17074
-5.26595	-1.17055
-5.27315	-1.17038
-5.28021	-1.16981
-5.28761	-1.16927
-5.29496	-1.16885
-5.30146	-1.16873
-5.30815	-1.16868
-5.31503	-1.16818
-5.32186	-1.16775
-5.3288	-1.16722
-5.33593	-1.16661
-5.34315	-1.16654
-5.35052	-1.16653
-5.358	-1.16661
-5.36591	-1.16637
-5.37408	-1.16612
-5.38218	-1.1659
-5.39055	-1.16573
-5.39843	-1.16567
-5.40663	-1.1657
-5.41499	-1.166
-5.42321	-1.16625
-5.43122	-1.16662
-5.43902	-1.16721
-5.44685	-1.16787
-5.45463	-1.16856
-5.46282	-1.16923
-5.47121	-1.1699
-5.47998	-1.17077
-5.48863	-1.17161
-5.49713	-1.17218
-5.50556	-1.17302
-5.51386	-1.17382
-5.52206	-1.17471
-5.53036	-1.17573
-5.53909	-1.1759
-5.54763	-1.17609
-5.55585	-1.17675
-5.56383	-1.17714
-5.57179	-1.17708
-5.57978	-1.17685
-5.58791	-1.17663
-5.59623	-1.1759
-5.60486	-1.17472
-5.613	-1.17373
-5.62102	-1.17261
-5.62939	-1.17135
-5.63776	-1.17005
-5.64622	-1.16792
-5.6543	-1.16584
-5.66231	-1.16379
-5.67033	-1.16162
-5.67874	-1.15997
-5.68637	-1.15857
-5.69404	-1.15761
-5.70233	-1.157
-5.71119	-1.1566
-5.71994	-1.15607
-5.7276	-1.15573
-5.73525	-1.15569
-5.74308	-1.15516
-5.75101	-1.15463
-5.75884	-1.15385
-5.76642	-1.15324
-5.77447	-1.15225
-5.78211	-1.15128
-5.78953	-1.15007
-5.797	-1.1488
-5.80434	-1.14743
-5.81132	-1.14665
-5.81846	-1.14545
-5.82572	-1.14415
-5.83304	-1.14285
-5.84087	-1.14213
-5.84939	-1.14195
-5.85768	-1.14216
-5.86596	-1.14267
-5.87424	-1.14324
-5.88271	-1.14326
-5.89108	-1.1433
-5.89968	-1.14317
-5.90829	-1.14309
-5.91661	-1.1429
-5.92491	-1.14278
-5.93394	-1.14235
-5.94289	-1.14175
-5.95171	-1.14103
-5.96095	-1.14048
-5.97006	-1.14007
-5.97883	-1.13966
-5.98786	-1.13884
-5.99666	-1.13774
-6.00578	-1.13664
-6.01446	-1.13552
-6.02261	-1.13449
-6.03071	-1.13284
-6.03807	-1.13065
-6.04503	-1.12866
-6.0519	-1.12652
-6.05891	-1.12388
-6.06603	-1.12212
-6.07337	-1.12006
-6.08044	-1.11804
-6.08753	-1.11589
-6.09483	-1.11385
-6.10245	-1.11148
-6.11019	-1.10863
-6.11781	-1.10583
-6.12495	-1.10278
-6.13215	-1.09974
-6.13917	-1.09685
-6.1458	-1.09344
-6.1519	-1.09035
-6.15748	-1.08755
-6.16303	-1.08428
-6.16906	-1.08069
-6.17535	-1.07707
-6.18177	-1.07344
-6.18839	-1.06962
-6.19502	-1.06576
-6.20183	-1.06123
-6.20868	-1.05599
-6.21555	-1.05133
-6.2224	-1.04674
-6.22986	-1.04244
-6.23774	-1.03867
-6.24562	-1.03494
-6.25333	-1.03127
-6.26112	-1.02756
-6.26849	-1.02413
-6.27588	-1.02163
-6.28367	-1.01884
-6.29139	-1.01604
-6.2995	-1.01355
-6.30769	-1.01047
-6.31577	-1.00736
-6.32362	-1.00427
-6.33137	-1.00116
-6.33835	-0.998127
-6.34528	-0.995103
-6.35159	-0.99192
-6.35837	-0.988584
-6.36475	-0.985082
-6.37105	-0.98141
-6.3774	-0.977643
-6.38383	-0.973817
-6.39057	-0.970502
-6.3969	-0.966979
-6.40341	-0.9636
-6.41051	-0.960507
-6.4175	-0.957344
-6.42464	-0.954153
-6.43172	-0.951021
-6.43832	-0.947834
-6.4449	-0.944733
-6.45182	-0.941392
-6.45868	-0.938141
-6.46581	-0.934892
-6.47275	-0.931304
-6.47985	-0.92723
-6.48692	-0.923082
-6.49396	-0.918743
-6.50102	-0.914511
-6.50846	-0.910188
-6.51571	-0.905627
-6.52304	-0.900639
-6.53023	-0.896225
-6.53733	-0.891629
-6.54431	-0.886861
-6.55125	-0.882007
-6.55814	-0.877087
-6.56471	-0.872407
-6.5716	-0.868426
-6.5789	-0.864587
-6.58629	-0.860873
-6.59381	-0.857184
-6.60033	-0.853456
-6.60693	-0.849646
-6.61403	-0.846296
-6.62185	-0.842653
-6.62936	-0.838976
-6.63673	-0.834519
-6.64415	-0.830177
-6.65215	-0.825617
-6.6596	-0.82106
-6.66694	-0.816803
-6.67288	-0.812659
-6.6791	-0.808695
-6.68525	-0.804628
-6.69159	-0.801654
-6.69821	-0.798916
-6.70485	-0.795889
-6.71193	-0.793138
-6.71901	-0.790358
-6.72635	-0.787611
-6.73364	-0.784938
-6.74114	-0.782093
-6.74859	-0.779163
-6.75598	-0.776339
-6.76341	-0.773503
-6.77098	-0.770282
-6.77823	-0.766792
-6.78588	-0.764038
-6.79267	-0.761651
-6.79932	-0.758854
-6.80546	-0.756462
-6.81216	-0.753998
-6.81892	-0.75133
-6.8259	-0.747585
-6.83303	-0.744251
-6.8402	-0.741184
-6.84764	-0.738555
-6.85513	-0.736294
-6.86278	-0.733302
-6.87025	-0.730213
-6.87771	-0.727176
-6.88473	-0.723513
-6.89188	-0.719973
-6.89949	-0.71559
-6.90611	-0.711505
-6.9126	-0.707267
-6.91888	-0.703263
-6.92524	-0.699181
-6.93175	-0.694801
-6.93834	-0.69021
-6.94527	-0.685549
-6.95169	-0.681372
-6.95811	-0.677043
-6.96421	-0.672473
-6.97031	-0.668007
-6.97715	-0.663693
-6.98307	-0.658966
-6.98911	-0.654203
-6.99516	-0.64933
-7.00135	-0.644301
-7.00732	-0.639485
-7.01309	-0.634323
-7.01831	-0.628938
-7.02362	-0.623541
-7.02942	-0.617699
-7.03538	-0.612459
-7.04026	-0.607379
-7.0453	-0.60247
-7.05065	-0.596888
-7.05578	-0.591676
-7.06103	-0.586301
-7.06637	-0.580799
-7.07205	-0.575131
-7.07786	-0.568734
-7.08328	-0.563546
-7.08873	-0.558233
-7.09471	-0.552692
-7.1011	-0.547163
-7.10735	-0.54289
-7.11378	-0.53835
-7.12021	-0.533823
-7.127	-0.528638
-7.13357	-0.52365
-7.14	-0.518583
-7.14638	-0.513531
-7.15279	-0.508536
-7.15877	-0.503431
-7.16479	-0.498159
-7.17088	-0.49316
-7.17701	-0.488165
-7.18284	-0.483543
-7.18924	-0.479097
-7.19536	-0.474586
-7.20133	-0.469591
-7.20719	-0.464602
-7.21358	-0.459685
-7.21959	-0.455265
-7.22603	-0.45021
-7.2329	-0.44448
-7.23992	-0.438806
-7.24679	-0.433282
-7.2535	-0.427886
-7.26022	-0.422203
-7.26682	-0.416943
-7.27335	-0.411436
-7.27991	-0.40606
-7.28634	-0.400736
-7.29223	-0.394731
-7.29872	-0.388814
-7.30501	-0.38255
-7.31112	-0.376277
-7.31714	-0.370111
-7.32296	-0.363787
-7.32844	-0.357749
-7.33381	-0.351499
-7.33961	-0.345746
-7.34591	-0.339468
-7.35223	-0.333387
-7.35831	-0.327383
-7.364	-0.32098
-7.36932	-0.31496
-7.37458	-0.309128
-7.38025	-0.303687
-7.38571	-0.298099
-7.39118	-0.293174
-7.39659	-0.28792
-7.402	-0.282887
-7.40735	-0.277851
-7.41271	-0.272469
-7.41792	-0.266875
-7.42312	-0.261357
-7.42844	-0.255754
-7.4339	-0.250061
-7.43939	-0.24429
-7.44495	-0.23876
-7.45085	-0.233223
-7.45658	-0.227803
-7.46215	-0.222457
-7.46794	-0.217602
-7.47374	-0.212534
-7.47975	-0.207423
-7.48595	-0.202079
-7.49208	-0.196519
-7.49815	-0.190985
-7.50391	-0.185715
-7.50945	-0.180063
-7.5152	-0.174569
-7.52146	-0.168891
-7.5277	-0.163414
-7.53385	-0.157863
-7.53991	-0.152353
-7.5456	-0.146915
-7.55077	-0.141914
-7.55602	-0.136861
-7.56154	-0.13148
-7.56703	-0.126007
-7.57258	-0.120441
-7.57922	-0.115434
-7.58571	-0.110697
-7.59234	-0.106089
-7.59897	-0.101338
-7.60559	-0.0966318
-7.61243	-0.0916841
-7.61926	-0.0867538
-7.62662	-0.0822756
-7.63385	-0.0783203
-7.641	-0.0749365
-7.64738	-0.0715557
-7.65388	-0.0679966
-7.65909	-0.0644263
-7.6649	-0.0611721
-7.671	-0.0573766
-7.67783	-0.0536467
-7.68482	-0.0501515
-7.69247	-0.0460898
-7.69999	-0.042129
-7.70727	-0.0382505
-7.71523	-0.0340753
-7.72346	-0.0291428
-7.73127	-0.0244899
-7.73853	-0.0199467
-7.74586	-0.015216
-7.75237	-0.0111203
-7.75883	-0.00680437
-7.76561	-0.00281532
-7.77297	0.00141752
-7.78019	0.00559184
-7.78711	0.00961875
-7.7936	0.013759
-7.80059	0.0183906
-7.80786	0.0231599
-7.81482	0.0279298
-7.82201	0.0329541
-7.82909	0.037831
-7.83641	0.0428003
-7.8436	0.0472542
-7.85026	0.0510521
-7.85647	0.0547529
-7.86263	0.0583478
-7.86846	0.0624229
-7.87341	0.06727
-7.87853	0.072117
-7.88403	0.0770809
-7.88974	0.0821229
-7.89573	0.0878241
-7.90191	0.0934598
-7.90797	0.0990108
-7.91435	0.104525
-7.92072	0.109857
-7.92815	0.115179
-7.93534	0.119856
-7.94263	0.125038
-7.95027	0.129751
-7.95744	0.134218
-7.96521	0.138813
-7.97281	0.143302
-7.9806	0.147651
-7.98817	0.152098
-7.99578	0.156215
-8.00373	0.159726
-8.01161	0.163078
-8.01962	0.166011
-8.02592	0.168782
-8.03294	0.171603
-8.04005	0.174766
-8.04736	0.178608
-8.05424	0.182545
-8.06116	0.187305
-8.06794	0.192072
-8.07477	0.196537
-8.0819	0.200716
-8.08814	0.204772
-8.09427	0.209065
-8.09989	0.213228
-8.10527	0.218095
-8.11083	0.223182
-8.11646	0.228366
-8.12253	0.234182
-8.12845	0.239899
-8.13448	0.245767
-8.14049	0.251493
-8.14672	0.257623
-8.15308	0.263321
-8.15931	0.26893
-8.16497	0.274007
-8.17083	0.279227
-8.17715	0.284516
-8.18343	0.289782
-8.19014	0.294516
-8.1966	0.298699
-8.20344	0.303205
-8.20996	0.30758
-8.21684	0.3123
-8.2235	0.316469
-8.23058	0.320601
-8.23775	0.324576
-8.2443	0.329013
-8.25028	0.333023
-8.25689	0.336794
-8.26371	0.340564
-8.27096	0.344231
-8.27849	0.347734
-8.2861	0.351055
-8.29403	0.354171
-8.30219	0.356916
-8.31035	0.359478
-8.31831	0.36152
-8.32655	0.363874
-8.33467	0.366312
-8.34366	0.368883
-8.35214	0.372377
-8.36055	0.375872
-8.36968	0.379176
-8.37839	0.382321
-8.38718	0.385213
-8.39632	0.388191
-8.40536	0.39144
-8.41421	0.394503
-8.42294	0.397245
-8.43134	0.400031
-8.43996	0.402963
-8.44837	0.405831
-8.45701	0.408785
-8.46541	0.411637
-8.47401	0.413997
-8.48163	0.416515
-8.48927	0.41908
-8.49661	0.422126
-8.50423	0.424964
-8.51203	0.427824
-8.51976	0.430656
-8.52732	0.43329
-8.53538	0.435807
-8.543	0.437587
-8.55025	0.439766
-8.55768	0.44206
-8.56564	0.444996
-8.57321	0.448615
-8.58052	0.453
-8.58783	0.457436
-8.59457	0.462091
-8.60163	0.466646
-8.60864	0.47117
-8.61588	0.4753
-8.6231	0.479452
-8.63022	0.484199
-8.63712	0.48896
-8.64414	0.493916
-8.6514	0.499473
-8.65852	0.504971
-8.66566	0.510225
-8.67271	0.515595
-8.67938	0.520782
-8.68598	0.525921
-8.69253	0.531062
-8.69923	0.5364
-8.70659	0.542137
-8.7138	0.547909
-8.7209	0.553392
-8.7277	0.558776
-8.73451	0.565137
-8.7407	0.570973
-8.74738	0.576603
-8.75397	0.58214
-8.76139	0.586656
-8.76881	0.591042
-8.77548	0.596112
-8.78197	0.600735
-8.78775	0.60544
-8.79437	0.610267
-8.80068	0.615098
-8.80693	0.619572
-8.81292	0.624463
-8.81902	0.629234
-8.82488	0.633878
-8.8308	0.638576
-8.83665	0.642648
-8.84264	0.646159
-8.84827	0.649619
-8.85413	0.653279
-8.85997	0.65724
-8.86562	0.661471
-8.87186	0.665277
-8.87822	0.669235
-8.88464	0.673246
-8.89167	0.677124
-8.8986	0.680476
-8.90553	0.68381
-8.91233	0.686617
-8.91908	0.689399
-8.92505	0.691822
-8.9315	0.694353
-8.93817	0.697107
-8.94521	0.699965
-8.95224	0.702799
-8.95892	0.70538
-8.96583	0.70827
-8.97253	0.711077
-8.97932	0.714047
-8.98626	0.717156
-8.99292	0.720179
-8.99973	0.723232
-9.0073	0.726421
-9.01519	0.729455
-9.02286	0.732823
-9.03021	0.735971
-9.03785	0.738749
-9.04574	0.741928
-9.05362	0.745539
-9.06144	0.749119
-9.06811	0.75224
-9.07521	0.755857
-9.08289	0.759764
-9.09027	0.7636
-9.09796	0.768198
-9.10566	0.772677
-9.11308	0.777245
-9.11997	0.781172
-9.12697	0.785085
-9.13433	0.789146
-9.14228	0.793387
-9.15067	0.797532
-9.15936	0.801382
-9.16778	0.805205
-9.17653	0.809723
-9.18502	0.814168
-9.1932	0.817666
-9.20105	0.821018
-9.20877	0.824408
-9.21642	0.827761
-9.22402	0.831101
-9.23139	0.833966
-9.23891	0.836949
-9.24643	0.840021
-9.25441	0.843162
-9.26196	0.846197
-9.26827	0.849025
-9.27498	0.852458
-9.28125	0.855454
-9.28719	0.858153
-9.29339	0.86093
-9.2997	0.86427
-9.30615	0.867839
-9.31243	0.871432
-9.31909	0.875111
-9.32596	0.878677
-9.33207	0.881586
-9.33823	0.884685
-9.34478	0.887981
-9.35151	0.891319
-9.35844	0.89476
-9.36537	0.897992
-9.37254	0.901276
-9.37962	0.90473
-9.38673	0.908244
-9.39401	0.911861
-9.40119	0.915746
-9.40724	0.919582
-9.41352	0.923475
-9.41957	0.927316
-9.42497	0.931576
-9.43057	0.935954
-9.43584	0.939805
-9.44149	0.943945
-9.44736	0.947997
-9.45324	0.951812
-9.45952	0.955819
-9.46599	0.960707
-9.47244	0.965564
-9.47872	0.971329
-9.48461	0.977256
-9.49044	0.982871
-9.49629	0.988631
-9.50276	0.994351
-9.50918	1.00013
-9.51615	1.00591
-9.52282	1.01132
-9.5294	1.01671
-9.53673	1.02185
-9.54413	1.02711
-9.55165	1.03238
-9.55907	1.03752
-9.56596	1.04252
-9.57294	1.04747
-9.57979	1.05229
-9.58685	1.05704
-9.59399	1.06167
-9.60172	1.0655
-9.60864	1.06928
-9.61487	1.07297
-9.62099	1.07715
-9.62714	1.08158
-9.63348	1.08573
-9.63965	1.08993
-9.64601	1.09439
-9.65257	1.09889
-9.65902	1.10334
-9.66528	1.10778
-9.67167	1.11238
-9.67839	1.11718
-9.68514	1.1218
-9.69131	1.12734
-9.6976	1.13294
-9.70376	1.13856
-9.70992	1.14422
-9.71575	1.14906
-9.72152	1.15384
-9.72637	1.1586
-9.73127	1.16343
-9.73662	1.16833
-9.74222	1.17335
-9.74819	1.17807
-9.75482	1.18298
-9.76115	1.18836
-9.76772	1.1935
-9.77384	1.19799
-9.78	1.20259
-9.7862	1.20725
-9.79214	1.21189
-9.79811	1.21661
-9.80432	1.22134
-9.81119	1.22623
-9.81784	1.23137
-9.82476	1.23685
-9.83123	1.2418
-9.83769	1.24665
-9.84386	1.25139
-9.85006	1.25616
-9.85635	1.26113
-9.86247	1.26584
-9.86868	1.2706
-9.87492	1.27541
-9.88107	1.27951
-9.88771	1.28376
-9.89421	1.28831
-9.90073	1.29223
-9.90738	1.29629
-9.91456	1.30001
-9.92211	1.30333
-9.93	1.30683
-9.93748	1.3102
-9.94481	1.31376
-9.95203	1.31732
-9.95879	1.32082
-9.96655	1.32495
-9.97435	1.329
-9.98212	1.33261
-9.98989	1.33608
-9.99759	1.33945
-10.0053	1.34295
-10.0135	1.34665
-10.0214	1.3503
-10.03	1.35465
-10.0379	1.35914
-10.0456	1.36339
-10.0539	1.36752
-10.0622	1.37247
-10.0702	1.37765
-10.0781	1.38275
-10.086	1.38786
-10.093	1.39254
-10.099	1.39715
-10.1054	1.4016
-10.1125	1.40541
-10.1191	1.40902
-10.1261	1.41306
-10.1331	1.41709
-10.1403	1.42107
-10.1474	1.42518
-10.1548	1.43008
-10.1613	1.43522
-10.1676	1.44051
-10.1735	1.44641
-10.1792	1.45205
-10.1848	1.45737
-10.1904	1.46271
-10.196	1.46753
-10.202	1.47245
-10.208	1.47738
-10.213	1.48256
-10.219	1.48814
-10.2256	1.49364
-10.2322	1.49926
-10.239	1.50522
-10.2454	1.51173
-10.2511	1.51849
-10.2574	1.52568
-10.2634	1.53285
-10.2695	1.54023
-10.2753	1.54727
-10.2809	1.55479
-10.2869	1.56185
-10.2928	1.56865
-10.2984	1.57525
-10.3041	1.58171
-10.31	1.58845
-10.3159	1.59508
-10.3223	1.60142
-10.3285	1.60766
-10.3346	1.61368
-10.3405	1.61937
-10.3464	1.62505
-10.3522	1.63065
-10.3579	1.63614
-10.3633	1.64208
-10.3688	1.64783
-10.3743	1.65358
-10.3798	1.6598
-10.3854	1.66521
-10.3911	1.67056
-10.396	1.67596
-10.4009	1.68166
-10.4063	1.68756
-10.4121	1.69389
-10.418	1.70019
-10.4241	1.70637
-10.4301	1.71259
-10.4358	1.71882
-10.4409	1.72449
-10.446	1.73085
-10.4508	1.73706
-10.4555	1.74348
-10.4601	1.74999
-10.4642	1.75645
-10.4686	1.76272
-10.4731	1.76903
-10.4782	1.77552
-10.4834	1.78196
-10.4886	1.78779
-10.4937	1.79315
-10.499	1.7988
-10.5049	1.80417
-10.5104	1.80973
-10.5158	1.81489
-10.5209	1.81959
-10.5262	1.82454
-10.5323	1.82953
-10.5385	1.83457
-10.5448	1.83947
-10.5515	1.84398
-10.5583	1.84901
-10.565	1.8539
-10.5714	1.85883
-10.578	1.86401
-10.5849	1.86912
-10.5913	1.87447
-10.5976	1.87971
-10.6036	1.88601
-10.6096	1.89133
-10.6158	1.89646
-10.6224	1.9015
-10.6275	1.90677
-10.6323	1.91168
-10.6372	1.9167
-10.642	1.92279
-10.6462	1.92879
-10.6505	1.93491
-10.6543	1.94101
-10.6577	1.94715
-10.6611	1.9542
-10.6644	1.96176
-10.6678	1.96963
-10.6703	1.97719
-10.6729	1.98443
-10.6758	1.99178
-10.6784	1.99883
-10.6812	2.0059
-10.6838	2.01306
-10.6864	2.02032
-10.6896	2.02727
