0.0410511	-0.00482194
0.0644267	-0.00681314
0.100793	-0.0204419
0.110406	-0.0276604
0.120073	-0.0324672
0.119342	-0.0379874
0.118055	-0.0439874
0.12935	-0.0461053
0.132827	-0.0474323
0.130084	-0.0535361
0.112938	-0.0534215
0.11737	-0.053647
0.10767	-0.0385204
0.104781	-0.0392236
0.111336	-0.0483214
0.107308	-0.0445349
0.103566	-0.0395865
0.102132	-0.0397699
0.100785	-0.0377956
0.0926773	-0.0405447
0.102081	-0.0503504
0.110644	-0.0497396
0.104063	-0.0412331
0.0981813	-0.0507629
0.0830847	-0.0582
0.0795209	-0.0510562
0.0758574	-0.0532731
0.0723521	-0.0565487
0.0660168	-0.0587165
0.0769459	-0.0744388
0.0683762	-0.0769564
0.0641943	-0.0777862
0.0586414	-0.0700905
0.0493706	-0.0777665
0.0359826	-0.0767148
0.028939	-0.0744189
0.0269903	-0.0735772
0.0205457	-0.0710184
0.029324	-0.0703237
0.0327615	-0.069209
0.0355721	-0.0655379
0.0363428	-0.0563692
0.0473314	-0.0516946
0.0639507	-0.0635896
0.0627574	-0.0644942
0.0518774	-0.0796145
0.0417406	-0.0779979
0.0453389	-0.0758332
0.0408883	-0.058212
0.0468897	-0.0613586
0.0517417	-0.0661876
0.0565798	-0.0682969
0.0600576	-0.0762795
0.0626202	-0.0765535
0.0656166	-0.0756219
0.0701198	-0.0760092
0.0848635	-0.0720956
0.0869484	-0.0712866
0.0901953	-0.0694852
0.0884181	-0.0576165
0.107325	-0.0612985
0.102395	-0.0529081
0.101747	-0.0562082
0.0996826	-0.0551669
0.10333	-0.0685194
0.103022	-0.0697445
0.102619	-0.0692957
0.109961	-0.0743848
0.107378	-0.0771613
0.113861	-0.069295
0.105594	-0.075053
0.110661	-0.0740479
0.120971	-0.0731684
0.126462	-0.0741225
0.124493	-0.0749737
0.129653	-0.0749985
0.138383	-0.0724123
0.139794	-0.0780337
0.147559	-0.0710699
0.150005	-0.0594062
0.140262	-0.0730321
0.140077	-0.0656746
0.139505	-0.0598105
0.143915	-0.0655959
0.142767	-0.0619004
0.132798	-0.0596336
0.135322	-0.0567801
0.117134	-0.0468999
0.119401	-0.0512514
0.128738	-0.0514524
0.126703	-0.0515389
0.129828	-0.0457075
0.131211	-0.0451428
0.146152	-0.0442426
0.15453	-0.0485812
0.143919	-0.0497438
0.151302	-0.0542784
0.145727	-0.0596511
0.130122	-0.0304906
0.132975	-0.0280632
0.13516	-0.0291561
0.140321	-0.0224327
0.142463	-0.023977
0.147033	-0.030759
0.148622	-0.0248422
0.146517	-0.0388963
0.146657	-0.0406739
0.14975	-0.0420133
0.150352	-0.0420629
0.151375	-0.0459136
0.149132	-0.0518964
0.153845	-0.0483025
0.158972	-0.0497204
0.181612	-0.0552088
0.17701	-0.0609442
0.176663	-0.045033
0.173598	-0.0554539
0.165823	-0.0574726
0.160574	-0.0576739
0.165928	-0.0479304
0.162482	-0.0482347
0.166389	-0.0503953
0.167193	-0.057634
0.164731	-0.0585996
0.159721	-0.0624213
0.153914	-0.055389
0.154709	-0.0552258
0.153944	-0.0566042
0.157841	-0.0701807
0.166574	-0.0674821
0.155453	-0.0693837
0.149969	-0.068309
0.144987	-0.0702876
0.141077	-0.0693909
0.13865	-0.0759931
0.126344	-0.070636
0.119956	-0.0842978
0.121797	-0.0873525
0.117641	-0.0842178
0.122349	-0.0734383
0.135604	-0.0655676
0.158267	-0.0623296
0.164784	-0.0474957
0.164692	-0.0528062
0.167328	-0.0406104
0.177298	-0.0423447
0.170309	-0.0403168
0.180891	-0.0487619
0.168125	-0.0468582
0.170178	-0.0453687
0.176946	-0.0351791
0.158023	-0.0395322
0.15519	-0.0288571
0.148188	-0.031343
0.123057	-0.0305232
0.123783	-0.0291099
0.136456	-0.025694
0.136498	-0.0246936
0.136403	-0.0276004
0.139983	-0.0256547
0.141867	-0.0394721
0.136834	-0.0489008
0.142009	-0.0415158
0.156159	-0.0286479
0.158034	-0.0261892
0.161946	-0.0308387
0.142043	-0.0483496
0.13854	-0.0274298
0.155929	-0.0307945
0.168476	-0.036091
0.155766	-0.0306864
0.14847	-0.0140838
0.154297	-0.0122992
0.175963	-0.00391468
0.160837	0.00348071
0.141993	0.00636248
0.145408	0.0020281
0.141332	-0.00380311
0.154718	-0.0164541
0.156787	-0.0153139
0.156534	-0.0171771
0.140756	-0.0184617
0.141352	-0.0114103
0.145345	-0.00711714
0.121652	0.00121091
0.129998	0.0059031
0.116457	0.0155724
0.110903	-0.00814154
0.130709	-0.000702057
0.142376	0.0114532
0.14471	0.0189922
0.149438	0.0404508
0.152038	0.0399648
0.155951	0.040324
0.15607	0.0470001
0.154628	0.0523563
0.154808	0.0571324
0.169432	0.0455781
0.171842	0.0447611
0.16894	0.0381612
0.169081	0.0362703
0.166947	0.0506835
0.16984	0.0571628
0.179472	0.059598
0.175199	0.0540603
0.17213	0.0532347
0.174073	0.0531237
0.167873	0.049359
0.159207	0.0340699
0.154067	0.0432602
0.154757	0.0451482
0.153861	0.044041
0.152688	0.0432253
0.150949	0.0526219
0.149831	0.038713
0.149826	0.0404738
0.151425	0.0416307
0.152437	0.0831292
0.14971	0.0768641
0.147632	0.0707318
0.147836	0.091939
0.148979	0.0805552
0.15825	0.068793
0.162972	0.0625638
0.163956	0.063185
0.161682	0.0576657
0.153714	0.0556537
0.13574	0.0410922
0.139493	0.0396517
0.123187	0.0396608
0.111975	0.0212126
0.141377	0.0400452
0.140989	0.0406075
0.140522	0.0473848
0.141521	0.0455574
0.150691	0.0393089
0.151509	0.0518229
0.15002	0.0477328
0.157662	0.0398334
0.164305	0.043565
0.159278	0.0521754
0.160195	0.0590069
0.159836	0.0515859
0.162425	0.052213
0.162408	0.0656496
0.163057	0.0599622
0.162867	0.0565783
0.164327	0.0522722
0.143074	0.040023
0.139654	0.0367864
0.143061	0.0375395
0.147091	0.0424476
0.150387	0.0454654
0.150971	0.0464925
0.139268	0.0499305
0.145242	0.053332
0.150864	0.0579108
0.154608	0.0636212
0.158144	0.0629825
0.162377	0.0613996
0.157044	0.0622363
0.148907	0.0633231
0.144201	0.0679571
0.144683	0.0713066
0.137277	0.0732145
0.130877	0.0759909
0.128452	0.0774999
0.14497	0.0708289
0.143583	0.0664591
0.135401	0.0615154
0.134969	0.0775008
0.131947	0.0850693
0.131176	0.108839
0.134547	0.109148
0.120878	0.101704
0.125009	0.0861469
0.115237	0.10471
0.115265	0.101679
0.110269	0.0953832
0.118005	0.103781
0.114913	0.102313
0.11415	0.103138
0.108719	0.099913
0.0962	0.0950712
0.094892	0.100245
0.105665	0.106651
0.10911	0.104875
0.105552	0.0921861
0.102352	0.098553
0.106175	0.104234
0.0892038	0.0997962
0.0962696	0.102727
0.0930763	0.0993516
0.102075	0.101539
0.104041	0.0976738
0.103056	0.086287
0.104917	0.0860506
0.103559	0.0902639
0.0998573	0.10276
0.093929	0.0993493
0.0965105	0.0997163
0.0965163	0.103231
0.0945554	0.103239
0.121705	0.100326
0.121865	0.112816
0.120432	0.111711
0.118061	0.116174
0.114629	0.120363
0.113054	0.129038
0.0877654	0.134389
0.088051	0.131466
0.0881097	0.130347
0.100841	0.125073
0.0953303	0.130061
0.0971447	0.136168
0.102461	0.132055
0.106526	0.136124
0.102951	0.139401
0.103924	0.139489
0.0992279	0.143461
0.0931919	0.133795
0.0926816	0.135003
0.10645	0.128364
0.0991598	0.126614
0.106547	0.131119
0.100595	0.123548
0.100727	0.123077
0.0975308	0.124455
0.100955	0.11485
0.0872251	0.118908
0.0856311	0.129298
0.087988	0.126693
0.0922874	0.1315
0.0862164	0.12594
0.0986168	0.117502
0.111612	0.124662
0.101604	0.130453
0.084997	0.129541
0.0859981	0.128439
0.0596987	0.143506
0.065148	0.140748
0.0699232	0.139637
0.0921765	0.129543
0.0871087	0.138487
0.0848917	0.153596
0.0904342	0.140011
0.0942616	0.145785
0.0978113	0.147457
0.103127	0.138105
0.111445	0.138272
0.0927444	0.12916
0.094086	0.128367
0.0906829	0.12503
0.0882783	0.124634
0.0936549	0.141169
0.0892146	0.120687
0.0885229	0.119714
0.0885125	0.120619
0.076261	0.113667
0.0738125	0.116637
0.0786249	0.12691
0.0785514	0.134479
0.0786114	0.144675
0.0762102	0.14165
0.0811353	0.132284
0.0776265	0.136861
0.0672053	0.131641
0.0634194	0.132785
0.0598592	0.128791
0.0702574	0.127374
0.0623567	0.130808
0.0675933	0.114318
0.069302	0.117489
0.0695841	0.115205
0.0729324	0.137942
0.0641549	0.143707
0.0460642	0.148513
0.0482102	0.146786
0.0452977	0.134779
0.0490473	0.133571
0.0626084	0.124366
0.0616942	0.128754
0.0622542	0.133292
0.0613242	0.141717
0.0631921	0.144121
0.0667452	0.158234
0.0730119	0.167027
0.0639423	0.178631
0.0637416	0.197253
0.0591515	0.182093
0.0496206	0.183935
0.0675829	0.186172
0.0644856	0.175599
0.0610473	0.154984
0.0632944	0.151183
0.0673716	0.152249
0.0568433	0.150992
0.058574	0.148261
0.0608796	0.146557
0.0616437	0.137472
0.0559433	0.150297
0.0533259	0.162904
0.0557149	0.164222
0.0584538	0.164392
0.0601889	0.160092
0.0656997	0.158825
0.0777307	0.150746
0.0875776	0.146135
0.0869972	0.146323
0.0903548	0.145574
0.0825435	0.155238
0.0806363	0.156095
0.0750297	0.14122
0.0636886	0.11853
0.0732063	0.12297
0.0807914	0.118331
0.0912355	0.124791
0.0871644	0.136092
0.090481	0.124733
0.0950058	0.125231
0.0848123	0.124906
0.0852831	0.116971
0.0870737	0.13334
0.0902038	0.132683
0.0884352	0.134011
0.0990213	0.129002
0.0853608	0.112556
0.0775686	0.114165
0.0940814	0.105321
0.0954887	0.114519
0.0945086	0.116055
0.0892089	0.117432
0.0845198	0.11243
0.0922738	0.114315
0.087195	0.119743
0.0968999	0.118039
0.0942392	0.110194
0.0965502	0.1101
0.10229	0.116424
0.104423	0.122335
0.094487	0.131155
0.0893548	0.123471
0.093951	0.119934
0.0975459	0.116184
0.0979573	0.100673
0.0998333	0.104847
0.106767	0.101919
0.111119	0.0964452
0.119311	0.0953094
0.121678	0.0913324
0.126857	0.094286
0.108872	0.0993896
0.117139	0.109669
0.121373	0.109226
0.114401	0.109765
0.127058	0.112084
0.135551	0.120912
0.136028	0.125871
0.113786	0.120694
0.127253	0.12272
0.100666	0.139906
0.109149	0.129781
0.102765	0.138675
0.105876	0.133836
0.0931011	0.139758
0.0947419	0.144541
0.0899828	0.156844
0.0908282	0.15301
0.091255	0.156971
0.0879321	0.152472
0.0863659	0.167516
0.0777968	0.171169
0.0633162	0.144177
0.0715723	0.162961
0.0536729	0.173405
0.0453192	0.172558
0.0327502	0.170928
0.0281747	0.159975
0.0207406	0.166075
0.0114083	0.166607
0.00620253	0.163677
0.00817023	0.15397
-0.00672311	0.140828
-0.00764281	0.136313
-0.0101605	0.141176
-0.00742689	0.142964
-0.0118945	0.145643
-0.00401985	0.148631
-0.00066519	0.156293
-0.00209255	0.155564
0.00253391	0.168746
0.000521196	0.164261
0.016071	0.155203
0.0114903	0.163407
0.0139407	0.144673
0.0198281	0.146957
0.0248529	0.146706
0.0316146	0.145669
0.0355727	0.140005
0.029633	0.124647
0.0369148	0.127934
0.0677858	0.133314
0.0663081	0.136263
0.0828513	0.135925
0.088734	0.126239
0.0857548	0.123016
0.0890212	0.124393
0.0855239	0.126303
0.0836205	0.131497
0.0689034	0.12904
0.0566167	0.135774
0.0624936	0.130626
0.0692284	0.135917
0.0798313	0.131617
0.0819005	0.125802
0.0756072	0.121706
0.0534752	0.123658
0.0703877	0.1268
0.0803812	0.123813
0.0874139	0.120789
0.0831543	0.125876
0.095245	0.126078
0.105995	0.132236
0.110403	0.140101
0.100981	0.155284
0.0891527	0.152736
0.0960327	0.148338
0.0969415	0.139234
0.105825	0.132734
0.102881	0.135622
0.0975953	0.120536
0.089573	0.105872
0.0912105	0.113958
0.0962451	0.117087
0.0964863	0.11454
0.0960604	0.118912
0.0964146	0.113654
0.0970583	0.113645
0.0993438	0.115306
0.104023	0.133275
0.0904573	0.120204
0.0933238	0.118771
0.0916038	0.11243
0.085635	0.118312
0.0894291	0.117167
0.0890269	0.117853
0.094287	0.113817
0.098577	0.106078
0.091427	0.116415
0.0937907	0.111452
0.0881112	0.102636
0.0916108	0.103221
0.0845172	0.114421
0.0851801	0.107357
0.0903075	0.107917
0.0831796	0.108723
0.0766102	0.101305
0.0836232	0.10297
0.102085	0.102931
0.106404	0.104656
0.0980191	0.0956539
0.0945143	0.0923977
0.0987332	0.0935543
0.106366	0.0981446
0.113982	0.0909403
0.106402	0.0777909
0.102743	0.0814518
0.11545	0.0888427
0.105079	0.0901727
0.104849	0.0841816
0.0975546	0.092319
0.107436	0.105424
0.104121	0.109424
0.0848501	0.123083
0.0858804	0.117663
0.0859132	0.11577
0.0811013	0.113915
0.0890505	0.120088
0.0734114	0.116499
0.0827401	0.111875
0.0868453	0.114946
0.0924338	0.116149
0.104029	0.10906
0.110071	0.116465
0.112325	0.11773
0.107223	0.123126
0.112033	0.118921
0.11466	0.121482
0.110766	0.123403
0.107412	0.124924
0.111643	0.124946
0.110873	0.123194
0.111751	0.117529
0.107785	0.117807
0.105004	0.121087
0.106564	0.118977
0.115131	0.132958
0.113458	0.130057
0.112023	0.128904
0.10453	0.135715
0.105953	0.131005
0.0906435	0.130319
0.0877815	0.146407
0.0921358	0.143775
0.0825848	0.152904
0.0807322	0.152256
0.0808913	0.162961
0.0847873	0.159018
0.0826578	0.152809
0.0824603	0.152958
0.0857863	0.160478
0.0733985	0.164567
0.0779329	0.157101
0.0848577	0.151216
0.0763755	0.166066
0.0760211	0.168037
0.0802727	0.160483
0.0817832	0.15424
0.0904114	0.156262
0.0999726	0.14953
0.0984978	0.145081
0.0981508	0.141174
0.0933755	0.141469
0.0905565	0.13295
0.0902855	0.134304
0.087919	0.145952
0.0852889	0.138407
0.080911	0.14415
0.0895882	0.154144
0.0733097	0.149652
0.0694562	0.146526
0.075637	0.140331
0.0834697	0.125679
0.0862539	0.126477
0.0917862	0.128165
0.0918732	0.129367
0.0753071	0.131741
0.0784809	0.130939
0.0800361	0.132108
0.0769476	0.146092
0.0942601	0.15064
0.0942877	0.147072
0.123233	0.14264
0.128716	0.154891
0.12198	0.158336
0.115419	0.15399
0.103247	0.149808
0.0911701	0.147915
0.0898722	0.145155
0.0865914	0.140379
0.0888621	0.135586
0.0757645	0.139524
0.0782478	0.133399
0.0789291	0.129094
0.0802257	0.132494
0.0747042	0.151804
0.0738127	0.151502
0.0744304	0.150254
0.0755322	0.147443
0.0777614	0.145269
0.0802749	0.143351
0.0700016	0.147323
0.0643016	0.144293
0.0548944	0.139407
0.0499962	0.146481
0.0515232	0.150483
0.0517265	0.152688
0.0564134	0.151923
0.0584863	0.151971
0.0576342	0.145958
0.0591549	0.149972
0.0560019	0.140459
0.04114	0.162334
0.0691741	0.15984
0.0689597	0.156644
0.0559851	0.166043
0.0535696	0.162977
0.0471168	0.164736
0.0591587	0.154293
0.0641549	0.154491
0.0682997	0.154792
0.0661054	0.137733
0.0678101	0.144506
0.0669324	0.14368
0.0562148	0.155089
0.0439339	0.164589
0.0452844	0.161627
0.0454536	0.161103
0.0411869	0.154939
0.0396052	0.153504
0.0317562	0.156648
0.0339974	0.164714
0.0353787	0.162212
0.0325732	0.163464
0.0482692	0.165071
0.0485183	0.162266
0.0576777	0.160693
0.0563638	0.158233
0.0509236	0.153418
0.055529	0.14775
0.0445903	0.166478
0.0525324	0.168499
0.0524938	0.162883
0.0552385	0.160021
0.0565471	0.157955
0.0590033	0.142285
0.0620797	0.140895
0.0619948	0.140004
0.054496	0.137164
0.0656942	0.138385
0.0579426	0.142452
0.0605773	0.142039
0.0625768	0.14108
0.0673805	0.148862
0.0692335	0.14415
0.0631187	0.13264
0.0577316	0.150225
0.0631241	0.14393
0.0682715	0.141071
0.0695359	0.137786
0.0767112	0.138076
0.0668305	0.134503
0.0752658	0.131561
0.0781432	0.130699
0.0873867	0.100089
0.0821748	0.109719
0.0802526	0.115362
0.0804213	0.11746
0.0788	0.115817
0.0801236	0.116861
0.0921635	0.123641
0.0941228	0.129696
0.0959529	0.136035
0.0901235	0.137764
0.0884617	0.12871
0.0957357	0.136158
0.0926711	0.134938
0.0793416	0.142503
0.0852171	0.141812
0.0860049	0.145907
0.0915267	0.139292
0.0881892	0.134456
0.0958218	0.135199
0.0941544	0.132058
0.0922428	0.115214
0.083781	0.126614
0.0873536	0.118262
0.0860551	0.118159
0.0852234	0.136008
0.0952277	0.13317
0.0967195	0.119673
0.103492	0.121826
0.106422	0.13307
0.111368	0.136456
0.108539	0.132723
0.105974	0.133844
0.101925	0.131776
0.101839	0.125352
0.0968086	0.122304
0.0993284	0.130995
0.0904792	0.128179
0.081903	0.112179
0.0789209	0.115447
0.063478	0.102192
0.0650409	0.102422
0.06987	0.107516
0.0762934	0.109145
0.0888768	0.117454
0.0861149	0.125904
0.0800791	0.121327
0.0729316	0.135125
0.0755289	0.138537
0.074089	0.138136
0.0741939	0.134656
0.0822673	0.145015
0.0809257	0.139155
0.0978447	0.134812
0.0996781	0.126444
0.094855	0.128888
0.0975728	0.127654
0.0972584	0.132557
0.0937189	0.122776
0.0872916	0.125419
0.0879179	0.115823
0.0798469	0.136004
0.0806207	0.141444
0.0758867	0.144933
0.0578501	0.159583
0.0579993	0.154812
0.0554249	0.15095
0.0551697	0.15254
0.0458071	0.14514
0.0476647	0.14704
0.0490411	0.153271
0.0622434	0.178572
0.0620003	0.179618
0.0601164	0.174692
0.0595482	0.172735
0.0547182	0.154642
0.0530169	0.143515
0.0494644	0.158224
0.0471248	0.153398
0.0522803	0.148033
0.0476288	0.141759
0.0472977	0.15861
0.0506932	0.160788
0.0652373	0.156308
0.0622597	0.155871
0.0760459	0.147356
0.0449294	0.14862
0.0463986	0.154909
0.0257671	0.148776
0.0272211	0.148901
0.0358315	0.147616
0.0377382	0.149189
0.0397901	0.15122
0.0368374	0.153088
0.0438161	0.154759
0.0445307	0.156213
0.0433309	0.15633
0.0355997	0.165963
0.0486684	0.168429
0.0447522	0.164702
0.0356181	0.146943
0.0361051	0.146001
0.0376816	0.154368
0.0369872	0.155901
0.0358954	0.151201
0.0386196	0.156401
0.0390906	0.1555
0.0428693	0.151114
0.0458884	0.151875
0.0434158	0.155332
0.0325216	0.164097
0.0301143	0.154452
0.036321	0.124123
0.0357189	0.131517
0.0298559	0.134276
0.0289933	0.138569
0.0281969	0.149432
0.0271041	0.149327
0.0348616	0.16032
0.0348583	0.164747
0.0259025	0.165507
0.030429	0.165192
0.0263165	0.166657
0.0138751	0.157438
0.0345249	0.163929
0.0207333	0.161138
0.00976842	0.151656
0.00898706	0.140195
0.0106911	0.15496
0.0132249	0.14948
0.00752057	0.143141
0.00603826	0.143209
0.00384592	0.132362
-8.75063e-05	0.148229
0.00370553	0.156136
0.00437335	0.159398
0.0142162	0.162736
0.0173511	0.162085
0.00986444	0.157706
0.0153557	0.152618
-0.000202975	0.154281
0.00186619	0.153781
-0.00986592	0.153489
-0.00886461	0.145213
-0.0223442	0.142135
-0.0148409	0.157756
-0.0135617	0.1589
-0.0193278	0.146896
-0.0188593	0.151967
-0.0133942	0.153955
-0.00994284	0.154713
-0.00494978	0.155011
-0.00269576	0.140342
0.00428726	0.16022
0.0041148	0.159627
-0.000257414	0.161199
-0.00054408	0.162345
-0.0087211	0.157914
0.0128391	0.145956
0.0131996	0.146134
0.0083096	0.153481
-0.00172071	0.155185
0.00718513	0.152811
-0.00116206	0.164228
0.014604	0.151968
-0.00790499	0.147712
-0.00401547	0.144909
-0.0152541	0.153071
-0.0168895	0.15755
-0.0190782	0.151981
-0.0111385	0.157003
-0.01253	0.17472
-0.0134564	0.18022
-0.0103821	0.165507
-0.0148504	0.166215
-0.00805757	0.145537
-0.00814514	0.154427
0.00491473	0.154719
0.00104247	0.151044
-0.00831579	0.153171
-0.025567	0.151262
-0.0103352	0.151724
-0.0269603	0.150382
-0.0317052	0.157964
-0.029275	0.15988
-0.0205969	0.162748
-0.0288743	0.150717
-0.0334953	0.160327
-0.0334892	0.159957
-0.0359137	0.157697
-0.0312154	0.155444
-0.0354415	0.160269
-0.0401911	0.16362
-0.0329942	0.157863
-0.0545098	0.151467
-0.0641346	0.147462
-0.0632365	0.149164
-0.0566691	0.160716
-0.0501733	0.155746
-0.0552888	0.157951
-0.0574257	0.156568
-0.0573584	0.15206
-0.0657711	0.176026
-0.0630427	0.173384
-0.0680162	0.174203
-0.0888594	0.163994
-0.0883141	0.165779
-0.0852437	0.160035
-0.0829341	0.156338
-0.0835576	0.149995
-0.0819144	0.151736
-0.0575686	0.161611
-0.0633579	0.156378
-0.0740137	0.151974
-0.0849111	0.144276
-0.0846734	0.145175
-0.0966534	0.144346
-0.0953933	0.141047
-0.100535	0.137018
-0.0887433	0.124745
-0.112221	0.124483
-0.121044	0.119465
-0.12148	0.115374
-0.118597	0.0945995
-0.120516	0.0969365
-0.127078	0.0998324
-0.125464	0.107237
-0.128283	0.108955
-0.123618	0.100481
-0.131673	0.0814859
-0.146379	0.0865934
-0.141157	0.0883521
-0.134514	0.0793953
-0.129038	0.0944926
-0.127182	0.0936041
-0.124915	0.101332
-0.127841	0.102437
-0.113543	0.0983854
-0.11574	0.097729
-0.110722	0.0943413
-0.112788	0.0885545
-0.115275	0.0929531
-0.117395	0.0926604
-0.114871	0.0977968
-0.110678	0.088504
-0.109794	0.102155
-0.114718	0.0986185
-0.120692	0.0996087
-0.115745	0.100818
-0.124876	0.0863633
-0.125919	0.0844865
-0.120347	0.0951607
-0.112764	0.0974463
-0.118683	0.0868212
-0.120278	0.091426
-0.118727	0.0712911
-0.124602	0.0736764
-0.141058	0.0771547
-0.139095	0.0736072
-0.135202	0.0583508
-0.136502	0.0634875
-0.140417	0.0629835
-0.132778	0.0620697
-0.138274	0.0718632
-0.140857	0.0763662
-0.131089	0.087096
-0.132969	0.0882097
-0.129844	0.103209
-0.125344	0.0990946
-0.13647	0.0919885
-0.143665	0.0860307
-0.140953	0.0898687
-0.135909	0.0921657
-0.132539	0.0906185
-0.133491	0.0904382
-0.141505	0.0874074
-0.151815	0.0806994
-0.143084	0.0851462
-0.150496	0.0867838
-0.147344	0.0800229
-0.144251	0.0738233
-0.144365	0.0843412
-0.142895	0.0850064
-0.146795	0.0778388
-0.144253	0.0870466
-0.140407	0.0916646
-0.135414	0.088895
-0.150317	0.0885494
-0.149195	0.0886967
-0.139895	0.106902
-0.128578	0.0968223
-0.161348	0.0838225
-0.167364	0.0878945
-0.169203	0.0780365
-0.170851	0.0756725
-0.163919	0.0772544
-0.171524	0.0756317
-0.165244	0.0800074
-0.157191	0.0845001
-0.143647	0.081986
-0.140804	0.0818666
-0.142517	0.0810586
-0.148924	0.0805377
-0.149022	0.0840169
-0.158443	0.0936714
-0.153515	0.0926573
-0.150842	0.0954006
-0.152236	0.0823527
-0.144194	0.0809648
-0.140702	0.0800533
-0.140023	0.0800221
-0.136044	0.0781569
-0.133667	0.0798597
-0.134664	0.0793212
-0.133846	0.0803808
-0.130233	0.0820079
-0.137664	0.0812759
-0.138966	0.0879469
-0.140063	0.0841798
-0.139742	0.077135
-0.143492	0.0836655
-0.141922	0.0891131
-0.158708	0.0941568
-0.149254	0.0823664
-0.16195	0.103648
-0.154999	0.105819
-0.153844	0.10154
-0.157312	0.0889962
-0.151608	0.0914121
-0.145094	0.0961249
-0.144811	0.0974939
-0.136788	0.10097
-0.133647	0.117989
-0.127571	0.103185
-0.116732	0.113828
-0.115017	0.120108
-0.118837	0.128214
-0.130529	0.124378
-0.117709	0.109048
-0.101842	0.112621
-0.0981463	0.111421
-0.097722	0.119428
-0.13326	0.124959
-0.13181	0.123983
-0.128418	0.122898
-0.120676	0.126306
-0.115393	0.134366
-0.112444	0.123682
-0.114304	0.112609
-0.116929	0.109685
-0.12799	0.0974447
-0.13154	0.0914078
-0.129544	0.0861826
-0.118544	0.083329
-0.123817	0.0730097
-0.134265	0.0590731
-0.131095	0.0618713
-0.13845	0.0620282
-0.140357	0.0763766
-0.137562	0.0691776
-0.150364	0.0640832
-0.146936	0.0801995
-0.146747	0.0765661
-0.138662	0.0954332
-0.1328	0.0988242
-0.133845	0.0940835
-0.135593	0.0849138
-0.152086	0.0768913
-0.146509	0.0689854
-0.139981	0.056142
-0.131781	0.0481965
-0.139411	0.0421177
-0.146662	0.0373983
-0.149641	0.0405558
-0.145383	0.0517452
-0.157909	0.0504016
-0.163286	0.0549486
-0.170019	0.0494981
-0.166206	0.0300932
-0.156376	0.0197752
-0.157141	0.0125716
-0.158342	0.0132597
-0.15959	0.0127388
-0.157186	0.0192034
-0.130452	0.0217038
-0.134905	0.0190585
-0.136919	0.0117366
-0.149817	0.0170799
-0.148514	0.00488175
-0.15153	0.0144455
-0.154929	0.0135447
-0.15641	0.0130712
-0.158029	0.0137102
-0.164842	0.000452888
-0.160785	0.000711865
-0.158039	0.00103263
-0.157148	0.0032672
-0.157783	0.00435217
-0.156164	0.000395691
-0.146725	0.00203302
-0.133189	0.0106201
-0.12747	0.00341647
-0.134773	0.00438498
-0.139328	0.00904621
-0.146683	0.00918436
-0.143925	0.0124658
-0.147586	0.00928493
-0.150865	0.00945622
-0.155807	0.0104354
-0.153962	0.0160384
-0.164149	0.026491
-0.159824	0.0330737
-0.157343	0.0234859
-0.15194	0.0233084
-0.158069	0.0168384
-0.159256	0.0200201
-0.161557	0.0155148
-0.165138	0.0146572
-0.160046	0.0246567
-0.16744	0.026177
-0.178285	0.025925
-0.163113	0.0188367
-0.177167	-0.00462548
-0.178967	-0.0119881
-0.177533	-0.0156591
-0.181297	-0.000605387
-0.175522	-0.00347448
-0.160706	0.000464551
-0.164795	0.00111952
-0.161742	-1.17907e-05
-0.161892	-0.00467408
-0.16718	-0.00887679
-0.163165	-0.0150143
-0.162751	-0.0148773
-0.152172	-0.013027
-0.151411	-0.0127517
-0.171443	-0.015862
-0.174026	-0.0183869
-0.153782	-0.00288939
-0.150652	-0.0276971
-0.154389	-0.0261278
-0.158081	-0.0231194
-0.158245	-0.0227253
-0.152586	-0.0368773
-0.167283	-0.0294268
-0.172847	-0.0309323
-0.1687	-0.0333623
-0.161133	-0.0356991
-0.158347	-0.0378452
-0.158121	-0.032216
-0.150509	-0.0274672
-0.150858	-0.0230586
-0.156794	-0.00199897
-0.143445	-0.00892217
-0.165846	-0.010949
-0.157751	-0.0115771
-0.16395	-0.00324835
-0.166469	0.000532843
-0.167781	-0.00752584
-0.170808	-0.0237682
-0.164978	-0.0267631
-0.162217	-0.0309495
-0.162854	-0.0348288
-0.155917	-0.0305411
-0.144342	-0.0295103
-0.138718	-0.0300528
-0.125218	-0.0420234
-0.128348	-0.0413787
-0.127146	-0.0470454
-0.131376	-0.0488337
-0.134475	-0.0522775
-0.135358	-0.0450049
-0.144482	-0.0457881
-0.139437	-0.0582136
-0.133925	-0.0648597
-0.137839	-0.0640371
-0.13913	-0.0494121
-0.122533	-0.0417549
-0.128546	-0.046488
-0.127861	-0.0462192
-0.127088	-0.0535936
-0.135638	-0.0558354
-0.140129	-0.0560657
-0.14388	-0.0565905
-0.150327	-0.0590636
-0.148886	-0.0586631
-0.144722	-0.0402636
-0.14015	-0.0328596
-0.14353	-0.037176
-0.151683	-0.0376992
-0.149556	-0.0415881
-0.148568	-0.0474801
-0.155057	-0.052503
-0.149025	-0.047828
-0.158476	-0.0537779
-0.152257	-0.0592304
-0.150943	-0.0600984
-0.139409	-0.0672656
-0.141292	-0.0657128
-0.144593	-0.0669164
-0.138417	-0.0577456
-0.131546	-0.0589933
-0.134695	-0.0599129
-0.135619	-0.0591784
-0.13883	-0.0747058
-0.138394	-0.0670497
-0.143082	-0.0921734
-0.14599	-0.0938015
-0.144071	-0.09016
-0.149073	-0.0906347
-0.134922	-0.0792177
-0.134502	-0.0781881
-0.154734	-0.0690008
-0.152836	-0.062083
-0.150991	-0.0655972
-0.138996	-0.037814
-0.138854	-0.0415336
-0.142801	-0.0683156
-0.140949	-0.0764841
-0.133033	-0.0776626
-0.133185	-0.0820218
-0.132594	-0.0841243
-0.122957	-0.0903115
-0.121789	-0.0936799
-0.108858	-0.0728993
-0.11331	-0.0765943
-0.114077	-0.0890785
-0.116818	-0.0904842
-0.133646	-0.0969609
-0.137139	-0.0928164
-0.132334	-0.0948405
-0.136163	-0.0974828
-0.134564	-0.10684
-0.13039	-0.107343
-0.118062	-0.0998636
-0.113679	-0.101228
-0.107979	-0.109287
-0.10426	-0.0903029
-0.107294	-0.0970556
-0.109887	-0.108318
-0.0924249	-0.112272
-0.0899505	-0.118746
-0.0988038	-0.115683
-0.0997599	-0.116924
-0.0973085	-0.122018
-0.103085	-0.120604
-0.110014	-0.117249
-0.110882	-0.114196
-0.11294	-0.112183
-0.115352	-0.109861
-0.127981	-0.108817
-0.125876	-0.111796
-0.142785	-0.103931
-0.124286	-0.0959016
-0.107334	-0.100706
-0.108642	-0.102099
-0.0997315	-0.101845
-0.102034	-0.105746
-0.102614	-0.102261
-0.0976626	-0.105753
-0.10052	-0.110231
-0.110265	-0.11325
-0.110802	-0.112213
-0.107755	-0.098095
-0.11244	-0.100289
-0.111618	-0.0994515
-0.107963	-0.0926094
-0.108667	-0.101948
-0.10645	-0.103051
-0.0973491	-0.111818
-0.0986357	-0.113082
-0.110295	-0.103081
-0.102519	-0.106709
-0.138963	-0.107666
-0.132926	-0.111821
-0.126685	-0.121835
-0.116009	-0.126551
-0.112096	-0.126826
-0.106901	-0.105343
-0.103264	-0.110726
-0.110733	-0.120891
-0.112563	-0.127729
-0.110335	-0.157287
-0.113366	-0.148808
-0.111078	-0.141504
-0.100956	-0.151769
-0.103523	-0.149554
-0.101699	-0.149089
-0.0983042	-0.150883
-0.0984218	-0.139073
-0.100385	-0.142279
-0.103278	-0.148814
-0.102244	-0.144582
-0.113917	-0.146252
-0.113938	-0.132541
-0.107591	-0.133224
-0.128327	-0.135993
-0.13204	-0.130878
-0.13078	-0.139773
-0.136067	-0.152095
-0.114743	-0.163858
-0.111358	-0.158904
-0.10977	-0.162503
-0.106897	-0.158561
-0.102788	-0.152853
-0.102949	-0.147196
-0.100367	-0.146676
-0.0967648	-0.13952
-0.0935748	-0.131043
-0.0995858	-0.12513
-0.0980886	-0.12573
-0.0948539	-0.127978
-0.0973883	-0.14141
-0.0909502	-0.142972
-0.0995781	-0.131628
-0.0935861	-0.125238
-0.0625275	-0.133054
-0.0792934	-0.130762
-0.0821673	-0.130662
-0.0882596	-0.122106
-0.0850237	-0.131794
-0.0889895	-0.1292
-0.0910026	-0.12906
-0.102431	-0.118392
-0.0945122	-0.121844
-0.103566	-0.124561
-0.111008	-0.126186
-0.110939	-0.112456
-0.119613	-0.0991561
-0.119648	-0.100921
-0.113991	-0.111397
-0.107772	-0.111458
-0.115305	-0.108939
-0.119577	-0.106791
-0.118247	-0.103508
-0.11809	-0.105264
-0.119356	-0.112487
-0.128194	-0.116128
-0.123314	-0.119959
-0.12247	-0.122841
-0.115698	-0.117538
-0.114995	-0.117976
-0.112727	-0.11796
-0.114127	-0.128609
-0.133281	-0.12375
-0.131083	-0.122451
-0.127548	-0.120571
-0.127276	-0.124606
-0.129802	-0.127795
-0.128746	-0.124612
-0.126617	-0.120185
-0.137085	-0.111733
-0.130224	-0.115911
-0.116092	-0.113658
-0.121356	-0.107131
-0.124925	-0.108582
-0.124685	-0.108424
-0.117154	-0.0946677
-0.119152	-0.0956167
-0.121513	-0.103141
-0.118851	-0.0984957
-0.114428	-0.109527
-0.112584	-0.111959
-0.125813	-0.119543
-0.123976	-0.114249
-0.115868	-0.111152
-0.102372	-0.109119
-0.115668	-0.106612
-0.116136	-0.11864
-0.12055	-0.123513
-0.119287	-0.116577
-0.12833	-0.115347
-0.124397	-0.116094
-0.126069	-0.122823
-0.108933	-0.123632
-0.10837	-0.118955
-0.106503	-0.111667
-0.116855	-0.105513
-0.104648	-0.104831
-0.104038	-0.110798
-0.101456	-0.0943182
-0.105906	-0.0966775
-0.10054	-0.106962
-0.0989208	-0.111688
-0.0965383	-0.116373
-0.0950272	-0.114881
-0.0926315	-0.118469
-0.09508	-0.121908
-0.0938594	-0.123034
-0.0939699	-0.119541
-0.101415	-0.123591
-0.107557	-0.128973
-0.10482	-0.128713
-0.102459	-0.132636
-0.098437	-0.131774
-0.0953483	-0.133762
-0.11853	-0.115095
-0.126789	-0.108006
-0.115377	-0.106681
-0.108046	-0.112902
-0.113068	-0.0965679
-0.109052	-0.112281
-0.104931	-0.11984
-0.101276	-0.0945239
-0.0909745	-0.101312
-0.0817275	-0.114295
-0.067062	-0.138237
-0.0671964	-0.140378
-0.0710077	-0.146695
-0.0730903	-0.148741
-0.0778727	-0.136479
-0.073004	-0.140135
-0.0723947	-0.141645
-0.0690227	-0.140957
-0.0703001	-0.149172
-0.0722561	-0.155555
-0.0714702	-0.160783
-0.0626311	-0.154832
-0.0680153	-0.155651
-0.0686963	-0.152233
-0.0663375	-0.149955
-0.0460683	-0.154169
-0.0529414	-0.145631
-0.0565778	-0.164357
-0.0603155	-0.158121
-0.0574585	-0.145138
-0.0617306	-0.137928
-0.0869214	-0.127218
-0.0926125	-0.131096
-0.0961646	-0.129202
-0.0957986	-0.136303
-0.0871066	-0.132137
-0.0846537	-0.129327
-0.0873159	-0.12603
-0.0855922	-0.134085
-0.0859955	-0.132925
-0.0934217	-0.134693
-0.108548	-0.140577
-0.110196	-0.130111
-0.0991344	-0.133405
-0.0975445	-0.136199
-0.098356	-0.131415
-0.0956606	-0.122108
-0.0846069	-0.118952
-0.0870337	-0.118309
-0.0861834	-0.119606
-0.0799824	-0.106086
-0.0868218	-0.109098
-0.0998238	-0.116085
-0.0945823	-0.125045
-0.0935241	-0.116896
-0.0941295	-0.127642
-0.10102	-0.142759
-0.10171	-0.134674
-0.107073	-0.127075
-0.106704	-0.131035
-0.112064	-0.131733
-0.113852	-0.129081
-0.111849	-0.124423
-0.11273	-0.130482
-0.110059	-0.108622
-0.110594	-0.108013
-0.110333	-0.109558
-0.122994	-0.103661
-0.109699	-0.105747
-0.123698	-0.1013
-0.111652	-0.102434
-0.118424	-0.111812
-0.119223	-0.105718
-0.112553	-0.107092
-0.106344	-0.105803
-0.108994	-0.106532
-0.101186	-0.106313
-0.10174	-0.107204
-0.0985954	-0.0966736
-0.118248	-0.104395
-0.120916	-0.100478
