0.0720301	0.0831211
0.101739	0.0947278
0.0993589	0.0951067
0.0983716	0.0991389
0.100486	0.104014
0.0964489	0.107425
0.09472	0.116042
0.0956045	0.109536
0.0967667	0.108421
0.0989759	0.110264
0.102833	0.116551
0.108137	0.117792
0.105826	0.13075
0.105678	0.129312
0.103829	0.132915
0.0946082	0.132688
0.0961157	0.131639
0.0972453	0.12634
0.0972485	0.130666
0.0994667	0.130431
0.0963646	0.127335
0.0948629	0.119318
0.101046	0.120103
0.0953722	0.133225
0.0881425	0.101515
0.0866614	0.0894432
0.0878278	0.0976389
0.0960142	0.105456
0.10241	0.0992432
0.117001	0.0939906
0.126634	0.0952218
0.122768	0.0893715
0.119961	0.0889166
0.129609	0.0979148
0.122662	0.104401
0.11254	0.124417
0.10939	0.119839
0.123359	0.142416
0.125993	0.145152
0.123279	0.132293
0.120339	0.12949
0.118594	0.120285
0.110674	0.111792
0.112739	0.113331
0.119688	0.111936
0.11889	0.113627
0.129188	0.119134
0.125889	0.123609
0.125017	0.124254
0.122818	0.123265
0.117445	0.117578
0.120205	0.102743
0.10611	0.0924054
0.121383	0.100418
0.12102	0.103325
0.120348	0.106284
0.120119	0.109854
0.119585	0.108423
0.121644	0.109036
0.117906	0.106078
0.116073	0.115272
0.112911	0.123239
0.111285	0.117137
0.109603	0.115884
0.110855	0.0931853
0.128364	0.0848647
0.133119	0.0782692
0.153267	0.079933
0.149397	0.0864033
0.153778	0.0916266
0.143055	0.085348
0.152342	0.088373
0.152656	0.0826319
0.174409	0.077367
0.159767	0.0656214
0.15531	0.0565391
0.153917	0.0537993
0.15487	0.0519962
0.140762	0.0545223
0.142365	0.0479726
0.149714	0.0493119
0.150076	0.0493776
0.148167	0.0513461
0.152485	0.0619767
0.157993	0.0554305
0.158379	0.0471689
0.144388	0.0615986
0.145591	0.0602503
0.144211	0.0799264
0.132452	0.0958389
0.13372	0.0877279
0.13026	0.0669058
0.128934	0.0661844
0.127624	0.0712244
0.131444	0.0723223
0.141312	0.0757575
0.137633	0.0817164
0.136547	0.0814191
0.134406	0.0521505
0.141996	0.0525282
0.138958	0.0569134
0.138293	0.0450345
0.137797	0.0505355
0.128381	0.0486926
0.130133	0.0465854
0.134363	0.0471353
0.13548	0.0455006
0.146296	0.0318222
0.149927	0.0311718
0.152488	0.0301293
0.155222	0.0396404
0.157117	0.0452814
0.156344	0.05272
0.156035	0.0584211
0.171348	0.0502457
0.153984	0.0537177
0.154539	0.0540059
0.153696	0.053581
0.16225	0.0485777
0.153551	0.0554579
0.163864	0.0609996
0.163092	0.058691
0.161944	0.0729198
0.156718	0.064516
0.15495	0.0638192
0.154615	0.0764059
0.148825	0.0745692
0.160376	0.0702965
0.160006	0.072338
0.141621	0.068084
0.142106	0.0805231
0.13525	0.0720002
0.138737	0.06312
0.146964	0.0645154
0.146826	0.0609747
0.147878	0.0632336
0.148021	0.0593728
0.15018	0.0581323
0.153591	0.0457309
0.152687	0.0498627
0.151961	0.0425294
0.141186	0.0423535
0.128769	0.0293623
0.130687	0.0282251
0.134679	0.0263914
0.138031	0.0309851
0.132377	0.0450138
0.132058	0.0512403
0.126571	0.0317647
0.132828	0.0353411
0.134315	0.0317682
0.114586	0.0441506
0.126181	0.0477605
0.132507	0.0493321
0.136522	0.0373245
0.138386	0.041634
0.115634	0.0416561
0.127947	0.0567229
0.14106	0.0667969
0.150915	0.0695161
0.147508	0.0597929
0.139746	0.0577515
0.130319	0.0447043
0.12098	0.047014
0.143354	0.055639
0.141502	0.0699537
0.149133	0.0638321
0.148491	0.0644782
0.14814	0.0642919
0.14644	0.0542255
0.140842	0.0494277
0.141427	0.0432755
0.14426	0.0431016
0.141998	0.0473808
0.157858	0.0420042
0.162601	0.0425995
0.161773	0.0418731
0.158537	0.0421195
0.159892	0.043981
0.169387	0.0553707
0.164493	0.056063
0.160418	0.0551039
0.155937	0.0508904
0.140719	0.0484442
0.144548	0.052508
0.145677	0.052931
0.148616	0.0595909
0.150256	0.0612843
0.149549	0.056694
0.135071	0.057983
0.140873	0.0559492
0.142801	0.0578792
0.127497	0.0596561
0.121754	0.0563759
0.123679	0.0584369
0.11942	0.0613443
0.131283	0.0546413
0.128303	0.0450088
0.139343	0.0426512
0.136081	0.0419081
0.134095	0.0412068
0.139762	0.0468355
0.139021	0.0519688
0.141589	0.0625645
0.142988	0.0687188
0.147803	0.0577574
0.149732	0.0600491
0.153856	0.0646656
0.144317	0.057478
0.139699	0.0583751
0.148872	0.0563557
0.147371	0.0622251
0.138335	0.0641115
0.134244	0.068244
0.144691	0.0707603
0.14856	0.0683408
0.142188	0.0723573
0.143759	0.0769257
0.145374	0.0743539
0.14152	0.0717039
0.145269	0.0678101
0.14477	0.0736536
0.144887	0.0775068
0.143415	0.0757948
0.142905	0.0758723
0.138716	0.0754482
0.13943	0.0729576
0.13701	0.0724443
0.142456	0.0626142
0.152652	0.0675292
0.157424	0.0692809
0.157933	0.0642759
0.14824	0.0679516
0.149525	0.0565098
0.147996	0.0456368
0.140214	0.056392
0.141092	0.0571162
0.145029	0.0585119
0.134616	0.0695655
0.139984	0.0707416
0.145125	0.0825245
0.147317	0.0724894
0.155631	0.0766031
0.162539	0.0751531
0.159686	0.0578324
0.15786	0.0639876
0.1435	0.0369972
0.147387	0.0372455
0.142534	0.0486885
0.141566	0.0391993
0.14135	0.0398491
0.147673	0.0345616
0.154109	0.0358747
0.153644	0.0348185
0.155458	0.0372279
0.151959	0.0513949
0.156905	0.0338093
0.150806	0.03871
0.147224	0.0393765
0.14407	0.0398825
0.157831	0.0475336
0.162623	0.0556841
0.163948	0.0579897
0.155401	0.0493785
0.148203	0.036081
0.137838	0.0313937
0.150145	0.0397456
0.160064	0.047815
0.155755	0.04898
0.156316	0.0468997
0.147956	0.0530239
0.147736	0.0634051
0.143296	0.0633892
0.13813	0.0611647
0.137333	0.0581152
0.135971	0.0529844
0.136451	0.0584765
0.137133	0.0586158
0.139487	0.06545
0.139834	0.0627888
0.143403	0.05117
0.145382	0.0492102
0.161979	0.0506956
0.152554	0.0402897
0.153159	0.0387582
0.150569	0.0386261
0.154433	0.0293617
0.156183	0.0314678
0.159856	0.0298922
0.161455	0.025075
0.158414	0.024015
0.16825	0.0361373
0.156875	0.0414434
0.155926	0.0426151
0.155241	0.0246637
0.153374	0.0289022
0.158023	0.0407415
0.153771	0.0397945
0.153834	0.0335867
0.152965	0.0449054
0.151308	0.041218
0.153242	0.0487257
0.152831	0.0497616
0.152863	0.0495335
0.144131	0.0589766
0.156398	0.0485805
0.154365	0.0486402
0.154145	0.0470082
0.153769	0.0474327
0.14963	0.0368399
0.148709	0.0329133
0.145406	0.0348915
0.139181	0.0367148
0.142393	0.0375256
0.146208	0.0567093
0.14825	0.0541925
0.144809	0.0599234
0.139422	0.0543476
0.138456	0.050593
0.153612	0.0605781
0.148866	0.0605842
0.146504	0.0579673
0.145981	0.0585836
0.138927	0.0573917
0.139057	0.0406854
0.146252	0.044099
0.151494	0.0440045
0.151801	0.0441991
0.147852	0.0707857
0.144532	0.0791986
0.140842	0.083311
0.140653	0.0756677
0.134521	0.0692951
0.139671	0.0678681
0.144492	0.0676004
0.144907	0.0681597
0.147266	0.0717828
0.144135	0.0821562
0.143585	0.0706603
0.143226	0.0720618
0.135092	0.0735107
0.134197	0.0732137
0.136088	0.0735156
0.122319	0.0802405
0.11964	0.0829792
0.122893	0.077661
0.128308	0.0848645
0.133317	0.0859485
0.12691	0.077235
0.130312	0.0795161
0.137495	0.085871
0.137246	0.0764591
0.143988	0.0686663
0.139875	0.0707089
0.136802	0.0733287
0.136729	0.0783758
0.131328	0.0795963
0.123159	0.0827543
0.120579	0.0870107
0.129535	0.0822802
0.130809	0.0820276
0.116897	0.0638776
0.119806	0.0701857
0.121421	0.0702278
0.128117	0.0751372
0.128302	0.0754237
0.131621	0.0756793
0.14259	0.0701243
0.142918	0.0700852
0.135032	0.0701866
0.142613	0.0766113
0.151644	0.0656781
0.149543	0.0672575
0.152257	0.0681071
0.147075	0.0640172
0.153701	0.065467
0.145154	0.0739993
0.127803	0.0698097
0.112395	0.0812632
0.123031	0.0852808
0.124756	0.0767373
0.12774	0.0863033
0.14126	0.0833979
0.133501	0.085616
0.146946	0.0927349
0.143466	0.090794
0.147169	0.0868686
0.14534	0.086037
0.14383	0.084432
0.137746	0.0825234
0.143738	0.0824897
0.125199	0.093912
0.126937	0.0957577
0.134755	0.0897534
0.125791	0.111404
0.123116	0.112396
0.123498	0.114578
0.122074	0.114015
0.121806	0.111999
0.122142	0.109893
0.123845	0.117094
0.115562	0.120719
0.121699	0.123279
0.123466	0.115339
0.0995286	0.112966
0.0991966	0.107923
0.09737	0.0982985
0.0978165	0.107035
0.0996185	0.109038
0.0967199	0.0939805
0.109109	0.0953955
0.112808	0.0904185
0.117795	0.101982
0.105554	0.112281
0.110917	0.116286
0.107118	0.114277
0.101636	0.114651
0.104618	0.118016
0.0896806	0.138122
0.091394	0.138233
0.0979122	0.141663
0.0985467	0.126164
0.100503	0.126365
0.0911981	0.105179
0.0950073	0.107588
0.103511	0.109997
0.117195	0.115946
0.119902	0.108999
0.119523	0.114468
0.116925	0.11471
0.116043	0.117798
0.106686	0.118656
0.113814	0.120303
0.122081	0.124786
0.117874	0.124814
0.117684	0.123669
0.112988	0.128966
0.104466	0.132787
0.0979149	0.134869
0.0978816	0.134849
0.0958089	0.136302
0.106811	0.136424
0.110161	0.131471
0.106298	0.130366
0.109358	0.11903
0.113487	0.121338
0.116454	0.117989
0.115549	0.116064
0.124442	0.0977207
0.115813	0.0968965
0.109468	0.100708
0.106895	0.103689
0.115392	0.0992643
0.114943	0.108757
0.115614	0.110718
0.116651	0.114028
0.117799	0.112849
0.130225	0.106367
0.126254	0.113595
0.121891	0.108859
0.123842	0.111465
0.111852	0.115982
0.113881	0.118127
0.110857	0.118981
0.109569	0.113757
0.107535	0.114108
0.0887705	0.132723
0.0915633	0.136075
0.0962475	0.137115
0.0988308	0.132628
0.0975599	0.131108
0.0944028	0.131994
0.0825528	0.136698
0.0851854	0.132821
0.0861894	0.133091
0.0842466	0.131911
0.083905	0.123223
0.0848572	0.125043
0.0889473	0.134498
0.0791377	0.126754
0.0788153	0.127107
0.0852459	0.14352
0.0868465	0.139169
0.0843253	0.133438
0.0910576	0.138243
0.0807406	0.127507
0.0927725	0.140019
0.0998118	0.129571
0.100836	0.129299
0.100291	0.130933
0.096272	0.130344
0.0877959	0.140609
0.080238	0.143466
0.078688	0.135788
0.0792015	0.137539
0.0772852	0.129836
0.0755518	0.129882
0.0694491	0.123665
0.0724439	0.151033
0.0719467	0.150989
0.0816458	0.14286
0.0805057	0.134698
0.0895607	0.138789
0.0843039	0.138073
0.0894791	0.134102
0.0924123	0.136
0.098128	0.147817
0.0871937	0.15372
0.0915644	0.166559
0.0886662	0.161252
0.0920732	0.14751
0.0865526	0.140237
0.0834518	0.134876
0.10268	0.133693
0.101545	0.133763
0.101381	0.131336
0.0993382	0.14605
0.0908024	0.167683
0.0896905	0.153449
0.0844344	0.13805
0.0873153	0.134781
0.0868105	0.134641
0.08523	0.133927
0.0828415	0.129661
0.0829919	0.131009
0.106526	0.12502
0.098488	0.13203
0.108341	0.148917
0.10794	0.14629
0.104825	0.145951
0.112766	0.159452
0.100119	0.171976
0.0748092	0.175143
0.07332	0.171705
0.0719565	0.166665
0.0665071	0.150396
0.071854	0.156691
0.071642	0.153939
0.0710206	0.1508
0.0724667	0.146333
0.071787	0.140727
0.0656563	0.14051
0.0707561	0.136829
0.0864482	0.136034
0.0869287	0.139933
0.087364	0.131371
0.0792779	0.137318
0.0809599	0.135988
0.089715	0.134625
0.0854947	0.14252
0.0801249	0.139162
0.0776987	0.141131
0.0694016	0.140926
0.0695017	0.140759
0.0684672	0.141669
0.049264	0.136468
0.0446884	0.126192
0.0529898	0.134684
0.0443982	0.132885
0.0355628	0.134738
0.0111657	0.146027
0.011889	0.148571
0.0131308	0.145871
0.0211027	0.150581
0.0283401	0.143506
0.0339127	0.153628
0.042359	0.167583
0.0374186	0.171653
0.0372611	0.169197
0.0407694	0.168566
0.0545387	0.163039
0.0550661	0.152119
0.0543433	0.153418
0.0657638	0.158073
0.0663127	0.160344
0.0671425	0.157147
0.0540017	0.156564
0.0527471	0.154796
0.0536445	0.163445
0.0403022	0.158718
0.0377389	0.150322
0.0403143	0.145921
0.0473381	0.138232
0.0250907	0.13267
0.026023	0.137151
0.0278525	0.141981
0.0325364	0.139007
0.0217083	0.132729
0.022186	0.137492
0.0231997	0.142119
0.0286777	0.133324
0.0228661	0.12492
0.0146577	0.129136
0.00979847	0.139801
0.0104272	0.148825
0.0248908	0.143618
0.0229694	0.146148
0.0311076	0.149885
0.0277876	0.149666
0.0282146	0.15088
0.0363849	0.153147
0.0423872	0.149243
0.0437472	0.146083
0.0450799	0.14516
0.0532225	0.149797
0.0399349	0.131802
0.0473988	0.126054
0.0458604	0.12526
0.0703942	0.129499
0.0809306	0.135253
0.0903632	0.134014
0.0875413	0.132221
0.1052	0.131814
0.10211	0.132596
0.118416	0.138368
0.134379	0.124863
0.137217	0.120873
0.132764	0.119746
0.142767	0.117212
0.134587	0.113951
0.128883	0.10853
0.127139	0.107192
0.122661	0.10818
0.123965	0.115986
0.119387	0.115566
0.124801	0.129808
0.116906	0.132126
0.109098	0.134115
0.101495	0.140063
0.0996058	0.132606
0.0990203	0.128074
0.104446	0.119332
0.105804	0.120957
0.114847	0.132352
0.114529	0.130822
0.109444	0.142171
0.103785	0.136864
0.10195	0.139775
0.10141	0.146202
0.100325	0.142744
0.0979633	0.141373
0.0954395	0.139906
0.0949952	0.134459
0.0917719	0.12934
0.103101	0.134598
0.101949	0.133093
0.096621	0.133859
0.0899184	0.127886
0.0881939	0.128591
0.0794055	0.116397
0.0884784	0.118113
0.0892241	0.119939
0.0892548	0.121802
0.0879943	0.117804
0.0945725	0.122511
0.0956043	0.106233
0.0880409	0.0935475
0.101684	0.0994556
0.0910269	0.0904824
0.0780437	0.0802169
0.0956296	0.0947577
0.0942623	0.105665
0.0971659	0.107176
0.0970609	0.114563
0.0756986	0.111262
0.0649606	0.119912
0.0673915	0.135741
0.0558279	0.142771
0.0651023	0.142406
0.0656808	0.146715
0.0565891	0.132346
0.0621089	0.139197
0.0613645	0.139938
0.0572191	0.13482
0.0512067	0.135953
0.0445924	0.139185
0.0533964	0.158514
0.0407605	0.160095
0.0407188	0.160709
0.046066	0.160359
0.0520363	0.154371
0.0549999	0.141017
0.0611147	0.133289
0.0457852	0.131466
0.0468873	0.13794
0.051177	0.128215
0.0544427	0.130791
0.0478953	0.13604
0.0502275	0.140206
0.0518522	0.144
0.0473379	0.142713
0.0449076	0.147966
0.0436419	0.153145
0.043607	0.153304
0.0432087	0.154243
0.0427588	0.154798
0.0275383	0.164825
0.0225961	0.153108
0.0214704	0.160932
0.0247632	0.159731
0.0215601	0.144816
0.0356444	0.160506
0.0336054	0.161764
0.0447758	0.158264
0.0430294	0.154282
0.041176	0.15548
0.0393885	0.154582
0.0434692	0.154343
0.0435153	0.153676
0.048643	0.16499
0.0434674	0.141607
0.0463581	0.138155
0.0389848	0.142108
0.043854	0.148639
0.0238428	0.148813
0.0276415	0.146425
0.0332953	0.140832
0.0322268	0.140025
0.033636	0.145167
0.0336651	0.150559
0.0332879	0.151667
0.0248358	0.156197
0.024301	0.15752
0.0244973	0.156953
0.0217857	0.17198
0.0328109	0.166141
0.0338809	0.165408
0.0329625	0.161614
0.0338727	0.14915
0.0294895	0.154539
0.0300297	0.154939
0.0300392	0.152636
0.0229109	0.158924
0.0195771	0.159863
0.0272854	0.161914
0.0273151	0.153778
0.0267107	0.158486
0.0277363	0.141428
0.0131164	0.130953
0.0136428	0.139449
0.0123794	0.143712
0.0113338	0.14631
0.00980882	0.143078
0.00893779	0.149604
0.00598029	0.150972
0.00387074	0.152274
0.0127713	0.137128
-0.0180729	0.160105
-0.0182068	0.138662
-0.0170434	0.134129
-0.0175049	0.139263
-0.0114077	0.150622
-0.0108514	0.148789
-0.01928	0.147951
-0.0167377	0.147886
-0.00879891	0.157728
-0.00932409	0.157015
0.00689439	0.15956
-0.00965605	0.171435
-0.0074742	0.167983
-0.00474457	0.163044
-0.00297023	0.164238
-0.00371723	0.165455
-0.00512479	0.164766
-0.00469838	0.162668
-0.00450131	0.162211
-0.00728279	0.162846
-0.00604536	0.162829
-0.0102612	0.158839
-0.0129247	0.153814
-0.0109925	0.159711
-0.0102846	0.159701
-0.0107958	0.152477
-0.0156867	0.148247
-0.0202488	0.148062
-0.0205369	0.153839
-0.0201784	0.153146
-0.0114489	0.13631
-0.0234513	0.130771
-0.0151274	0.130729
-0.0062432	0.13867
0.000906354	0.140517
0.00971453	0.141375
0.00383868	0.149053
0.00462707	0.151793
0.00492672	0.153544
0.017213	0.159108
0.0200914	0.165957
0.0166752	0.169191
0.0262389	0.165046
0.00209354	0.166232
0.00653855	0.164059
0.00641812	0.161366
-0.00295174	0.158093
-0.00252435	0.163573
-0.00270825	0.177075
-0.00054473	0.170931
-0.0132822	0.170019
-0.0126948	0.166814
-0.0209793	0.163571
-0.017348	0.167174
-0.0156892	0.167256
-0.0193745	0.158259
-0.0188762	0.153728
-0.0217594	0.148274
-0.0235982	0.145952
-0.039595	0.153627
-0.0429334	0.149358
-0.0412959	0.14903
-0.0435566	0.154712
-0.0454383	0.156761
-0.0400202	0.152736
-0.0632402	0.161084
-0.06202	0.158383
-0.0635071	0.15415
-0.0753393	0.138809
-0.0839992	0.139774
-0.0967033	0.148013
-0.0942069	0.144346
-0.0849592	0.144158
-0.0910425	0.131722
-0.0731847	0.136836
-0.0919928	0.115196
-0.0932295	0.116843
-0.097217	0.113493
-0.0953719	0.119567
-0.0997709	0.12363
-0.10167	0.118432
-0.0937862	0.125153
-0.0948543	0.127044
-0.104404	0.116174
-0.101618	0.11974
-0.104604	0.115723
-0.115751	0.107799
-0.100911	0.108634
-0.103413	0.110345
-0.117184	0.101962
-0.118905	0.0942303
-0.111781	0.0891468
-0.102604	0.0861063
-0.116453	0.0856862
-0.116975	0.0894466
-0.121273	0.0994859
-0.115247	0.092103
-0.134365	0.0953568
-0.133608	0.0948105
-0.142521	0.0863915
-0.138939	0.0870445
-0.141555	0.0833268
-0.131822	0.0907946
-0.126804	0.0924894
-0.121387	0.0947571
-0.126546	0.0966688
-0.138532	0.0880728
-0.135652	0.0810616
-0.140029	0.0670761
-0.142144	0.0786419
-0.140034	0.0785782
-0.142353	0.0788931
-0.148653	0.0814027
-0.147257	0.0806037
-0.145822	0.079572
-0.132246	0.0826236
-0.133516	0.0839368
-0.124683	0.093518
-0.127708	0.0636633
-0.13461	0.0681864
-0.133842	0.0764876
-0.134666	0.0818874
-0.143392	0.084362
-0.140453	0.082727
-0.140198	0.0827338
-0.139767	0.0842834
-0.147876	0.0812114
-0.152522	0.080352
-0.153531	0.0823509
-0.138155	0.0980932
-0.145108	0.0959916
-0.139954	0.0877607
-0.141548	0.0879436
-0.140602	0.0905653
-0.137085	0.0750767
-0.137754	0.075446
-0.146319	0.0623652
-0.144794	0.0830314
-0.135399	0.0937932
-0.147756	0.0889889
-0.162494	0.081483
-0.163408	0.0894541
-0.15925	0.0882706
-0.155201	0.0893253
-0.151502	0.0922147
-0.160028	0.0940228
-0.140455	0.0935972
-0.142754	0.0966349
-0.137689	0.10365
-0.133406	0.0997358
-0.130003	0.093004
-0.147565	0.0927573
-0.152264	0.0802062
-0.138438	0.0784978
-0.132472	0.0786188
-0.130281	0.0831328
-0.130396	0.0812868
-0.131554	0.0802921
-0.136211	0.0903149
-0.136236	0.0897481
-0.138095	0.0743639
-0.131539	0.0898275
-0.146871	0.10104
-0.145415	0.0975948
-0.139661	0.0949347
-0.150536	0.0946976
-0.154479	0.0866046
-0.152559	0.084546
-0.146618	0.0922133
-0.152266	0.0904484
-0.143412	0.0855052
-0.146272	0.0837901
-0.141753	0.0811066
-0.142599	0.0772233
-0.135698	0.0732459
-0.143993	0.0608986
-0.137065	0.0679951
-0.117539	0.0617882
-0.121932	0.0651232
-0.121418	0.0670753
-0.12786	0.0726785
-0.129251	0.0733886
-0.128744	0.0746355
-0.129654	0.0717216
-0.138138	0.0753927
-0.148503	0.0637617
-0.147727	0.0636928
-0.148124	0.062977
-0.145347	0.0560379
-0.162902	0.0527024
-0.145372	0.0509884
-0.146222	0.0501287
-0.159725	0.0660517
-0.152965	0.0665624
-0.139193	0.0667373
-0.150964	0.0657698
-0.150501	0.0647099
-0.144328	0.072039
-0.144166	0.0723057
-0.143318	0.0588983
-0.139012	0.0563962
-0.135514	0.0577609
-0.13372	0.0557139
-0.128431	0.0541076
-0.141973	0.0707283
-0.138235	0.0741836
-0.120115	0.0891855
-0.124349	0.108623
-0.11381	0.126811
-0.0910465	0.144482
-0.0810189	0.15571
-0.0918143	0.158968
-0.0907684	0.165245
-0.0955884	0.183113
-0.0849365	0.178303
-0.0823354	0.168043
-0.0839637	0.165839
-0.0848556	0.151476
-0.0759502	0.152121
-0.0847759	0.133147
-0.0877465	0.123723
-0.0933008	0.124615
-0.102538	0.11079
-0.105921	0.108849
-0.110412	0.104427
-0.110591	0.0986697
-0.112847	0.0909579
-0.113079	0.0915947
-0.115314	0.0834751
-0.111359	0.0874087
-0.129076	0.079919
-0.132741	0.0773676
-0.137064	0.0733757
-0.142458	0.0655193
-0.144592	0.0614583
-0.147004	0.0570763
-0.148181	0.0394492
-0.146854	0.0284478
-0.150519	0.0198651
-0.155172	0.0305162
-0.155874	0.0228064
-0.153865	-0.000138952
-0.146367	0.0270617
-0.145573	0.0262539
-0.152912	0.0210378
-0.153806	0.026085
-0.15959	0.0276318
-0.144402	0.0110867
-0.160751	0.0150535
-0.177726	0.0218083
-0.173086	0.0192681
-0.167263	0.0282705
-0.161219	0.0308995
-0.152387	0.020539
-0.146088	0.0176713
-0.149785	0.0191529
-0.150793	0.0183358
-0.148026	0.0278874
-0.16303	0.018821
-0.169545	0.0206384
-0.171423	0.0146708
-0.170791	0.0124783
-0.162937	0.000961917
-0.170216	0.00673352
-0.167709	0.0101415
-0.167281	-0.0190733
-0.165569	-0.0122184
-0.154247	-0.00442161
-0.162086	-7.14226e-07
-0.16606	0.00928894
-0.155327	0.00686605
-0.151816	0.0121268
-0.157014	0.0248657
-0.159657	0.0233293
-0.155047	0.0216375
-0.143302	0.0111947
-0.136718	0.0132515
-0.123015	0.0296683
-0.130873	0.0270717
-0.138137	0.0310409
-0.137071	0.0429738
-0.144764	0.0367269
-0.156877	0.0342788
-0.159801	0.0290959
-0.167769	0.0102459
-0.170355	0.00178623
-0.173316	0.00940225
-0.172021	0.0210601
-0.159351	-0.00610471
-0.1596	-0.00475431
-0.158838	-0.00622614
-0.159752	-0.00583451
-0.165181	-2.86271e-05
-0.164898	-0.00106006
-0.162895	0.00401426
-0.172566	0.00194427
-0.181743	-0.00214099
-0.172319	-0.01013
-0.164163	-0.00940865
-0.163279	-0.00971757
-0.162569	-0.00982861
-0.16001	-0.00572333
-0.168167	-0.0050444
-0.168323	-0.0141268
-0.163164	-0.00861191
-0.161123	-0.013943
-0.16559	-0.0157417
-0.159849	-0.0174496
-0.140418	-0.00964878
-0.127257	-0.0151838
-0.135955	-0.0157421
-0.12976	-0.0200946
-0.136418	-0.0148092
-0.143614	-0.0156285
-0.146636	-0.0156871
-0.142523	-0.0272739
-0.14494	-0.0340635
-0.143234	-0.0320574
-0.133487	-0.035548
-0.140116	-0.032089
-0.143585	-0.0313625
-0.144719	-0.0287208
-0.142414	-0.0275799
-0.141938	-0.0252782
-0.143528	-0.0278308
-0.141784	-0.0142858
-0.134198	-0.00791077
-0.138905	-0.0101289
-0.143048	-0.00710669
-0.139589	-0.0074346
-0.140713	-0.0226102
-0.144255	-0.0271326
-0.142725	-0.0286252
-0.145349	-0.0304075
-0.159548	-0.0236056
-0.160876	-0.0220535
-0.159627	-0.0248687
-0.160197	-0.0294405
-0.158915	-0.0336072
-0.159459	-0.0348487
-0.155468	-0.0382297
-0.144257	-0.0386005
-0.150707	-0.0361887
-0.158505	-0.0416154
-0.15689	-0.0423768
-0.154114	-0.0514765
-0.154558	-0.049588
-0.163821	-0.044455
-0.148178	-0.0413926
-0.152594	-0.0444013
-0.151005	-0.042155
-0.145507	-0.0551891
-0.142253	-0.0637252
-0.151639	-0.0618357
-0.151152	-0.0618058
-0.15006	-0.065464
-0.154404	-0.0704508
-0.153559	-0.068204
-0.159894	-0.0627051
-0.157849	-0.0610921
-0.159792	-0.0534395
-0.158516	-0.0535272
-0.152885	-0.056269
-0.152537	-0.0537752
-0.152644	-0.0545627
-0.151999	-0.0546504
-0.15087	-0.0469166
-0.167041	-0.0396671
-0.163449	-0.043863
-0.165054	-0.0499923
-0.148718	-0.0451464
-0.155383	-0.0382557
-0.15526	-0.0516236
-0.145354	-0.0438049
-0.141711	-0.04335
-0.152481	-0.0373114
-0.1506	-0.0435444
-0.154225	-0.0575217
-0.148539	-0.0694458
-0.144545	-0.0744516
-0.150583	-0.0754616
-0.154402	-0.0720612
-0.164512	-0.0723296
-0.159804	-0.0751689
-0.153377	-0.0588481
-0.148598	-0.0683873
-0.150113	-0.0682734
-0.15098	-0.0770974
-0.138955	-0.0759516
-0.138143	-0.0790112
-0.147546	-0.0884826
-0.143325	-0.0895848
-0.149336	-0.0971399
-0.146543	-0.0985817
-0.142846	-0.0998109
-0.142567	-0.106555
-0.13839	-0.106773
-0.134995	-0.10371
-0.128717	-0.117218
-0.127469	-0.1179
-0.125774	-0.113507
-0.140255	-0.110848
-0.13879	-0.128833
-0.12956	-0.125138
-0.128011	-0.123736
-0.12157	-0.123704
-0.123654	-0.119857
-0.128247	-0.109499
-0.124365	-0.111594
-0.141173	-0.121023
-0.138727	-0.124262
-0.14257	-0.120692
-0.136354	-0.119284
-0.127439	-0.123574
-0.117175	-0.108968
-0.127735	-0.121205
-0.121478	-0.131514
-0.108462	-0.12512
-0.10688	-0.124554
-0.106774	-0.137463
-0.117277	-0.139891
-0.1097	-0.138783
-0.10784	-0.110136
-0.123098	-0.0993747
-0.122138	-0.100658
-0.113874	-0.101441
-0.11759	-0.0989578
-0.128707	-0.1061
-0.126683	-0.103027
-0.124334	-0.110124
-0.117459	-0.113347
-0.119942	-0.117259
-0.115645	-0.118448
-0.11014	-0.111331
-0.108265	-0.117191
-0.105829	-0.119498
-0.10381	-0.119382
-0.0944657	-0.117298
-0.093745	-0.120165
-0.0933489	-0.121561
-0.0958963	-0.123864
-0.0932812	-0.123185
-0.0943473	-0.12497
-0.0931101	-0.127069
-0.102683	-0.10318
-0.101794	-0.108525
-0.108408	-0.114406
-0.113831	-0.109687
-0.105948	-0.119611
-0.102177	-0.11794
-0.104522	-0.128939
-0.111158	-0.124599
-0.104397	-0.124328
-0.0882781	-0.128213
-0.0849666	-0.130078
-0.0978495	-0.13698
-0.105166	-0.136156
-0.0936821	-0.133291
-0.0964416	-0.142644
-0.0920427	-0.139426
-0.073086	-0.154635
-0.0775501	-0.154483
-0.0744974	-0.166795
-0.080631	-0.163361
-0.0707414	-0.158222
-0.0717835	-0.164691
-0.0884898	-0.159981
-0.0938597	-0.159035
-0.0853027	-0.146401
-0.081965	-0.138743
-0.0801549	-0.1371
-0.0835756	-0.135696
-0.0665955	-0.151561
-0.0803528	-0.15987
-0.0838331	-0.152128
-0.087589	-0.146092
-0.0869625	-0.149962
-0.0877996	-0.147605
-0.0938576	-0.14888
-0.0926759	-0.14982
-0.0985428	-0.149212
-0.0993588	-0.145945
-0.103201	-0.138706
-0.101077	-0.138756
-0.101963	-0.134012
-0.0956494	-0.122568
-0.113401	-0.125784
-0.121532	-0.10879
-0.120976	-0.109419
-0.125331	-0.103182
-0.128829	-0.104865
-0.120545	-0.106664
-0.108862	-0.111484
-0.104009	-0.115666
-0.105263	-0.116294
-0.101115	-0.110057
-0.108004	-0.116709
-0.112788	-0.117889
-0.115705	-0.117849
-0.110478	-0.123305
-0.10948	-0.123194
-0.10911	-0.120376
-0.114908	-0.112151
-0.111602	-0.110482
-0.113569	-0.0964437
-0.111728	-0.0935885
-0.115585	-0.0932544
-0.124093	-0.0996616
-0.14456	-0.101859
-0.135918	-0.0910287
-0.121937	-0.100758
-0.118205	-0.105403
-0.110422	-0.10775
-0.0931974	-0.0911937
-0.0987528	-0.107211
-0.110759	-0.117123
-0.117653	-0.115617
-0.118601	-0.116216
-0.116238	-0.121841
-0.124057	-0.121489
-0.129849	-0.116138
-0.131251	-0.113817
-0.134311	-0.116579
-0.117727	-0.101645
-0.119336	-0.105196
-0.12008	-0.124488
-0.118232	-0.122769
-0.130601	-0.127161
-0.12872	-0.119301
-0.133778	-0.125573
-0.128663	-0.10888
-0.125373	-0.110203
-0.124224	-0.103851
-0.124966	-0.107928
-0.122771	-0.109229
-0.128055	-0.115308
-0.126484	-0.11421
-0.112808	-0.114772
-0.11117	-0.114934
-0.103398	-0.120061
-0.120042	-0.111101
-0.116038	-0.114677
-0.116948	-0.117275
-0.114745	-0.120158
-0.0966878	-0.12719
-0.0952701	-0.132677
-0.103074	-0.133833
-0.0982974	-0.132719
-0.10441	-0.134191
-0.111319	-0.132303
-0.107258	-0.126068
-0.108562	-0.11626
-0.109258	-0.114759
-0.11718	-0.11535
-0.11497	-0.12796
-0.110649	-0.132024
-0.108558	-0.129562
-0.107857	-0.114921
-0.106175	-0.12043
-0.102083	-0.124085
-0.122816	-0.11833
-0.117023	-0.120898
-0.114769	-0.121388
-0.111502	-0.120301
-0.112793	-0.132827
-0.106355	-0.138067
-0.103327	-0.136553
-0.100322	-0.135612
-0.0964691	-0.13648
-0.100794	-0.142533
-0.0900322	-0.161607
-0.0773529	-0.143954
-0.0704786	-0.131486
-0.0776961	-0.138437
-0.0739747	-0.138039
-0.0552981	-0.123381
-0.0594356	-0.126785
-0.0638688	-0.129813
-0.0602458	-0.131355
-0.0702163	-0.135325
-0.0704829	-0.126988
-0.0707714	-0.127468
-0.0715886	-0.129899
-0.0696863	-0.115771
-0.0780084	-0.133301
-0.0802438	-0.133464
-0.0841775	-0.148918
-0.0811341	-0.15509
-0.0822464	-0.154156
-0.0824348	-0.148862
-0.0754398	-0.155279
-0.0650487	-0.151596
-0.060347	-0.179537
-0.0621456	-0.172676
-0.0569527	-0.16093
-0.0553022	-0.145767
-0.0613708	-0.146848
-0.075168	-0.140134
-0.074763	-0.136682
-0.0671092	-0.139369
-0.0700563	-0.137861
-0.073703	-0.136158
-0.0715118	-0.130265
-0.0710863	-0.12804
-0.07766	-0.128251
-0.0863129	-0.126358
-0.0943448	-0.142152
-0.101461	-0.138096
-0.102687	-0.123679
-0.101253	-0.135445
-0.102768	-0.13331
-0.101245	-0.128618
-0.10781	-0.123106
-0.101998	-0.122312
-0.108877	-0.118653
-0.100662	-0.110627
-0.0997093	-0.111954
-0.0947434	-0.107636
-0.102399	-0.106785
-0.104211	-0.107075
-0.107846	-0.10535
-0.112107	-0.105287
-0.115541	-0.107176
-0.115649	-0.106594
-0.110555	-0.105708
-0.117789	-0.108477
-0.135686	-0.0987854
-0.140692	-0.0984222
-0.137757	-0.098145
-0.12694	-0.0932205
-0.131664	-0.0781252
-0.134064	-0.0960988
-0.13092	-0.0955496
-0.131032	-0.0992672
-0.131161	-0.0869649
-0.137691	-0.0949222
-0.140729	-0.0997822
-0.147287	-0.112881
-0.143186	-0.110722
-0.139688	-0.114634
-0.138424	-0.111917
-0.127139	-0.105286
-0.120089	-0.117946
-0.119933	-0.115858
-0.11197	-0.122732
-0.126934	-0.117368
-0.132523	-0.116088
-0.123678	-0.122117
-0.124428	-0.124287
-0.121406	-0.108923
-0.118427	-0.110246
-0.118889	-0.10985
-0.120058	-0.12638
-0.118739	-0.125319
-0.110049	-0.104776
-0.108271	-0.096811
-0.102946	-0.110857
-0.103377	-0.111298
-0.106606	-0.115998
-0.0916552	-0.101106
-0.106816	-0.108111
-0.0928501	-0.11234
-0.0952643	-0.112958
-0.0843476	-0.120074
-0.086596	-0.121128
-0.0834914	-0.117636
-0.0875239	-0.122412
-0.0919178	-0.121602
-0.0981862	-0.11956
-0.0971875	-0.121175
-0.107069	-0.12819
-0.1023	-0.115873
-0.106732	-0.106941
-0.112104	-0.106569
-0.109169	-0.115186
-0.106591	-0.116091
-0.104757	-0.113688
-0.110191	-0.111367
-0.114269	-0.115197
-0.114103	-0.114437
-0.117331	-0.115807
-0.11987	-0.11297
-0.108746	-0.108609
-0.109874	-0.113104
-0.11815	-0.123396
-0.125116	-0.110827
-0.122556	-0.111061
-0.126238	-0.123985
-0.122429	-0.119145
-0.120079	-0.119508
-0.127165	-0.120793
-0.125045	-0.112777
-0.146882	-0.12265
-0.140747	-0.118643
-0.137364	-0.104514
-0.116281	-0.109807
-0.118217	-0.115245
-0.108702	-0.120881
-0.0949974	-0.101892
-0.0994068	-0.104883
-0.107857	-0.101796
-0.104424	-0.102448
-0.11072	-0.104604
-0.111926	-0.120838
-0.139119	-0.107925
-0.138277	-0.102501
-0.127798	-0.0857264
-0.134682	-0.0821201
-0.119345	-0.0690152
-0.123583	-0.0742152
-0.12243	-0.0720974
-0.106097	-0.0557585
-0.112018	-0.0574985
-0.115663	-0.0621363
-0.11627	-0.0620459
-0.105042	-0.0641868
-0.11357	-0.0636428
-0.1143	-0.0478524
-0.125017	-0.0323416
-0.128697	-0.0324745
-0.126194	-0.0317037
-0.130563	-0.0247087
-0.140609	-0.0223053
-0.149577	-0.0171152
-0.147736	-0.0179708
-0.149862	-0.0188467
-0.151308	-0.019428
-0.15289	-0.0195506
-0.164043	-0.0187581
-0.163427	-0.0195117
-0.162398	-0.0193586
-0.159089	-0.0207369
-0.155324	-0.0244294
-0.149318	-0.0245337
-0.153766	-0.0242288
-0.164527	-0.0341797
-0.168481	-0.0364386
-0.167213	-0.0374734
-0.168917	-0.0350181
-0.162418	-0.0305969
-0.163835	-0.0343781
-0.166834	-0.03932
-0.185492	-0.0396282
-0.185784	-0.0273496
-0.179925	-0.029112
-0.174918	-0.0262142
-0.170632	-0.0256973
-0.154515	-0.0331615
-0.145176	-0.0340078
-0.147537	-0.0330024
-0.149976	-0.0314474
-0.158031	-0.0307389
-0.154698	-0.0296261
