0.00511276	-0.00515612
0.0103678	-0.0103945
0.0166591	-0.0172923
0.0238275	-0.0239777
0.0268379	-0.0277246
0.0296615	-0.0332473
0.0319314	-0.0389014
0.0332564	-0.0445987
0.0341924	-0.0510285
0.0322407	-0.055889
0.0299865	-0.0610849
0.0275625	-0.0667293
0.0246407	-0.0721717
0.0218633	-0.0792231
0.0192661	-0.0857555
0.015328	-0.0920777
0.00963187	-0.0986719
0.00349942	-0.106152
-0.00132367	-0.110828
-0.00757676	-0.11562
-0.0156582	-0.12028
-0.0235135	-0.124798
-0.0313321	-0.129567
-0.0366124	-0.135718
-0.0418542	-0.140753
-0.0495252	-0.146698
-0.0568667	-0.148588
-0.0649632	-0.149491
-0.0719896	-0.155145
-0.0796676	-0.158113
-0.0883095	-0.160777
-0.0962651	-0.163492
-0.10546	-0.165972
-0.115004	-0.168473
-0.12442	-0.171211
-0.133775	-0.174048
-0.143474	-0.177066
-0.155113	-0.181569
-0.166219	-0.185701
-0.175564	-0.188384
-0.18553	-0.18968
-0.195444	-0.190119
-0.20466	-0.190316
-0.214435	-0.189117
-0.222255	-0.187295
-0.230522	-0.188206
-0.23851	-0.190298
-0.246219	-0.195219
-0.254859	-0.19948
-0.263695	-0.202867
-0.272263	-0.206093
-0.280652	-0.209177
-0.28795	-0.212704
-0.29477	-0.21687
-0.301705	-0.221595
-0.308319	-0.22592
-0.312702	-0.231624
-0.318229	-0.235221
-0.324348	-0.239986
-0.331179	-0.24464
-0.339243	-0.249497
-0.348475	-0.255308
-0.359107	-0.259108
-0.36961	-0.26258
-0.381401	-0.265168
-0.395013	-0.269451
-0.407847	-0.274883
-0.418303	-0.276407
-0.424323	-0.278215
-0.42987	-0.278456
-0.435919	-0.279045
-0.442646	-0.280212
-0.448482	-0.280716
-0.458053	-0.27735
-0.468454	-0.274777
-0.479541	-0.272388
-0.492091	-0.268727
-0.504517	-0.263731
-0.515392	-0.258919
-0.525223	-0.254163
-0.534628	-0.249195
-0.543355	-0.24438
-0.551585	-0.240177
-0.559096	-0.235222
-0.566266	-0.230247
-0.573274	-0.225696
-0.582921	-0.223205
-0.591698	-0.223008
-0.600693	-0.223315
-0.609413	-0.223656
-0.617964	-0.226774
-0.624119	-0.229762
-0.630101	-0.231726
-0.638081	-0.232066
-0.645131	-0.232658
-0.652241	-0.233329
-0.657294	-0.235966
-0.662193	-0.235529
-0.667732	-0.23586
-0.673223	-0.23593
-0.678752	-0.238671
-0.685067	-0.24239
-0.691493	-0.244349
-0.698885	-0.247219
-0.708452	-0.24879
-0.718556	-0.253249
-0.72716	-0.258624
-0.735338	-0.264356
-0.743204	-0.269653
-0.749859	-0.276735
-0.754391	-0.282699
-0.758427	-0.290285
-0.763193	-0.295152
-0.769009	-0.301436
-0.774797	-0.30722
-0.780801	-0.312692
-0.787864	-0.31565
-0.79447	-0.318631
-0.800358	-0.321213
-0.803508	-0.325504
-0.804936	-0.33037
-0.804834	-0.335673
-0.804883	-0.338652
-0.804242	-0.345341
-0.801654	-0.351594
-0.798253	-0.357935
-0.792546	-0.366253
-0.786729	-0.374239
-0.780877	-0.382081
-0.774199	-0.389336
-0.76831	-0.397638
-0.761819	-0.405112
-0.756487	-0.413448
-0.751371	-0.420935
-0.745953	-0.427987
-0.740493	-0.435295
-0.735477	-0.442806
-0.729651	-0.449046
-0.723054	-0.454468
-0.715234	-0.459417
-0.707382	-0.46428
-0.700539	-0.473968
-0.694116	-0.482588
-0.688892	-0.488049
-0.68357	-0.493595
-0.678942	-0.499747
-0.674728	-0.503612
-0.670319	-0.509976
-0.669519	-0.516374
-0.669958	-0.524527
-0.666963	-0.532745
-0.663568	-0.541203
-0.661091	-0.547786
-0.660107	-0.559862
-0.657264	-0.571068
-0.653996	-0.581107
-0.651021	-0.59119
-0.647964	-0.600898
-0.646004	-0.610962
-0.644239	-0.620545
-0.642755	-0.628183
-0.641151	-0.636524
-0.637306	-0.641526
-0.634378	-0.644838
-0.632007	-0.648004
-0.628218	-0.650653
-0.619998	-0.654736
-0.611886	-0.657214
-0.601883	-0.656741
-0.591885	-0.658287
-0.582761	-0.660334
-0.574443	-0.662858
-0.566346	-0.664027
-0.559147	-0.666665
-0.550689	-0.66832
-0.542775	-0.670072
-0.535671	-0.66996
-0.526851	-0.667144
-0.519344	-0.661233
-0.509406	-0.656857
-0.500388	-0.652691
-0.491946	-0.647523
-0.483128	-0.641669
-0.474665	-0.634983
-0.467541	-0.626132
-0.461517	-0.618548
-0.457349	-0.611117
-0.454029	-0.605303
-0.45132	-0.598076
-0.448398	-0.588027
-0.444956	-0.578865
-0.442885	-0.571341
-0.439924	-0.563764
-0.437253	-0.556077
-0.436205	-0.548008
-0.438156	-0.541418
-0.43996	-0.533774
-0.441562	-0.525443
-0.441193	-0.518718
-0.44004	-0.512587
-0.439788	-0.504533
-0.440245	-0.49705
-0.441265	-0.489444
-0.441673	-0.483826
-0.442451	-0.479251
-0.443918	-0.472654
-0.444157	-0.465897
-0.445728	-0.460653
-0.447323	-0.45435
-0.448404	-0.448246
-0.455091	-0.43909
-0.46257	-0.432419
-0.469777	-0.426312
-0.476227	-0.418301
-0.484618	-0.409855
-0.494249	-0.406643
-0.506682	-0.405922
-0.518448	-0.405425
-0.528126	-0.405362
-0.538423	-0.405181
-0.547658	-0.404876
-0.557393	-0.403948
-0.563969	-0.401465
-0.569432	-0.39732
-0.57519	-0.392786
-0.58062	-0.387775
-0.584207	-0.382322
-0.589558	-0.376357
-0.594266	-0.3734
-0.599732	-0.37139
-0.607362	-0.369823
-0.613005	-0.366636
-0.618039	-0.360947
-0.622591	-0.354419
-0.628132	-0.349457
-0.634596	-0.345389
-0.644031	-0.34338
-0.652646	-0.339302
-0.661863	-0.334024
-0.670788	-0.329202
-0.675051	-0.323573
-0.677739	-0.315473
-0.680013	-0.307789
-0.681686	-0.300532
-0.685166	-0.289649
-0.687034	-0.278897
-0.688461	-0.269045
-0.686504	-0.257122
-0.684825	-0.245975
-0.683204	-0.234948
-0.681866	-0.221764
-0.678809	-0.210921
-0.676233	-0.200619
-0.67294	-0.192076
-0.669806	-0.183755
-0.666766	-0.176286
-0.665262	-0.167844
-0.663524	-0.158886
-0.664164	-0.152203
-0.66415	-0.144644
-0.663591	-0.135868
-0.659289	-0.12343
-0.655887	-0.112155
-0.653756	-0.10254
-0.651798	-0.0946276
-0.649751	-0.0864832
-0.647469	-0.0785457
-0.647822	-0.0713082
-0.647241	-0.0640303
-0.642514	-0.0559403
-0.638362	-0.0486972
-0.638415	-0.0394235
-0.637631	-0.0306399
-0.636669	-0.0221316
-0.635023	-0.0140033
-0.632335	-0.00643335
-0.627041	0.00198935
-0.62382	0.0107936
-0.620246	0.0188421
-0.616419	0.0264601
-0.61248	0.0340984
-0.607704	0.0416685
-0.597881	0.0478386
-0.588892	0.0536413
-0.580627	0.0592502
-0.572715	0.0680714
-0.567854	0.0728644
-0.562176	0.0779425
-0.553632	0.0806356
-0.544774	0.0825013
-0.537142	0.0849682
-0.529916	0.0877381
-0.522663	0.089982
-0.515672	0.0929577
-0.511519	0.0962208
-0.509589	0.0984671
-0.507518	0.102032
-0.505008	0.106186
-0.502362	0.108411
-0.500246	0.112429
-0.496902	0.11512
-0.491834	0.118434
-0.488698	0.122281
-0.485669	0.12637
-0.482248	0.131049
-0.479158	0.136061
-0.477088	0.140413
-0.474881	0.142153
-0.47206	0.144811
-0.469957	0.149338
-0.470341	0.15416
-0.468076	0.159068
-0.467698	0.163271
-0.466326	0.167611
-0.466914	0.175754
-0.465691	0.183484
-0.463857	0.191004
-0.461621	0.197895
-0.460033	0.204044
-0.459052	0.20856
-0.459188	0.212347
-0.457999	0.216525
-0.451977	0.223514
-0.446531	0.230602
-0.439874	0.238673
-0.433839	0.246925
-0.427644	0.254518
-0.421798	0.261286
-0.416262	0.268161
-0.410855	0.27477
-0.405275	0.2811
-0.399825	0.284773
-0.394078	0.288556
-0.388802	0.289921
-0.383077	0.290124
-0.376566	0.290994
-0.37358	0.295453
-0.370022	0.300206
-0.366551	0.304915
-0.362713	0.309306
-0.35917	0.313195
-0.355114	0.317214
-0.350319	0.322038
-0.343365	0.325341
-0.338043	0.330791
-0.332334	0.335086
-0.328163	0.340377
-0.323073	0.346556
-0.318063	0.351079
-0.314482	0.356045
-0.308565	0.360762
-0.302844	0.361732
-0.300253	0.36072
-0.297453	0.359065
-0.295667	0.356999
-0.293086	0.354558
-0.289917	0.351157
-0.285282	0.347631
-0.279369	0.345547
-0.274141	0.343648
-0.26771	0.342286
-0.261248	0.338425
-0.25743	0.336215
-0.252826	0.334171
-0.2485	0.336923
-0.243103	0.338732
-0.238768	0.342456
-0.235174	0.346915
-0.230673	0.352798
-0.224924	0.356597
-0.218304	0.360697
-0.210401	0.362742
-0.200899	0.36226
-0.191741	0.361443
-0.181307	0.361445
-0.171574	0.362715
-0.161217	0.362252
-0.149184	0.362209
-0.136127	0.363188
-0.123564	0.365027
-0.113382	0.36662
-0.101777	0.367491
-0.0915863	0.369125
-0.0813075	0.369092
-0.0689017	0.370131
-0.0574338	0.371382
-0.0461552	0.372764
-0.0343929	0.375302
-0.02218	0.380555
-0.0113974	0.383006
-0.00287318	0.384633
0.00526384	0.387796
0.0126543	0.392965
0.0236868	0.398785
0.0343753	0.403722
0.0442959	0.409148
0.0537957	0.413665
0.0601582	0.418076
0.0658232	0.421664
0.0720244	0.425002
0.0805423	0.429099
0.0854043	0.430841
0.0913619	0.431344
0.100724	0.432129
0.109766	0.434092
0.117038	0.435421
0.122135	0.437247
0.128066	0.438074
0.13223	0.439158
0.138988	0.439438
0.143463	0.436955
0.147893	0.43418
0.153864	0.43122
0.159672	0.430326
0.166466	0.428737
0.174286	0.427041
0.181794	0.42454
0.190337	0.423618
0.198488	0.42461
0.205995	0.426532
0.213414	0.428081
0.221683	0.429035
0.22954	0.429863
0.2376	0.430249
0.245847	0.428655
0.254079	0.427529
0.259137	0.423788
0.261219	0.419841
0.262787	0.414559
0.26056	0.409169
0.258202	0.403451
0.25685	0.398701
0.255902	0.395343
0.255906	0.391592
0.255592	0.389838
0.255329	0.387016
0.25474	0.386033
0.252549	0.380262
0.250191	0.373938
0.248505	0.367152
0.246763	0.360084
0.244754	0.353288
0.244352	0.345104
0.243226	0.337574
0.240435	0.330114
0.236238	0.323347
0.231685	0.317788
0.227399	0.312541
0.22322	0.30716
0.219944	0.302017
0.215689	0.297324
0.211221	0.293757
0.208902	0.290784
0.206077	0.287687
0.204692	0.283783
0.203418	0.278993
0.202984	0.274768
0.202826	0.273424
0.205139	0.268778
0.205896	0.263203
0.20359	0.257159
0.201213	0.250604
0.198647	0.243747
0.198305	0.233305
0.196437	0.22626
0.191472	0.220842
0.186669	0.215166
0.180983	0.207126
0.175491	0.199296
0.171043	0.186792
0.167166	0.175725
0.163563	0.165648
0.159438	0.158921
0.155395	0.15218
0.150663	0.144537
0.146496	0.138404
0.142281	0.131946
0.138154	0.125422
0.13418	0.118871
0.133868	0.115051
0.130331	0.108552
0.127032	0.10062
0.12395	0.0925946
0.117535	0.082902
0.110321	0.0746146
0.103126	0.072368
0.0961409	0.0699064
0.089681	0.0660262
0.0831297	0.0617656
0.078258	0.0542024
0.0749697	0.047206
0.0725029	0.0408215
0.069927	0.0365079
0.0673118	0.0325708
0.0636561	0.0278571
0.0599326	0.022727
0.0568294	0.0141888
0.0537042	0.00608976
0.0498751	-0.00280597
0.0441357	-0.00794115
0.0397779	-0.010705
0.0352553	-0.013216
0.0314457	-0.0131975
0.0278122	-0.0134677
0.0230323	-0.0135383
0.0167396	-0.0150213
0.0120478	-0.0168348
0.00703703	-0.019114
0.00536321	-0.0184147
0.0019937	-0.0181293
-0.00482124	-0.0169452
-0.0122118	-0.0182607
-0.0196669	-0.0202755
-0.027916	-0.0197446
-0.0362012	-0.0192073
-0.0440233	-0.0193882
-0.0516648	-0.0197421
-0.0586456	-0.019989
-0.0653591	-0.0202827
-0.0734603	-0.020942
-0.0807062	-0.0224419
-0.0872803	-0.0230628
-0.0938486	-0.0243006
-0.0973402	-0.0302477
-0.1014	-0.0356664
-0.104216	-0.042306
-0.108325	-0.0484506
-0.112251	-0.0548438
-0.117525	-0.0633973
-0.12293	-0.071988
-0.127635	-0.0794054
-0.129592	-0.0859116
-0.131595	-0.0938974
-0.133461	-0.101802
-0.135724	-0.109924
-0.13779	-0.119044
-0.13938	-0.126776
-0.140113	-0.136373
-0.141917	-0.144697
-0.14439	-0.15257
-0.143997	-0.159974
-0.144212	-0.166697
-0.145023	-0.173436
-0.146509	-0.179879
-0.15203	-0.185551
-0.157664	-0.191044
-0.162664	-0.198749
-0.164853	-0.205297
-0.167703	-0.211761
-0.170977	-0.221636
-0.175422	-0.231382
-0.180071	-0.240341
-0.180681	-0.249554
-0.183491	-0.259426
-0.186249	-0.266753
-0.189015	-0.274921
-0.191538	-0.282236
-0.197266	-0.287061
-0.204424	-0.290622
-0.211861	-0.291817
-0.217548	-0.295192
-0.223335	-0.298605
-0.225002	-0.300266
-0.22594	-0.300566
-0.228636	-0.301849
-0.231943	-0.305731
-0.236259	-0.310241
-0.240498	-0.316167
-0.246807	-0.323601
-0.253997	-0.334421
-0.25796	-0.344404
-0.260645	-0.354007
-0.265342	-0.359853
-0.269773	-0.365159
-0.275451	-0.370065
-0.28106	-0.374403
-0.285341	-0.381723
-0.290132	-0.389187
-0.294052	-0.395303
-0.298347	-0.401545
-0.302658	-0.408607
-0.306189	-0.415352
-0.310404	-0.423344
-0.314772	-0.430841
-0.319319	-0.438006
-0.324782	-0.444781
-0.328822	-0.451005
-0.338848	-0.456926
-0.348053	-0.462552
-0.358406	-0.466159
-0.370876	-0.467302
-0.381263	-0.46708
-0.391167	-0.466901
-0.399705	-0.468361
-0.408817	-0.467471
-0.416623	-0.466711
-0.422355	-0.465911
-0.428952	-0.466661
-0.436739	-0.46553
-0.442871	-0.464992
-0.449135	-0.463806
-0.454747	-0.46426
-0.460589	-0.465189
-0.468339	-0.46497
-0.47542	-0.461185
-0.482818	-0.458459
-0.490282	-0.455391
-0.495504	-0.457628
-0.500963	-0.459945
-0.50679	-0.462118
-0.513766	-0.465351
-0.520864	-0.466314
-0.527097	-0.466706
-0.53392	-0.466833
-0.541276	-0.466191
-0.548522	-0.465349
-0.554483	-0.464928
-0.560304	-0.463705
-0.568513	-0.46117
-0.575121	-0.459535
-0.58076	-0.457052
-0.586588	-0.454496
-0.589175	-0.452244
-0.593178	-0.450863
-0.599189	-0.447467
-0.606819	-0.439858
-0.614204	-0.432666
-0.620239	-0.425527
-0.626462	-0.420396
-0.631032	-0.415387
-0.634943	-0.413253
-0.639847	-0.410655
-0.644866	-0.410935
-0.651206	-0.412961
-0.657546	-0.41515
-0.663783	-0.41738
-0.668436	-0.419246
-0.670697	-0.421709
-0.672941	-0.423715
-0.675957	-0.423881
-0.680052	-0.423345
-0.684955	-0.422584
-0.690735	-0.420541
-0.694661	-0.420354
-0.697251	-0.4192
-0.698913	-0.417664
-0.699371	-0.416843
-0.701379	-0.412812
-0.704238	-0.409338
-0.707409	-0.405928
-0.710205	-0.399826
-0.712543	-0.393792
-0.716133	-0.387964
-0.718812	-0.382091
-0.720559	-0.374295
-0.72187	-0.366038
-0.7229	-0.358265
-0.725598	-0.348972
-0.728249	-0.33901
-0.728415	-0.330468
-0.728742	-0.322957
-0.729355	-0.315893
-0.729704	-0.307583
-0.729749	-0.299347
-0.729631	-0.291394
-0.729007	-0.28032
-0.728441	-0.269465
-0.729106	-0.259292
-0.730295	-0.247451
-0.730952	-0.236167
-0.730437	-0.225437
-0.730643	-0.215021
-0.731453	-0.204299
-0.730003	-0.19475
-0.729083	-0.182818
-0.728233	-0.171055
-0.728353	-0.160099
-0.727875	-0.150371
-0.726657	-0.140897
-0.725093	-0.130473
-0.724515	-0.121293
-0.723018	-0.11134
-0.720899	-0.0999212
-0.718261	-0.0889059
-0.715547	-0.0812963
-0.713099	-0.0740171
-0.710953	-0.0681268
-0.705329	-0.0638598
-0.699895	-0.0579991
-0.694325	-0.0507635
-0.688814	-0.0441248
-0.683726	-0.0361697
-0.678703	-0.0273109
-0.676149	-0.0214214
-0.674864	-0.0170701
-0.673131	-0.0126312
-0.670478	-0.00741965
-0.66604	-0.00467341
-0.660322	-0.00267484
-0.654567	0.000143181
-0.649585	0.00528293
-0.644873	0.0100171
-0.639553	0.0153052
-0.633644	0.0202596
-0.627879	0.0247186
-0.622377	0.0290067
-0.612894	0.0359345
-0.602969	0.042137
-0.596393	0.047381
-0.594554	0.0526628
-0.592368	0.0571881
-0.588771	0.0656122
-0.584447	0.0732559
-0.580085	0.0801406
-0.576368	0.0868211
-0.574035	0.0927764
-0.573265	0.0971779
-0.571874	0.103871
-0.569018	0.110681
-0.566171	0.116643
-0.562855	0.125695
-0.558318	0.134915
-0.553794	0.139214
-0.548167	0.144631
-0.542169	0.15053
-0.536364	0.156786
-0.531643	0.1621
-0.528132	0.17064
-0.523563	0.175372
-0.518954	0.1802
-0.516711	0.184087
-0.515486	0.188438
-0.513542	0.193261
-0.510843	0.198378
-0.508528	0.208365
-0.509265	0.215512
-0.509339	0.22227
-0.509141	0.228405
-0.509114	0.234708
-0.508649	0.242787
-0.509221	0.250857
-0.510498	0.258171
-0.509677	0.265524
-0.507712	0.272947
-0.50497	0.28224
-0.50062	0.291532
-0.497478	0.302483
-0.494872	0.311676
-0.492082	0.320232
-0.488745	0.328842
-0.482822	0.337714
-0.477537	0.346048
-0.471962	0.353333
-0.465044	0.362104
-0.458928	0.370736
-0.452491	0.379148
-0.44607	0.386948
-0.438399	0.392423
-0.430139	0.39608
-0.420936	0.399899
-0.407713	0.400659
-0.395898	0.401053
-0.385707	0.401151
-0.375198	0.402807
-0.365778	0.404246
-0.356643	0.405474
-0.346405	0.40462
-0.335006	0.401681
-0.324933	0.40001
-0.314245	0.400644
-0.302743	0.399667
-0.291676	0.398318
-0.280588	0.399245
-0.271427	0.400093
-0.262736	0.40059
-0.252374	0.40024
-0.24171	0.402804
-0.234476	0.404818
-0.222945	0.402675
-0.211931	0.400583
-0.201953	0.398533
-0.194082	0.394777
-0.190442	0.390052
-0.184949	0.386314
-0.179431	0.383007
-0.175747	0.380725
-0.170484	0.37853
-0.164425	0.376255
-0.158376	0.374866
-0.149587	0.37245
-0.140758	0.368212
-0.133576	0.360718
-0.128801	0.355532
-0.123007	0.3465
-0.117076	0.338398
-0.108922	0.331758
-0.102759	0.326914
-0.0967523	0.322277
-0.0905848	0.317836
-0.0833405	0.313147
-0.0762892	0.308458
-0.067387	0.301189
-0.0589008	0.294484
-0.0526217	0.287839
-0.0485022	0.282116
-0.0454622	0.279465
-0.043217	0.276174
-0.0398548	0.272694
-0.0354841	0.269724
-0.0318611	0.267095
-0.0282286	0.264147
-0.0244473	0.257172
-0.0211977	0.249376
-0.0169955	0.239003
-0.0128353	0.228567
-0.00740725	0.220299
-0.00271108	0.211788
0.000769566	0.202182
0.00318353	0.189248
0.00535588	0.179856
0.00755705	0.170774
0.0101754	0.161885
0.0131015	0.149569
0.0143211	0.136315
0.0151888	0.123572
0.0144804	0.115525
0.0138549	0.107814
0.0134809	0.0988577
0.013879	0.0878746
0.0141895	0.0768963
0.01552	0.0653961
0.0173783	0.0518019
0.0170953	0.0376471
0.0162472	0.0271318
0.0170694	0.0139043
0.0169673	0.00249668
0.0164437	-0.00849589
0.0154062	-0.0178573
0.0132347	-0.0280698
0.0118582	-0.0378646
0.0101684	-0.0472657
0.0071962	-0.0556251
0.00104718	-0.0660904
-0.00449981	-0.0753916
-0.00621392	-0.0837329
-0.00604723	-0.0928712
-0.00764977	-0.102224
-0.0120496	-0.111183
-0.0166314	-0.119193
-0.0215975	-0.126964
-0.0271175	-0.133749
-0.0315462	-0.137868
-0.0361659	-0.144168
-0.0423839	-0.151306
-0.0487373	-0.15809
-0.0554953	-0.163905
-0.0622652	-0.169431
-0.0704243	-0.174907
-0.0774305	-0.180308
-0.0863371	-0.184906
-0.0986785	-0.188562
-0.110721	-0.188542
-0.121848	-0.188824
-0.132465	-0.189133
-0.141704	-0.188898
-0.150362	-0.189042
-0.161099	-0.189467
-0.171123	-0.19032
-0.179618	-0.190981
-0.186368	-0.193366
-0.193178	-0.193799
-0.197785	-0.195995
-0.20311	-0.199511
-0.210547	-0.20446
-0.217208	-0.208442
-0.223336	-0.211947
-0.230393	-0.218499
-0.237473	-0.225
-0.243496	-0.231895
-0.249024	-0.23887
-0.252657	-0.247999
-0.258854	-0.258893
-0.264537	-0.270029
-0.269775	-0.281052
-0.274102	-0.29276
-0.278452	-0.302729
-0.282693	-0.311801
-0.287008	-0.323396
-0.2924	-0.331758
-0.298735	-0.338753
-0.305237	-0.345647
-0.308752	-0.352457
-0.311706	-0.358598
-0.317944	-0.359698
-0.323701	-0.358455
-0.328567	-0.357453
-0.334448	-0.356588
-0.341738	-0.35678
-0.349691	-0.355467
-0.357555	-0.356816
-0.365476	-0.357313
-0.373147	-0.357127
-0.38196	-0.358011
-0.389686	-0.357213
-0.397478	-0.356617
-0.406156	-0.355424
-0.414531	-0.354538
-0.422128	-0.351913
-0.432277	-0.34923
-0.442553	-0.346349
-0.453478	-0.341356
-0.461765	-0.340575
-0.469254	-0.339081
-0.47701	-0.337645
-0.484948	-0.338184
-0.49538	-0.336008
-0.50482	-0.333102
-0.514188	-0.330997
-0.523366	-0.331016
-0.533433	-0.329932
-0.542907	-0.332442
-0.550795	-0.335108
-0.560113	-0.339104
-0.57082	-0.342903
-0.57937	-0.345959
-0.587641	-0.349197
-0.593457	-0.352044
-0.599537	-0.353796
-0.607728	-0.354692
-0.615438	-0.355075
-0.623148	-0.355541
-0.630946	-0.356404
-0.640131	-0.355981
-0.64931	-0.355708
-0.657691	-0.355561
-0.66515	-0.353979
-0.670631	-0.351717
-0.676168	-0.34962
-0.682142	-0.346725
-0.687926	-0.343467
-0.693183	-0.3403
-0.700681	-0.338046
-0.706027	-0.333939
-0.710862	-0.328269
-0.718818	-0.324077
-0.725461	-0.319905
-0.732271	-0.31534
-0.737605	-0.307233
-0.743246	-0.299111
-0.74773	-0.291317
-0.752995	-0.283348
-0.75724	-0.275558
-0.762474	-0.268621
-0.766772	-0.261525
-0.771868	-0.254199
-0.778066	-0.247449
-0.781398	-0.239918
-0.784048	-0.23231
-0.785945	-0.224875
-0.786992	-0.217686
-0.788211	-0.21313
-0.790644	-0.207247
-0.789977	-0.201721
-0.788713	-0.195992
-0.787893	-0.189937
-0.784418	-0.183584
-0.780577	-0.178911
-0.776772	-0.17308
-0.77278	-0.163018
-0.769461	-0.153782
-0.765662	-0.144705
-0.76187	-0.132996
-0.756597	-0.123801
-0.752436	-0.114555
-0.747899	-0.105596
-0.742087	-0.0960607
-0.737261	-0.0865098
-0.730898	-0.0785516
-0.728671	-0.0717791
-0.725958	-0.0650128
-0.725426	-0.0576186
-0.721673	-0.0526666
-0.717727	-0.0493386
-0.716663	-0.0466158
-0.720205	-0.0421861
-0.725493	-0.0367981
-0.730293	-0.031597
-0.734888	-0.0261139
-0.737591	-0.0242533
-0.741666	-0.0216729
-0.747036	-0.0204102
-0.752123	-0.0167741
-0.756982	-0.0127237
-0.760797	-0.0061992
-0.762654	0.000797287
-0.762695	0.00754403
-0.763747	0.0161299
-0.764222	0.024467
-0.766167	0.0315843
-0.766463	0.0394493
-0.765735	0.0464348
-0.764374	0.0519468
-0.760175	0.0582672
-0.756773	0.0630074
-0.750419	0.0681353
-0.742344	0.067523
-0.731421	0.0667559
-0.721691	0.0655307
-0.712905	0.0635314
-0.703993	0.0620105
-0.693428	0.0592672
-0.682853	0.0569028
-0.671759	0.0564167
-0.659699	0.0550549
-0.649254	0.0552512
-0.63925	0.0559693
-0.62576	0.0580565
-0.614061	0.0615463
-0.602504	0.0632425
-0.591733	0.0653803
-0.581258	0.0673911
-0.572669	0.0689934
-0.563293	0.0691151
-0.553655	0.0713733
-0.544925	0.0735977
-0.536461	0.0787627
-0.525691	0.0804069
-0.512377	0.083248
-0.501093	0.0851107
-0.490644	0.0864876
-0.479389	0.0881051
-0.46378	0.0906937
-0.44471	0.096946
-0.427077	0.100489
-0.40997	0.103502
-0.394728	0.103655
-0.381198	0.105408
-0.370282	0.102862
-0.359425	0.10036
-0.349637	0.0961392
-0.340059	0.0918207
-0.329393	0.0861354
-0.317329	0.081294
-0.305852	0.0766761
-0.294697	0.0725901
-0.284324	0.0685941
-0.27613	0.061957
-0.268144	0.0549478
-0.256728	0.0486734
-0.246406	0.0435938
-0.236731	0.0401957
-0.225646	0.0372483
-0.215215	0.0345398
-0.202116	0.032399
-0.190917	0.0314589
-0.183207	0.0302909
-0.174899	0.0298779
-0.168223	0.0290088
-0.163123	0.0284014
-0.157001	0.0278955
-0.150784	0.0279693
-0.143737	0.0281549
-0.13509	0.0297383
-0.128344	0.0313623
-0.120598	0.0338336
-0.113417	0.0358522
-0.108909	0.0410239
-0.104167	0.0464444
-0.0974331	0.0523391
-0.0907765	0.0628439
-0.0826267	0.0725779
-0.074295	0.082995
-0.0657358	0.0904298
-0.0609545	0.0987041
-0.057257	0.106472
-0.0536913	0.114384
-0.0493239	0.124529
-0.0464795	0.137449
-0.0411721	0.151841
-0.0356208	0.164873
-0.0300866	0.177062
-0.0246577	0.188448
-0.021619	0.2002
-0.0197851	0.20844
-0.0192176	0.217562
-0.01867	0.226296
-0.0172147	0.235042
-0.0158466	0.244527
-0.0145626	0.254181
-0.0104485	0.265471
-0.00733495	0.274191
-0.00408866	0.28268
-0.000246235	0.288912
0.00217277	0.296486
0.00207472	0.307508
0.00334226	0.318057
0.00458927	0.331535
0.00208095	0.343607
0.00100033	0.355461
0.000384599	0.366504
0.00376762	0.374029
0.0089905	0.380702
0.0134938	0.386636
0.0182876	0.393731
0.0235992	0.400394
0.0318133	0.408974
0.0391626	0.415474
0.0463291	0.421782
0.0558642	0.427212
0.0628241	0.431619
0.0695869	0.435653
0.0773644	0.439598
0.0846266	0.441969
0.0913953	0.442291
0.0979912	0.441597
0.104949	0.43974
0.112381	0.436727
0.119969	0.432572
0.127714	0.429851
0.135304	0.426835
0.143399	0.424049
0.152664	0.421252
0.16252	0.418047
0.171664	0.415006
0.179405	0.409271
0.185884	0.404507
0.19196	0.401633
0.196446	0.398905
0.196786	0.394971
0.194431	0.38837
0.193084	0.3812
0.191462	0.373859
0.191555	0.36584
0.192564	0.358064
0.195519	0.352983
0.19895	0.347525
0.201599	0.342307
0.20444	0.336309
0.205989	0.33171
0.207267	0.327897
0.209362	0.3237
0.211948	0.318983
0.214409	0.31427
0.217894	0.309
0.221767	0.301513
0.225492	0.29437
0.229712	0.288999
0.232959	0.285259
0.23575	0.280951
0.238787	0.276965
0.242571	0.271108
0.243463	0.263349
0.243472	0.25464
0.241508	0.244133
0.238936	0.234856
0.23607	0.225194
0.232194	0.217237
0.225617	0.209193
0.220102	0.202697
0.216921	0.196811
0.212448	0.190595
0.208163	0.185425
0.203897	0.180803
0.199453	0.176361
0.198025	0.168851
0.19938	0.160853
0.199563	0.150749
0.203252	0.138424
0.206625	0.126869
0.208329	0.116429
0.209265	0.106365
0.208856	0.0939188
0.208684	0.0879812
0.207801	0.0819297
0.206566	0.0745408
0.202385	0.0672238
0.197437	0.0596303
0.19223	0.0524802
0.186834	0.0475089
0.182115	0.0441884
0.176172	0.0396219
0.171471	0.0334292
0.1663	0.0275784
0.159173	0.0233858
0.151798	0.0198741
0.143912	0.015963
0.134766	0.0123406
0.124685	0.00786725
0.11612	0.00329731
0.107116	-0.00301216
0.0977436	-0.00918581
0.0922685	-0.0140475
0.0862378	-0.0207099
0.0795943	-0.0270263
0.0729772	-0.0318751
0.0663727	-0.0364325
0.057746	-0.0400378
0.047598	-0.0434176
0.0393797	-0.0462661
0.0302375	-0.0506666
0.023496	-0.0553438
0.0174269	-0.0616143
0.0129336	-0.0683313
0.0077911	-0.0748439
0.00223761	-0.081193
-0.00430609	-0.0905331
-0.0110454	-0.0986233
-0.018459	-0.107997
-0.0264457	-0.118662
-0.034355	-0.128395
-0.0419646	-0.137191
-0.0510529	-0.147321
-0.0628025	-0.157716
-0.0737661	-0.166825
-0.0836415	-0.174905
-0.092842	-0.186419
-0.10146	-0.197476
-0.109098	-0.205192
-0.119017	-0.211
-0.126644	-0.214155
-0.134709	-0.218729
-0.143102	-0.223284
-0.153176	-0.230745
-0.163516	-0.236124
-0.172618	-0.245961
-0.181414	-0.254023
-0.189157	-0.260889
-0.196323	-0.268153
-0.20051	-0.272945
-0.205352	-0.277907
-0.210124	-0.283538
-0.215219	-0.289429
-0.221039	-0.294033
-0.229122	-0.296818
-0.234613	-0.301929
-0.239687	-0.307312
-0.243005	-0.314855
-0.244774	-0.321517
-0.248978	-0.324309
-0.254509	-0.327088
-0.260196	-0.330034
-0.266284	-0.331971
-0.272112	-0.333766
-0.277891	-0.333328
-0.283847	-0.330682
-0.290141	-0.3276
-0.297566	-0.324943
-0.305965	-0.324122
-0.313844	-0.324798
-0.322196	-0.32485
-0.331369	-0.324624
-0.340231	-0.324512
-0.347335	-0.321981
-0.356044	-0.316658
-0.364517	-0.311898
-0.371899	-0.306404
-0.380179	-0.304173
-0.388465	-0.302006
-0.397236	-0.300466
-0.406927	-0.297589
-0.416518	-0.295146
-0.425867	-0.293755
-0.434775	-0.292609
-0.444327	-0.292986
-0.453679	-0.293094
-0.46169	-0.292391
-0.472635	-0.292889
-0.482683	-0.293494
-0.49224	-0.294148
-0.501485	-0.294676
-0.509981	-0.295966
-0.519507	-0.300367
-0.527877	-0.305113
-0.538056	-0.310729
-0.548022	-0.313873
-0.557864	-0.316745
-0.568372	-0.321584
-0.578463	-0.32556
-0.58752	-0.32906
-0.596282	-0.33265
-0.603423	-0.335867
-0.610508	-0.339063
-0.619933	-0.3408
-0.62876	-0.342396
-0.6377	-0.3422
-0.645837	-0.346008
-0.65355	-0.349701
-0.661017	-0.355628
-0.667147	-0.358565
-0.67305	-0.361975
-0.679318	-0.363234
-0.685662	-0.364486
-0.693288	-0.363266
-0.700542	-0.359578
-0.706797	-0.35392
-0.712498	-0.348915
-0.718987	-0.343055
-0.7249	-0.337064
-0.729641	-0.329087
-0.735673	-0.322748
-0.741898	-0.316853
-0.746834	-0.310078
-0.748002	-0.303851
-0.751653	-0.299726
-0.754672	-0.29603
-0.756918	-0.290926
-0.758813	-0.284328
-0.761211	-0.277038
-0.764453	-0.266505
-0.764986	-0.257413
-0.765137	-0.24853
-0.762075	-0.238734
-0.757381	-0.232893
-0.752279	-0.225675
-0.749244	-0.219509
-0.746259	-0.211631
-0.742526	-0.203266
-0.741278	-0.196886
-0.739446	-0.19192
-0.73704	-0.186929
-0.736988	-0.182996
-0.736595	-0.179419
-0.735465	-0.176975
-0.733523	-0.174224
-0.728977	-0.170863
-0.724587	-0.166436
-0.717356	-0.161678
-0.713167	-0.156482
-0.709401	-0.150803
-0.707922	-0.141564
-0.710835	-0.132231
-0.713031	-0.126207
-0.715608	-0.119466
-0.717784	-0.111211
-0.719487	-0.10218
-0.719785	-0.0929288
-0.71924	-0.0845713
-0.716041	-0.0808547
-0.713812	-0.0764485
-0.712065	-0.0721511
-0.709616	-0.0681683
-0.70629	-0.0628303
-0.701003	-0.0557598
-0.695832	-0.0486352
-0.688941	-0.0432234
-0.6805	-0.0382779
-0.672259	-0.0332226
-0.66498	-0.0284117
-0.658475	-0.0215902
-0.653604	-0.015165
-0.648959	-0.00783975
-0.644169	-0.000772233
-0.639437	0.00617439
-0.635085	0.0118564
-0.631839	0.0200128
-0.628252	0.0284235
-0.625643	0.0364083
-0.623283	0.0437878
-0.619163	0.0508751
-0.614635	0.0578969
-0.609606	0.064711
-0.60376	0.0714705
-0.596229	0.0740993
-0.590681	0.0741709
-0.582751	0.0731988
-0.575006	0.0719552
-0.567425	0.0712127
-0.559172	0.0740386
-0.551169	0.076387
-0.542472	0.0797708
-0.532778	0.087316
-0.524742	0.0945203
-0.519996	0.102553
-0.515315	0.110628
-0.509315	0.1151
-0.503408	0.119494
-0.49714	0.125329
-0.490441	0.131502
-0.481645	0.1418
-0.47276	0.15282
-0.464471	0.162747
-0.456327	0.171158
-0.448225	0.178746
-0.441964	0.189246
-0.435249	0.198183
-0.430245	0.205992
-0.424518	0.213629
-0.418953	0.219264
-0.412584	0.223058
-0.40832	0.225987
-0.401541	0.230304
-0.394732	0.234652
-0.387373	0.238019
-0.382827	0.241247
-0.378706	0.246016
-0.373392	0.248559
-0.368338	0.254306
-0.362104	0.260802
-0.356467	0.266098
-0.350482	0.271756
-0.345363	0.276231
-0.3396	0.281275
-0.333756	0.28617
-0.326641	0.290103
-0.319565	0.293224
-0.312474	0.295707
-0.305758	0.298963
-0.297818	0.30269
-0.289956	0.30805
-0.282292	0.312774
-0.272481	0.316209
-0.264071	0.314739
-0.257784	0.310461
-0.251396	0.306063
-0.249039	0.303535
-0.24747	0.30185
-0.244787	0.300529
-0.243081	0.296573
-0.240556	0.292669
-0.237751	0.288266
-0.233777	0.283885
-0.23017	0.279477
-0.226085	0.27421
-0.222834	0.265705
-0.219174	0.257951
-0.21558	0.249861
-0.212123	0.241956
-0.207366	0.234706
-0.20319	0.225698
-0.198648	0.216126
-0.19437	0.207056
-0.190948	0.195516
-0.187403	0.184472
-0.184382	0.173707
-0.182852	0.166825
-0.181244	0.160296
-0.179638	0.15323
-0.178249	0.145842
-0.180825	0.139292
-0.180203	0.132308
-0.179468	0.130164
-0.178825	0.126863
-0.175863	0.120948
-0.173959	0.114292
-0.171732	0.107624
-0.168686	0.100761
-0.16566	0.0927608
-0.160459	0.0882519
-0.159119	0.0829018
-0.157297	0.0762166
-0.152899	0.0702986
-0.14826	0.0637508
-0.14391	0.0569956
-0.14109	0.0500531
-0.137883	0.0432157
-0.136679	0.034732
-0.132781	0.0261855
-0.131105	0.017042
-0.129312	0.00759186
-0.126545	-0.00127197
-0.123914	-0.00994863
-0.122231	-0.0169838
-0.119912	-0.0233796
-0.116382	-0.027379
-0.114367	-0.0285375
-0.111846	-0.0306374
-0.108876	-0.0328973
-0.107779	-0.0355625
-0.10624	-0.0396548
-0.101888	-0.0457352
-0.0995185	-0.0525941
-0.0975096	-0.0575808
-0.0959636	-0.0632555
-0.0910669	-0.0683113
-0.0850689	-0.0733218
-0.080418	-0.0772116
-0.0761043	-0.0827651
-0.0700762	-0.0882892
-0.0645118	-0.0937264
-0.0629005	-0.101266
-0.0605326	-0.111749
-0.0586478	-0.121623
-0.0574721	-0.131589
-0.0542513	-0.142533
-0.0519993	-0.150947
-0.0506763	-0.156192
-0.0489786	-0.161829
-0.0475863	-0.16731
-0.049428	-0.172484
-0.0526375	-0.176752
-0.0552391	-0.179727
-0.0588404	-0.183732
-0.0640649	-0.189385
-0.0696987	-0.195083
-0.075621	-0.197092
-0.080538	-0.20098
-0.0862535	-0.204819
-0.0917885	-0.208793
-0.0984641	-0.212848
-0.104442	-0.217253
