###  Units are X_hat = 1.73cm.
0	0
0.00361055	-0.00590067
0.00693208	-0.0105494
0.0140801	-0.0150189
0.0207398	-0.0204349
0.0266683	-0.0241943
0.0328591	-0.0276787
0.0389568	-0.0309614
0.0461589	-0.034699
0.0533698	-0.0385234
0.0605028	-0.0430299
0.0677836	-0.0461989
0.0745424	-0.0472255
0.0783237	-0.0468094
0.0859663	-0.0468461
0.090047	-0.0440681
0.0941896	-0.0401414
0.0963523	-0.0362285
0.0994355	-0.0313661
0.103625	-0.0294675
0.107764	-0.0288739
0.111931	-0.0280351
0.118295	-0.0257811
0.124861	-0.0235528
0.130884	-0.022095
0.138053	-0.0209131
0.14586	-0.0198543
0.154542	-0.0187745
0.162994	-0.0183356
0.172526	-0.0167319
0.180305	-0.0135492
0.186012	-0.012284
0.190356	-0.0100632
0.192418	-0.00333605
0.19658	0.0028269
0.203176	0.00761535
0.208919	0.0131581
0.214429	0.0196493
0.220004	0.0283296
0.224615	0.0393526
0.22836	0.0499814
0.229416	0.0621086
0.232076	0.0747211
0.233909	0.0853188
0.234798	0.0954876
0.233929	0.105652
0.234188	0.11422
0.236319	0.120502
0.236746	0.124407
0.239174	0.128976
0.241335	0.133903
0.242477	0.141379
0.241657	0.149356
0.241326	0.155003
0.2402	0.16067
0.238169	0.16698
0.237385	0.17438
0.23652	0.182105
0.234569	0.188682
0.233771	0.195285
0.23166	0.202369
0.232365	0.209781
0.230713	0.217736
0.229344	0.227867
0.22807	0.236221
0.225967	0.244933
0.227537	0.251415
0.229349	0.257012
0.228579	0.26666
0.228274	0.275057
0.227282	0.281817
0.22649	0.287634
0.228332	0.297592
0.228962	0.305675
0.229666	0.312499
0.231905	0.318489
0.234657	0.323953
0.23821	0.325946
0.2427	0.327052
0.246878	0.327744
0.250511	0.330483
0.254222	0.334606
0.256858	0.339073
0.259199	0.33974
0.260978	0.341716
0.262443	0.345067
0.265376	0.346045
0.268977	0.347299
0.272472	0.348719
0.276511	0.351736
0.280679	0.355234
0.282792	0.358226
0.284699	0.361004
0.286511	0.365736
0.289536	0.369817
0.292083	0.372669
0.294265	0.375564
0.296795	0.377763
0.299581	0.380151
0.302143	0.382414
0.305994	0.383533
0.311855	0.384297
0.31588	0.387547
0.319845	0.393113
0.323628	0.39826
0.325629	0.402907
0.326061	0.408336
0.324028	0.416658
0.321551	0.424953
0.319182	0.433989
0.314656	0.441691
0.310552	0.448401
0.306258	0.454349
0.301248	0.461291
0.296216	0.467483
0.292273	0.474109
0.288202	0.480493
0.284786	0.484949
0.281386	0.48834
0.275731	0.490349
0.268306	0.493491
0.260638	0.495366
0.252708	0.496337
0.246092	0.494329
0.239636	0.492094
0.233003	0.488523
0.225064	0.486598
0.216202	0.483731
0.207784	0.480382
0.199258	0.476883
0.192831	0.473179
0.185395	0.468139
0.179282	0.464923
0.172946	0.461596
0.165718	0.455569
0.158323	0.450674
0.15095	0.445836
0.140375	0.441233
0.131157	0.436645
0.120256	0.431326
0.109357	0.426357
0.0960386	0.420032
0.0838731	0.413416
0.0736301	0.40324
0.0640814	0.394094
0.0564161	0.387923
0.048692	0.38204
0.0420329	0.376222
0.0341221	0.369759
0.0270586	0.363797
0.0203429	0.357592
0.0134625	0.353605
0.00480202	0.350714
-0.00336889	0.347516
-0.013149	0.345025
-0.0224289	0.340746
-0.0314175	0.336229
-0.0400697	0.332231
-0.0463348	0.329042
-0.0529501	0.326542
-0.0595451	0.324004
-0.0670256	0.321177
-0.0745722	0.318674
-0.0816052	0.318498
-0.0883783	0.317235
-0.0946257	0.316706
-0.102926	0.317136
-0.110315	0.317224
-0.116818	0.317728
-0.122741	0.317517
-0.130062	0.318917
-0.136732	0.323537
-0.143837	0.326982
-0.152642	0.3311
-0.1592	0.334058
-0.164904	0.338805
-0.170339	0.342975
-0.174632	0.350174
-0.178488	0.356659
-0.181314	0.362779
-0.184794	0.368705
-0.188389	0.374028
-0.190862	0.380989
-0.192901	0.387718
-0.195846	0.394122
-0.197861	0.397065
-0.200077	0.400543
-0.203501	0.405155
-0.20674	0.410182
-0.211306	0.415275
-0.214652	0.420128
-0.21829	0.424776
-0.221122	0.429402
-0.225142	0.434255
-0.227855	0.439955
-0.229563	0.447473
-0.231307	0.455184
-0.233325	0.462844
-0.234546	0.47043
-0.235767	0.478326
-0.234711	0.48586
-0.235099	0.490428
-0.235466	0.4952
-0.238771	0.500245
-0.242522	0.502445
-0.246875	0.504953
-0.25607	0.507108
-0.265127	0.509102
-0.273475	0.511329
-0.281905	0.513588
-0.289944	0.516376
-0.297776	0.51542
-0.306483	0.513383
-0.315948	0.509817
-0.323182	0.506084
-0.329172	0.500218
-0.335594	0.493966
-0.340255	0.486717
-0.344318	0.479225
-0.348814	0.470951
-0.352489	0.462564
-0.356067	0.45306
-0.361773	0.44433
-0.366871	0.433551
-0.371007	0.425571
-0.372775	0.416969
-0.375002	0.408509
-0.37569	0.3986
-0.375922	0.38888
-0.375014	0.382033
-0.375529	0.373117
-0.375146	0.361524
-0.374537	0.351158
-0.373835	0.340135
-0.375503	0.331622
-0.377461	0.322148
-0.381421	0.309858
-0.385067	0.298823
-0.388711	0.288782
-0.391192	0.279946
-0.394793	0.271587
-0.398056	0.265719
-0.401524	0.259699
-0.404986	0.253566
-0.408405	0.247716
-0.411937	0.242305
-0.416115	0.23702
-0.420508	0.232637
-0.422906	0.226184
-0.425203	0.221182
-0.432719	0.216725
-0.438345	0.214926
-0.444527	0.21079
-0.450791	0.205573
-0.4593	0.199121
-0.467391	0.192594
-0.474322	0.183776
-0.484657	0.175251
-0.490232	0.1652
-0.49585	0.156026
-0.500539	0.146778
-0.506375	0.136129
-0.514724	0.127783
-0.522144	0.120134
-0.529357	0.112987
-0.537319	0.106469
-0.544775	0.0999669
-0.553418	0.0933379
-0.560691	0.0872021
-0.566817	0.0765396
-0.570312	0.0669553
-0.57323	0.0571749
-0.576431	0.0472608
-0.579834	0.0377938
-0.584076	0.0294669
-0.586446	0.0220681
-0.587397	0.0158158
-0.586924	0.00838185
-0.5881	0.00122738
-0.591291	-0.00486335
-0.59401	-0.0108991
-0.597384	-0.0175068
-0.603745	-0.0255451
-0.611152	-0.0326955
-0.617926	-0.0399437
-0.62425	-0.047111
-0.632007	-0.054129
-0.639996	-0.0583349
-0.644633	-0.0627279
-0.650324	-0.0675118
-0.649537	-0.0755407
-0.650019	-0.0843603
-0.646918	-0.0947432
-0.642617	-0.106354
-0.63856	-0.117356
-0.63475	-0.127589
-0.630802	-0.139611
-0.626203	-0.152501
-0.622582	-0.164281
-0.622057	-0.173774
-0.621719	-0.18313
-0.622788	-0.190054
-0.624104	-0.197992
-0.6257	-0.205845
-0.625565	-0.212763
-0.626423	-0.220118
-0.624911	-0.226172
-0.622868	-0.232013
-0.620856	-0.23799
-0.617878	-0.245656
-0.61418	-0.252647
-0.612388	-0.26119
-0.61028	-0.268582
-0.608474	-0.276157
-0.607575	-0.285898
-0.606588	-0.295328
-0.604334	-0.305549
-0.601342	-0.315353
-0.599151	-0.325531
-0.597535	-0.336852
-0.5956	-0.347513
-0.595646	-0.357314
-0.59567	-0.368133
-0.596678	-0.379015
-0.593812	-0.391805
-0.593487	-0.403521
-0.591696	-0.413005
-0.589588	-0.421935
-0.585882	-0.432005
-0.581066	-0.440379
-0.575943	-0.447506
-0.569574	-0.45583
-0.563184	-0.464624
-0.55712	-0.47326
-0.551137	-0.48143
-0.545402	-0.489326
-0.536686	-0.495291
-0.527037	-0.497842
-0.518005	-0.503528
-0.509932	-0.509179
-0.502612	-0.516301
-0.494636	-0.521259
-0.488303	-0.527242
-0.481461	-0.531987
-0.474307	-0.537459
-0.467409	-0.542583
-0.45976	-0.550506
-0.450797	-0.557221
-0.437975	-0.563144
-0.425604	-0.566683
-0.413629	-0.567604
-0.402531	-0.569083
-0.393914	-0.569884
-0.385406	-0.569759
-0.378028	-0.569666
-0.373644	-0.571156
-0.372249	-0.572438
-0.369075	-0.574076
-0.364995	-0.575905
-0.361208	-0.576108
-0.357942	-0.57558
-0.355918	-0.572036
-0.354579	-0.567719
-0.353933	-0.562438
-0.354618	-0.55531
-0.352908	-0.548749
-0.351914	-0.544617
-0.349896	-0.540004
-0.344386	-0.533052
-0.339462	-0.525273
-0.335495	-0.519726
-0.331248	-0.512623
-0.327834	-0.503395
-0.321705	-0.493846
-0.316419	-0.485866
-0.312028	-0.477578
-0.310662	-0.467823
-0.309733	-0.458629
-0.309075	-0.448113
-0.311663	-0.437155
-0.313726	-0.428853
-0.315498	-0.420591
-0.317093	-0.41237
-0.317908	-0.403442
-0.322265	-0.397746
-0.328089	-0.390518
-0.333543	-0.384261
-0.339217	-0.377931
-0.344914	-0.370708
-0.349973	-0.363121
-0.35603	-0.35497
-0.361928	-0.34701
-0.36817	-0.340372
-0.375597	-0.332868
-0.382367	-0.328447
-0.388929	-0.325345
-0.396654	-0.323741
-0.406693	-0.32179
-0.417651	-0.317994
-0.429771	-0.315771
-0.442126	-0.314886
-0.451601	-0.316223
-0.460911	-0.318257
-0.469332	-0.320118
-0.478796	-0.32389
-0.487776	-0.327569
-0.497721	-0.331525
-0.502827	-0.333766
-0.511189	-0.33732
-0.520177	-0.342253
-0.528643	-0.346893
-0.537024	-0.351967
-0.546846	-0.357943
-0.55642	-0.36502
-0.565803	-0.369648
-0.575958	-0.377445
-0.584141	-0.383011
-0.591832	-0.388534
-0.597029	-0.39028
-0.602518	-0.391931
-0.607708	-0.396733
-0.612991	-0.401212
-0.618609	-0.404081
-0.625709	-0.408057
-0.63251	-0.411855
-0.637552	-0.411767
-0.642858	-0.411061
-0.648357	-0.409906
-0.654977	-0.407839
-0.662173	-0.40441
-0.668533	-0.39989
-0.672978	-0.397019
-0.676421	-0.392846
-0.681873	-0.385823
-0.685593	-0.379292
-0.690491	-0.370151
-0.693528	-0.360083
-0.695028	-0.348668
-0.697879	-0.339606
-0.701573	-0.329513
-0.704345	-0.31994
-0.70572	-0.310637
-0.704691	-0.300157
-0.705336	-0.290143
-0.704544	-0.282957
-0.702422	-0.276221
-0.700691	-0.270062
-0.700549	-0.262717
-0.701087	-0.255394
-0.701286	-0.247948
-0.700874	-0.24168
-0.703439	-0.236806
-0.705674	-0.231961
-0.70698	-0.226173
-0.708989	-0.219591
-0.71063	-0.212847
-0.711815	-0.205268
-0.713108	-0.197032
-0.712061	-0.186715
-0.710527	-0.177649
-0.711959	-0.172856
-0.712843	-0.167882
-0.713271	-0.163765
-0.713661	-0.159397
-0.711437	-0.156084
-0.709162	-0.151999
-0.706555	-0.147379
-0.703097	-0.141776
-0.699696	-0.135878
-0.696743	-0.128974
-0.692715	-0.123271
-0.688336	-0.116802
-0.685281	-0.109544
-0.68264	-0.100994
-0.679768	-0.0927659
-0.676122	-0.084284
-0.672315	-0.0745762
-0.66859	-0.0658679
-0.665923	-0.0592
-0.661155	-0.0528693
-0.655751	-0.0459674
-0.648114	-0.0399373
-0.641016	-0.0338121
-0.633171	-0.0271863
-0.6244	-0.0204177
-0.616347	-0.0137491
-0.609025	-0.007029
-0.603287	0.000973013
-0.596293	0.00830751
-0.589652	0.0154496
-0.582061	0.0212673
-0.573734	0.0255465
-0.564717	0.0280832
-0.5554	0.0334311
-0.546936	0.0389465
-0.540382	0.0442233
-0.534942	0.0460401
-0.530844	0.0482183
-0.526889	0.0506116
-0.522419	0.053986
-0.516663	0.0576623
-0.508484	0.0631
-0.501021	0.0695221
-0.494139	0.0764874
-0.487518	0.0839867
-0.484025	0.0903193
-0.479444	0.0950922
-0.473195	0.0993376
-0.467631	0.105651
-0.462574	0.111949
-0.456963	0.11764
-0.451467	0.124566
-0.447987	0.132415
-0.444855	0.140255
-0.44286	0.146254
-0.443023	0.153117
-0.44634	0.159982
-0.447445	0.167037
-0.449667	0.175768
-0.449889	0.184986
-0.447264	0.193605
-0.443932	0.198438
-0.44311	0.202875
-0.441399	0.207821
-0.438983	0.213231
-0.435299	0.219401
-0.432848	0.22615
-0.429118	0.233453
-0.423859	0.237936
-0.420002	0.241184
-0.418038	0.244461
-0.41551	0.247152
-0.413047	0.25024
-0.411506	0.255862
-0.409377	0.261585
-0.407421	0.267298
-0.404596	0.274336
-0.400842	0.279759
-0.395884	0.284466
-0.393376	0.290992
-0.388662	0.300118
-0.384607	0.308212
-0.378449	0.316032
-0.371929	0.325678
-0.366923	0.33523
-0.362066	0.343947
-0.356575	0.351323
-0.350827	0.358337
-0.347461	0.364933
-0.346493	0.373513
-0.347549	0.381585
-0.346761	0.391136
-0.346657	0.399426
-0.346747	0.408392
-0.346505	0.417097
-0.346092	0.425821
-0.345492	0.434496
-0.345773	0.442739
-0.346861	0.450463
-0.347723	0.457878
-0.35148	0.465023
-0.35488	0.471908
-0.358072	0.481133
-0.36142	0.489988
-0.365064	0.49904
-0.367701	0.50466
-0.370096	0.510031
-0.37254	0.514784
-0.376231	0.520376
-0.381344	0.524473
-0.386689	0.527432
-0.391276	0.529604
-0.396544	0.531464
-0.400156	0.531381
-0.404053	0.526182
-0.404628	0.519607
-0.403461	0.514727
-0.401669	0.50877
-0.401505	0.502422
-0.400981	0.491968
-0.400461	0.481687
-0.399901	0.470392
-0.397678	0.457369
-0.393942	0.44536
-0.390281	0.436995
-0.386997	0.431053
-0.383667	0.424909
-0.379442	0.418802
-0.374338	0.413662
-0.369079	0.408234
-0.364167	0.403858
-0.36209	0.400276
-0.359218	0.395886
-0.356165	0.391172
-0.354098	0.384496
-0.356126	0.377838
-0.358345	0.370759
-0.361256	0.363196
-0.363957	0.359683
-0.365712	0.356841
-0.368124	0.352544
-0.368424	0.347643
-0.369143	0.342227
-0.370346	0.336389
-0.368592	0.332382
-0.365821	0.327103
-0.361957	0.320551
-0.358556	0.312429
-0.355488	0.305608
-0.355946	0.296648
-0.356672	0.287098
-0.359684	0.277236
-0.359659	0.265751
-0.358343	0.251605
-0.356795	0.239244
-0.355565	0.226469
-0.354062	0.214629
-0.353994	0.204226
-0.354882	0.194454
-0.353416	0.186067
-0.352557	0.178119
-0.352528	0.170322
-0.355233	0.158472
-0.355872	0.146171
-0.35643	0.135441
-0.357154	0.128981
-0.358593	0.1222
-0.361052	0.116625
-0.364687	0.113502
-0.368859	0.110133
-0.374262	0.106277
-0.379332	0.103249
-0.383152	0.10122
-0.386806	0.0961104
-0.39084	0.0909966
-0.395827	0.0839578
-0.401913	0.0773892
-0.407185	0.0735285
-0.414207	0.0716884
-0.420937	0.0702078
-0.426527	0.0693098
-0.433846	0.0671484
-0.441426	0.0641182
-0.448958	0.0634343
-0.456025	0.0638552
-0.462331	0.0629406
-0.469461	0.0625171
-0.472984	0.0603366
-0.479212	0.0578841
-0.486395	0.0563501
-0.493799	0.054655
-0.502027	0.0519557
-0.51164	0.048135
-0.52235	0.0438715
-0.530029	0.0426765
-0.537577	0.0407671
-0.545725	0.0383696
-0.55241	0.0362508
-0.557666	0.0326656
-0.563652	0.0280703
-0.570558	0.0252668
-0.576718	0.0220514
-0.582689	0.0191851
-0.587944	0.0148585
-0.592994	0.0102777
-0.597402	0.00526572
-0.599843	0.000276975
-0.604194	-0.00340297
-0.608879	-0.00731442
-0.614687	-0.0105245
-0.620973	-0.0140501
-0.628251	-0.0186602
-0.635321	-0.0238835
-0.642115	-0.0301
-0.647971	-0.0384426
-0.653402	-0.046673
-0.657593	-0.0546652
-0.661811	-0.0622981
-0.665269	-0.0674717
-0.668267	-0.0731207
-0.671505	-0.0796627
-0.675439	-0.0868376
-0.68041	-0.0957609
-0.686009	-0.101469
-0.6908	-0.107191
-0.6966	-0.114546
-0.699227	-0.123531
-0.699509	-0.134633
-0.701287	-0.144037
-0.702563	-0.15554
-0.706043	-0.16481
-0.710928	-0.173003
-0.715083	-0.181506
-0.716855	-0.191435
-0.721285	-0.201684
-0.723036	-0.209105
-0.7229	-0.218233
-0.721088	-0.22858
-0.721324	-0.238597
-0.721965	-0.2488
-0.721645	-0.256941
-0.719769	-0.266057
-0.718478	-0.275839
-0.717293	-0.287692
-0.714946	-0.298237
-0.712544	-0.307167
-0.710929	-0.319056
-0.708698	-0.330116
-0.708087	-0.338092
-0.70678	-0.346746
-0.704191	-0.35457
-0.703161	-0.360919
-0.702396	-0.368689
-0.698963	-0.375088
-0.696319	-0.381173
-0.693596	-0.386989
-0.692234	-0.395062
-0.689575	-0.403001
-0.686127	-0.410708
-0.681616	-0.418133
-0.678373	-0.423625
-0.674786	-0.428889
-0.674525	-0.43715
-0.673091	-0.445578
-0.671664	-0.450263
-0.667343	-0.458019
-0.66277	-0.465264
-0.657706	-0.472101
-0.655384	-0.479511
-0.653111	-0.488
-0.651977	-0.496164
-0.650262	-0.503716
-0.649464	-0.510437
-0.645129	-0.51795
-0.640675	-0.525074
-0.63615	-0.531411
-0.628667	-0.536033
-0.620771	-0.541866
-0.613125	-0.546894
-0.605297	-0.552123
-0.600405	-0.555342
-0.594898	-0.558396
-0.5902	-0.563917
-0.58404	-0.571015
-0.577985	-0.576257
-0.569834	-0.582293
-0.563029	-0.586982
-0.556305	-0.591363
-0.54892	-0.594672
-0.542415	-0.596421
-0.536237	-0.598379
-0.529356	-0.601067
-0.522562	-0.603533
-0.515223	-0.605351
-0.50843	-0.606608
-0.501253	-0.607373
-0.493254	-0.606884
-0.48537	-0.606194
-0.47699	-0.603774
-0.470843	-0.600326
-0.460694	-0.595976
-0.451521	-0.591619
-0.441986	-0.587204
-0.432114	-0.583029
-0.423279	-0.577838
-0.414391	-0.57528
-0.405998	-0.567842
-0.399759	-0.560014
-0.394985	-0.552767
-0.390394	-0.546447
-0.385757	-0.539745
-0.381615	-0.531982
-0.37846	-0.52378
-0.37233	-0.51867
-0.364707	-0.513655
-0.356287	-0.508816
-0.347707	-0.503184
-0.336995	-0.495527
-0.326413	-0.486473
-0.317034	-0.477715
-0.31078	-0.468204
-0.303407	-0.457947
-0.297287	-0.448285
-0.293242	-0.438897
-0.289546	-0.430483
-0.2862	-0.424079
-0.280974	-0.412575
-0.275989	-0.401996
-0.270605	-0.389048
-0.264982	-0.378103
-0.259695	-0.368014
-0.255129	-0.358214
-0.254094	-0.34793
-0.251049	-0.337218
-0.247979	-0.327796
-0.248368	-0.315228
-0.245867	-0.301326
-0.243256	-0.288663
-0.243201	-0.27521
-0.245128	-0.263569
-0.246537	-0.25276
-0.246817	-0.243686
-0.245457	-0.234835
-0.242273	-0.226882
-0.241519	-0.218219
-0.241235	-0.211417
-0.241156	-0.205901
-0.241179	-0.203401
-0.239055	-0.198758
-0.236308	-0.194075
-0.233598	-0.188483
-0.230208	-0.182567
-0.229297	-0.174623
-0.228573	-0.165337
-0.226767	-0.156349
-0.223739	-0.146697
-0.221811	-0.136684
-0.217903	-0.126483
-0.214787	-0.116209
-0.212059	-0.108097
-0.209104	-0.0987446
-0.206955	-0.0914485
-0.204041	-0.0835501
-0.201213	-0.0765564
-0.197385	-0.0690075
-0.192234	-0.0614615
-0.187949	-0.0547236
-0.181556	-0.0470084
-0.17509	-0.041492
-0.169737	-0.0355467
-0.165598	-0.029415
-0.160415	-0.0217302
-0.15333	-0.0123915
-0.146029	-0.00407846
-0.138607	0.00371315
-0.131144	0.0109992
-0.124179	0.020407
-0.116769	0.0293553
-0.110817	0.0370075
-0.103592	0.0449044
-0.0993602	0.0531424
-0.0956078	0.0610203
-0.0923009	0.0707351
-0.0891713	0.0802553
-0.085764	0.0886883
-0.0831696	0.0966468
-0.0823291	0.104017
-0.0819043	0.112294
-0.0793822	0.1201
-0.077804	0.125021
-0.0760591	0.130602
-0.0731138	0.136045
-0.0686261	0.144473
-0.0662328	0.153779
-0.0647114	0.163237
-0.0638936	0.170818
-0.0624209	0.178682
-0.0594195	0.185375
-0.0561758	0.191453
-0.0529232	0.194096
-0.048973	0.197249
-0.0418434	0.199191
-0.0336091	0.200625
-0.0267929	0.203149
-0.0203683	0.204961
-0.0148412	0.207768
-0.00850592	0.210687
-0.00422904	0.214858
0.00122162	0.218688
0.00666098	0.221984
0.0100669	0.224768
0.0142859	0.228178
0.0216514	0.229864
0.0278103	0.231277
0.0315485	0.229519
0.0343987	0.22823
0.0385374	0.227757
0.0425352	0.227331
0.0448216	0.228903
0.0482197	0.231777
0.0522522	0.236987
0.0586275	0.242059
0.0657817	0.24804
0.0721548	0.255006
0.0800501	0.259847
0.0849221	0.264763
0.0909255	0.268539
0.0964136	0.272582
0.102273	0.276446
0.108823	0.28068
0.113583	0.283814
0.120026	0.287772
0.126757	0.292095
0.134493	0.292912
0.142695	0.29273
0.153123	0.295007
0.161232	0.299097
0.168899	0.304204
0.176356	0.308924
0.183451	0.315251
0.190391	0.323917
0.197234	0.331945
0.203453	0.339062
0.208558	0.344802
0.216423	0.347636
0.226199	0.352237
0.234944	0.357427
0.241882	0.363074
0.247423	0.368125
0.252465	0.373922
0.258625	0.380699
0.263273	0.386732
0.264422	0.395463
0.264339	0.405436
0.262843	0.414987
0.258451	0.4207
0.253861	0.426414
0.250419	0.431563
0.246007	0.436693
0.240697	0.442183
0.234662	0.450194
0.228866	0.457773
0.225188	0.467649
0.221748	0.476849
0.217342	0.486302
0.213237	0.495127
0.208973	0.502066
0.206077	0.508614
0.202367	0.517903
0.19915	0.526661
0.196643	0.535873
0.198357	0.54302
0.200237	0.549453
0.201775	0.559155
0.201972	0.569341
0.202741	0.578857
0.203466	0.588601
0.204254	0.59715
0.206615	0.601785
0.209462	0.6057
0.212635	0.609669
0.217334	0.612082
0.220076	0.610275
0.22397	0.607241
0.228012	0.604058
0.232957	0.599506
0.239953	0.590644
0.247923	0.583689
0.255019	0.575921
0.261208	0.568396
0.265752	0.560667
0.270203	0.553418
0.27419	0.546019
0.275507	0.537366
0.280062	0.528138
0.283623	0.519767
0.286289	0.511273
0.288379	0.502829
0.290693	0.494819
0.292482	0.486746
0.29373	0.478992
0.296907	0.473815
0.303318	0.471038
0.311313	0.468139
0.319844	0.463854
0.325747	0.458407
0.331631	0.452351
0.337387	0.444931
0.340134	0.436691
0.341805	0.429816
0.343339	0.422637
0.340588	0.415075
0.337773	0.408623
0.335753	0.403356
0.332709	0.39769
0.329239	0.390926
0.327406	0.384257
0.325403	0.378613
0.327074	0.373102
0.327534	0.366119
0.328521	0.357776
0.331164	0.353261
0.333893	0.347819
0.336459	0.342081
0.340584	0.336457
0.346386	0.331876
0.354007	0.329393
0.364239	0.325021
0.372554	0.319692
0.377657	0.310215
0.383519	0.301601
0.392393	0.296167
0.400712	0.290891
0.410408	0.287077
0.418455	0.284698
0.427067	0.28005
0.434766	0.272351
0.441444	0.264735
0.447644	0.257499
0.454727	0.252525
0.461426	0.247446
0.467716	0.243195
0.474775	0.239895
0.482364	0.236168
0.488115	0.232171
0.493291	0.228743
0.499624	0.225575
0.505609	0.222125
0.510595	0.219718
0.510745	0.217873
0.510994	0.21476
0.512774	0.210435
0.514994	0.203311
0.516577	0.196753
0.519398	0.189202
0.524944	0.180693
0.530823	0.17414
0.536657	0.168101
0.54343	0.162071
0.549489	0.154549
0.555564	0.148219
0.561854	0.140777
0.573989	0.130882
0.58873	0.125309
0.602009	0.120108
0.6132	0.114633
0.623427	0.109234
0.633167	0.103844
0.638784	0.0994745
0.642864	0.0944705
0.64395	0.0904298
0.645783	0.0852957
0.646891	0.0804449
0.649348	0.0763324
0.651273	0.0717756
0.654003	0.067216
0.657119	0.0622807
0.661195	0.0566422
0.664772	0.0510295
0.664173	0.0424359
0.665309	0.0333134
0.665252	0.0252355
0.665584	0.0171905
0.666615	0.00652287
0.671307	-0.00349462
0.67494	-0.0140412
0.678953	-0.0233946
0.684731	-0.0321511
0.690483	-0.0419065
0.696307	-0.0510461
0.700262	-0.0594735
0.706066	-0.0670308
0.712222	-0.0732789
0.717628	-0.0803143
0.72133	-0.0902789
0.724793	-0.101099
0.728029	-0.11163
0.731402	-0.121679
0.735685	-0.129836
0.740376	-0.137402
0.745188	-0.143161
0.75005	-0.148854
0.75533	-0.155744
0.757218	-0.162958
0.759303	-0.170123
0.760732	-0.177709
0.761385	-0.184688
0.76465	-0.190177
0.767935	-0.196031
0.769887	-0.202203
0.770815	-0.207212
0.772716	-0.218187
0.776672	-0.229525
0.779966	-0.241331
0.783	-0.252659
0.788123	-0.262364
0.793912	-0.271691
0.79911	-0.280293
0.802938	-0.287203
0.805488	-0.294863
0.814236	-0.304559
0.825874	-0.31439
0.835591	-0.324026
0.842721	-0.333894
0.849239	-0.343811
0.854805	-0.35129
0.857573	-0.361947
0.856317	-0.371408
0.852286	-0.379122
0.847207	-0.389449
0.841502	-0.398668
0.836264	-0.407244
0.831414	-0.414914
0.82581	-0.423216
0.821772	-0.432365
0.816875	-0.439766
0.812519	-0.446198
0.80852	-0.454953
0.802804	-0.460441
0.797082	-0.466199
0.792016	-0.473808
0.786498	-0.481838
0.781338	-0.489803
0.777469	-0.49872
0.773916	-0.506757
0.770947	-0.51623
0.772114	-0.526123
0.773926	-0.533391
0.774631	-0.539659
0.775375	-0.545427
0.773564	-0.550763
0.769781	-0.554836
0.766407	-0.559056
0.762783	-0.563943
0.759671	-0.567296
0.755301	-0.570974
0.751844	-0.574692
0.748107	-0.579671
0.744237	-0.584984
0.740154	-0.591003
0.737612	-0.596704
0.73574	-0.600559
0.732168	-0.604386
0.72866	-0.608647
0.724715	-0.612444
0.720518	-0.6166
0.710429	-0.620318
0.699729	-0.623635
0.690672	-0.628272
0.682556	-0.63175
0.676467	-0.636124
0.670238	-0.641114
0.66414	-0.646414
0.658295	-0.652073
0.652878	-0.655843
0.647793	-0.660051
0.642724	-0.664739
0.638745	-0.670075
0.632477	-0.679996
0.625401	-0.688807
0.618644	-0.696787
0.612774	-0.704682
0.60711	-0.71314
0.600619	-0.720052
0.595531	-0.72592
0.593157	-0.729196
0.591096	-0.733596
0.589715	-0.738749
0.588038	-0.744451
0.587925	-0.752371
0.586799	-0.759401
0.585741	-0.768667
0.581578	-0.779484
0.576764	-0.791402
0.569961	-0.802086
0.56203	-0.815755
0.555164	-0.828203
0.548588	-0.838543
0.542955	-0.847553
0.538095	-0.856648
0.533772	-0.865417
0.528476	-0.874391
0.523654	-0.883954
0.519555	-0.892403
0.515088	-0.899896
0.507186	-0.909481
0.499829	-0.918354
0.494628	-0.926359
0.489668	-0.935394
0.485814	-0.944278
0.483991	-0.951862
0.482317	-0.96015
0.483105	-0.968793
0.486652	-0.975834
0.494395	-0.983092
0.503453	-0.987321
0.511741	-0.992791
0.519949	-0.997061
0.530055	-1.00177
0.539229	-1.00707
0.545073	-1.01121
0.550283	-1.01404
0.559249	-1.01693
0.57015	-1.02123
0.581124	-1.0256
0.591839	-1.03027
0.601607	-1.03512
0.610373	-1.03924
0.621713	-1.04395
0.632442	-1.04936
0.644147	-1.05277
0.655393	-1.05461
0.664174	-1.05603
0.670923	-1.05767
0.680519	-1.05972
0.687388	-1.06216
0.692643	-1.06516
0.697386	-1.06818
0.702255	-1.07231
0.707188	-1.07609
0.714977	-1.08252
0.719373	-1.09174
0.718719	-1.10179
0.718337	-1.11153
0.719686	-1.11953
0.723169	-1.13078
0.726267	-1.14066
0.729508	-1.14965
0.732342	-1.15907
0.734651	-1.16898
0.737082	-1.17757
0.739784	-1.18681
0.742428	-1.19572
0.745885	-1.20673
0.749234	-1.21666
0.751814	-1.22725
0.753602	-1.23781
0.75485	-1.24848
0.75508	-1.25414
0.757297	-1.25828
0.765418	-1.26374
0.771477	-1.26928
0.776829	-1.27837
0.781913	-1.28712
0.785648	-1.2959
0.787084	-1.30446
0.786799	-1.3141
0.787532	-1.32465
0.787441	-1.33389
0.787946	-1.34234
0.789734	-1.34774
0.791569	-1.35418
0.793865	-1.36506
0.79705	-1.37398
0.799842	-1.38403
0.802666	-1.39462
0.806767	-1.40402
0.811367	-1.41353
0.81576	-1.42225
0.821494	-1.42847
0.827973	-1.43508
0.834475	-1.44291
0.840619	-1.45047
0.845616	-1.45768
0.850718	-1.46561
0.858508	-1.47123
0.865418	-1.47682
0.871655	-1.48108
0.87842	-1.48407
0.886038	-1.48733
0.893435	-1.49126
0.901507	-1.49782
0.90949	-1.5026
0.916831	-1.50812
0.924294	-1.5146
0.930949	-1.52145
0.935588	-1.52818
0.939504	-1.53507
0.942104	-1.54124
0.94404	-1.54755
0.946819	-1.55806
0.949567	-1.56795
0.950756	-1.57642
0.952646	-1.58409
0.954875	-1.59081
0.95692	-1.59814
0.959496	-1.60413
0.963491	-1.61039
0.968136	-1.616
0.973502	-1.6225
0.979956	-1.62867
0.985026	-1.63525
0.989543	-1.6417
0.992104	-1.64762
0.994761	-1.65323
0.997553	-1.65947
1.00048	-1.66619
1.00241	-1.67274
1.00448	-1.68429
1.00638	-1.69354
1.00737	-1.70124
1.00877	-1.70938
1.01001	-1.71747
1.01394	-1.72538
1.0152	-1.73166
1.01666	-1.73848
1.01712	-1.74498
1.01665	-1.74985
1.01547	-1.75336
1.01526	-1.75799
1.0161	-1.76194
1.01767	-1.76657
1.01763	-1.77056
1.01789	-1.77395
1.01797	-1.77685
1.01708	-1.78724
1.01664	-1.79532
1.01663	-1.80358
1.01676	-1.81192
1.01485	-1.81948
1.0135	-1.82718
1.01182	-1.83525
1.01127	-1.84129
1.01143	-1.85
1.01449	-1.85706
1.01729	-1.86384
1.0212	-1.86975
1.02536	-1.87644
1.02979	-1.88142
1.03004	-1.88762
1.03139	-1.89288
1.03216	-1.89872
1.03321	-1.90487
1.03453	-1.91122
1.03432	-1.91481
1.03469	-1.91916
1.03501	-1.92424
1.03833	-1.92706
1.04203	-1.93153
1.04606	-1.93673
1.04843	-1.94213
1.05123	-1.94818
1.055	-1.95387
1.05715	-1.96076
1.05958	-1.9688
1.06377	-1.97745
1.06386	-1.98361
1.06395	-1.98981
1.06628	-1.99992
1.07124	-2.00959
1.07527	-2.01875
1.07729	-2.02715
1.07959	-2.03554
1.07978	-2.04296
1.0799	-2.05029
1.07851	-2.05883
1.08028	-2.06617
1.07949	-2.07383
1.07742	-2.0817
1.07508	-2.08944
1.07485	-2.09573
1.07423	-2.10238
1.07295	-2.10853
1.06972	-2.11618
1.06543	-2.12436
1.061	-2.13144
1.05943	-2.13708
1.05781	-2.14227
1.0568	-2.14851
1.05575	-2.15467
1.05469	-2.1616
1.05387	-2.16831
1.05289	-2.17048
1.04922	-2.17345
1.04586	-2.17683
1.04264	-2.18115
1.03945	-2.18614
1.03533	-2.19417
1.03102	-2.20173
1.02934	-2.21054
1.02874	-2.22079
1.02903	-2.22981
1.03047	-2.23858
1.03074	-2.24742
1.02899	-2.25865
1.026	-2.27038
1.02591	-2.28548
1.02499	-2.29879
1.02388	-2.31134
1.02411	-2.32241
1.02197	-2.33326
1.02012	-2.34358
1.01894	-2.35485
1.01713	-2.36478
1.01477	-2.37281
1.01212	-2.38095
1.01126	-2.38751
1.0111	-2.39344
1.01025	-2.39911
1.012	-2.40677
1.0169	-2.41327
1.02219	-2.4183
1.02578	-2.42242
1.02943	-2.42762
1.0345	-2.43423
1.0391	-2.44079
1.04525	-2.4478
1.05059	-2.4584
1.05547	-2.4684
1.06194	-2.47654
1.06817	-2.48477
1.07365	-2.49172
1.07557	-2.50269
1.07792	-2.51316
1.08049	-2.52361
1.08269	-2.5342
1.08696	-2.54325
1.09204	-2.55314
1.09695	-2.56242
1.1009	-2.5704
1.10514	-2.57751
1.10951	-2.58479
1.11316	-2.59309
1.1187	-2.59981
1.12422	-2.60577
1.13009	-2.6111
1.13773	-2.61578
1.14463	-2.62068
1.15167	-2.6257
1.15871	-2.62968
1.16584	-2.6331
1.17271	-2.63729
1.18202	-2.64001
1.19229	-2.64346
1.20425	-2.64536
1.21541	-2.64716
1.22686	-2.64436
1.23755	-2.64204
1.24738	-2.64027
1.2569	-2.6392
1.26859	-2.63789
1.27686	-2.63575
1.28554	-2.63225
1.2941	-2.62939
1.30314	-2.62858
1.31323	-2.62748
1.32334	-2.62681
1.33192	-2.63002
1.34074	-2.63479
1.34844	-2.63986
1.35549	-2.64402
1.36212	-2.64791
1.36832	-2.64929
1.37261	-2.65058
1.37979	-2.65509
1.38765	-2.65937
1.39568	-2.66492
1.40329	-2.67042
1.41128	-2.67428
1.42011	-2.67479
1.42863	-2.67505
1.43467	-2.67412
1.44131	-2.67671
1.44892	-2.6782
1.45605	-2.67958
1.46115	-2.68165
1.46675	-2.68268
1.47095	-2.68125
1.47553	-2.67954
1.48067	-2.67719
1.48811	-2.67241
1.49632	-2.66886
1.5034	-2.66533
1.51055	-2.66174
1.51726	-2.658
1.524	-2.65408
1.52995	-2.64937
1.53617	-2.64373
1.54204	-2.63854
1.54789	-2.63336
1.55521	-2.62664
1.56038	-2.61943
1.56385	-2.6134
1.5683	-2.60897
1.57286	-2.60394
1.58047	-2.59795
1.58927	-2.59445
1.59508	-2.59088
1.59935	-2.58562
1.60717	-2.58448
1.61447	-2.58147
1.62245	-2.57855
1.6296	-2.57632
1.63434	-2.57343
1.64046	-2.56768
1.64416	-2.55784
1.64644	-2.54856
1.64886	-2.53968
1.65155	-2.53009
1.6572	-2.52133
1.66488	-2.51067
1.67178	-2.50107
1.67806	-2.49195
1.68571	-2.48248
1.6914	-2.47116
1.69897	-2.45999
1.70497	-2.44863
1.70719	-2.44249
1.71261	-2.43551
1.71705	-2.42935
1.72306	-2.42369
1.72988	-2.41733
1.73551	-2.4104
1.74453	-2.40449
1.75186	-2.39679
1.76105	-2.39047
1.77115	-2.38351
1.7825	-2.3782
1.7928	-2.37394
1.79988	-2.36574
1.80413	-2.35555
