0.000160632	0.000114776
0.00315188	0.00256282
0.00783941	0.00612612
0.0129874	0.0104333
0.0183823	0.0149575
0.0263987	0.018959
0.0337328	0.0229603
0.0426572	0.0249386
0.0497336	0.0270233
0.058373	0.0302137
0.0667038	0.0332816
0.0748563	0.0379502
0.0811895	0.042391
0.0892524	0.0472282
0.0973548	0.0532441
0.105415	0.0598325
0.111675	0.0667017
0.117753	0.0742513
0.124521	0.0801254
0.130844	0.0856309
0.137884	0.0934316
0.145567	0.100711
0.152874	0.107733
0.157858	0.115816
0.163579	0.124608
0.169684	0.133076
0.17486	0.139336
0.179529	0.14641
0.182711	0.152972
0.18574	0.160109
0.189733	0.169965
0.194766	0.179676
0.19871	0.190596
0.201633	0.203116
0.204452	0.213153
0.206737	0.222538
0.209503	0.228321
0.211958	0.232401
0.213893	0.239209
0.215788	0.244509
0.218499	0.251802
0.220205	0.258876
0.222068	0.2649
0.224882	0.271399
0.229546	0.277882
0.233956	0.284253
0.238723	0.290596
0.247039	0.294959
0.254738	0.298261
0.2624	0.301851
0.271935	0.304318
0.281103	0.306687
0.290311	0.309807
0.296618	0.310416
0.302068	0.310704
0.308633	0.310724
0.314113	0.311636
0.315024	0.313337
0.317188	0.317214
0.319858	0.321469
0.321254	0.326426
0.321887	0.331638
0.322285	0.337415
0.32183	0.343302
0.322171	0.348849
0.322414	0.352494
0.322236	0.356794
0.323025	0.359751
0.324055	0.364032
0.324859	0.368844
0.326946	0.374236
0.329292	0.379941
0.330497	0.385065
0.331622	0.391023
0.332527	0.394391
0.331497	0.397171
0.328811	0.399783
0.325684	0.403863
0.32292	0.408059
0.319896	0.413434
0.316474	0.418943
0.313083	0.422314
0.307387	0.426364
0.301291	0.430691
0.294066	0.433216
0.286214	0.435964
0.277911	0.439904
0.268962	0.444405
0.260321	0.448726
0.252518	0.453413
0.24551	0.457473
0.236796	0.459091
0.231392	0.462213
0.22492	0.463672
0.218115	0.463702
0.212111	0.464821
0.205468	0.465746
0.197708	0.466597
0.184904	0.466172
0.172004	0.465671
0.161715	0.462045
0.152004	0.458826
0.143667	0.454031
0.135576	0.446419
0.125968	0.438338
0.115439	0.427417
0.102489	0.417137
0.0907164	0.410336
0.077535	0.405994
0.0625684	0.400799
0.049067	0.39557
0.0360409	0.389946
0.0242512	0.384666
0.014695	0.378319
0.00586767	0.371052
-0.00248752	0.364067
-0.0139677	0.35791
-0.0247144	0.352521
-0.0346576	0.347953
-0.0448174	0.345048
-0.0547517	0.341029
-0.0613642	0.335054
-0.0678386	0.329551
-0.0736364	0.323955
-0.0786112	0.320822
-0.0840496	0.318008
-0.0878895	0.317948
-0.0926843	0.317876
-0.0979474	0.317797
-0.103731	0.318238
-0.110034	0.318654
-0.117999	0.319065
-0.125815	0.319118
-0.132253	0.318617
-0.136666	0.318441
-0.140783	0.318593
-0.147591	0.317002
-0.152967	0.319913
-0.160308	0.3229
-0.170734	0.328148
-0.180141	0.331289
-0.188625	0.336058
-0.192445	0.338548
-0.195738	0.340089
-0.199464	0.340877
-0.203956	0.340964
-0.210707	0.339863
-0.221658	0.338958
-0.231368	0.336574
-0.239017	0.333456
-0.247987	0.327478
-0.25563	0.321632
-0.263317	0.316099
-0.270669	0.310892
-0.277473	0.306452
-0.286546	0.303352
-0.295674	0.299779
-0.305259	0.29492
-0.315059	0.288657
-0.323041	0.281534
-0.330277	0.274335
-0.338039	0.267548
-0.346058	0.26153
-0.353111	0.256361
-0.359997	0.249907
-0.367277	0.243619
-0.374005	0.238605
-0.384393	0.236267
-0.392669	0.234236
-0.399873	0.228985
-0.406661	0.225085
-0.412409	0.217421
-0.417085	0.210072
-0.422232	0.203285
-0.427488	0.198654
-0.429765	0.19034
-0.433482	0.181956
-0.438879	0.17178
-0.445082	0.164196
-0.453071	0.154431
-0.462914	0.147291
-0.468198	0.14217
-0.475348	0.136285
-0.481776	0.131102
-0.4879	0.124823
-0.495022	0.11844
-0.50369	0.113103
-0.511534	0.10692
-0.51988	0.101572
-0.530131	0.098578
-0.541484	0.0968172
-0.552096	0.0944526
-0.560824	0.0922694
-0.570459	0.0902637
-0.579426	0.0879793
-0.587229	0.0858823
-0.596582	0.0821476
-0.605111	0.0803298
-0.609947	0.0771426
-0.614454	0.0753844
-0.619304	0.0736847
-0.62306	0.0707183
-0.62699	0.064036
-0.629836	0.0608573
-0.630299	0.0530578
-0.62961	0.0442136
-0.629972	0.033064
-0.628983	0.0230752
-0.629483	0.01188
-0.630299	0.0013511
-0.632078	-0.00809225
-0.634494	-0.0163812
-0.638763	-0.0251627
-0.642793	-0.0348642
-0.648384	-0.0466181
-0.654779	-0.058683
-0.662492	-0.0711508
-0.668894	-0.0828564
-0.675109	-0.0956911
-0.680445	-0.107556
-0.685211	-0.118182
-0.689626	-0.127864
-0.696708	-0.135973
-0.700827	-0.143289
-0.703509	-0.149853
-0.705372	-0.156839
-0.707612	-0.163547
-0.708666	-0.170972
-0.708291	-0.179476
-0.712259	-0.186609
-0.71671	-0.193342
-0.719175	-0.20008
-0.723617	-0.207617
-0.727023	-0.215173
-0.730231	-0.22424
-0.730478	-0.231395
-0.732192	-0.237963
-0.731343	-0.246186
-0.730562	-0.255507
-0.729042	-0.261812
-0.727274	-0.268354
-0.725222	-0.276345
-0.722259	-0.285622
-0.719914	-0.296934
-0.718579	-0.305771
-0.716922	-0.314947
-0.714689	-0.324233
-0.712807	-0.333821
-0.710554	-0.34311
-0.706056	-0.353474
-0.703331	-0.362774
-0.70037	-0.371516
-0.696572	-0.381301
-0.693368	-0.390054
-0.688889	-0.39896
-0.684058	-0.406909
-0.681304	-0.41398
-0.677651	-0.421096
-0.676994	-0.428307
-0.674943	-0.436056
-0.673045	-0.443829
-0.669469	-0.452596
-0.666689	-0.460589
-0.663473	-0.468311
-0.657746	-0.477045
-0.65193	-0.485067
-0.646834	-0.492424
-0.640299	-0.499364
-0.63395	-0.503248
-0.62724	-0.503969
-0.61947	-0.504067
-0.609988	-0.505281
-0.602071	-0.508677
-0.593069	-0.510325
-0.584083	-0.512278
-0.573236	-0.513053
-0.562989	-0.513947
-0.553902	-0.514619
-0.543848	-0.513702
-0.534522	-0.51266
-0.526873	-0.512855
-0.519537	-0.512668
-0.510397	-0.51414
-0.501379	-0.515544
-0.490322	-0.520841
-0.479494	-0.524857
-0.469349	-0.528555
-0.46024	-0.531304
-0.452889	-0.53587
-0.445158	-0.540163
-0.438663	-0.545272
-0.43447	-0.551754
-0.431059	-0.558261
-0.428949	-0.562129
-0.426392	-0.566837
-0.424194	-0.571673
-0.421697	-0.57729
-0.41817	-0.580425
-0.414976	-0.584418
-0.413447	-0.587182
-0.412105	-0.590465
-0.411037	-0.594492
-0.41018	-0.598665
-0.405917	-0.604125
-0.401841	-0.609325
-0.397338	-0.614521
-0.391422	-0.620147
-0.384301	-0.623043
-0.377169	-0.625882
-0.370118	-0.628481
-0.363535	-0.630122
-0.356813	-0.629696
-0.350565	-0.63101
-0.342619	-0.630875
-0.334777	-0.630912
-0.326001	-0.630474
-0.319648	-0.630167
-0.311585	-0.630033
-0.303007	-0.628149
-0.292908	-0.624834
-0.283772	-0.622299
-0.274537	-0.61964
-0.266908	-0.617411
-0.260062	-0.615401
-0.253066	-0.613841
-0.246094	-0.612283
-0.238868	-0.610731
-0.231926	-0.608746
-0.225033	-0.605672
-0.220176	-0.599503
-0.215961	-0.592203
-0.215827	-0.585857
-0.21823	-0.579046
-0.221344	-0.572796
-0.227106	-0.567351
-0.231978	-0.564236
-0.236119	-0.562509
-0.242508	-0.56119
-0.251126	-0.55989
-0.259698	-0.554249
-0.269303	-0.549204
-0.278831	-0.544949
-0.28933	-0.540359
-0.2977	-0.53905
-0.307342	-0.538249
-0.319661	-0.537798
-0.330317	-0.537593
-0.340776	-0.537318
-0.348381	-0.53869
-0.354418	-0.536886
-0.361888	-0.533711
-0.368754	-0.53099
-0.375737	-0.528391
-0.381139	-0.526783
-0.387446	-0.524771
-0.393498	-0.521941
-0.399801	-0.519175
-0.407247	-0.516655
-0.415181	-0.515442
-0.423399	-0.514046
-0.431941	-0.51262
-0.436153	-0.509298
-0.441001	-0.505853
-0.44636	-0.502228
-0.45104	-0.497908
-0.456244	-0.494173
-0.457898	-0.49186
-0.459156	-0.488193
-0.46111	-0.483718
-0.462802	-0.477285
-0.463346	-0.470668
-0.467963	-0.467031
-0.473622	-0.465624
-0.478765	-0.462569
-0.485597	-0.460857
-0.494228	-0.461089
-0.503036	-0.458615
-0.51211	-0.455725
-0.521678	-0.453951
-0.529107	-0.4539
-0.534448	-0.453547
-0.540982	-0.454134
-0.547824	-0.454057
-0.554358	-0.454475
-0.561341	-0.454915
-0.564392	-0.457282
-0.567248	-0.458078
-0.571741	-0.459293
-0.580809	-0.461109
-0.588488	-0.460464
-0.597396	-0.459296
-0.603472	-0.457836
-0.61121	-0.45776
-0.618783	-0.457229
-0.62598	-0.456192
-0.631624	-0.454381
-0.636094	-0.451097
-0.640122	-0.447086
-0.642981	-0.440212
-0.645879	-0.433323
-0.649597	-0.42761
-0.653332	-0.42117
-0.661586	-0.412646
-0.667974	-0.402787
-0.673605	-0.393386
-0.678444	-0.383276
-0.682478	-0.375201
-0.685314	-0.36772
-0.687648	-0.360266
-0.689598	-0.350851
-0.693405	-0.341821
-0.696596	-0.331918
-0.699743	-0.322316
-0.702348	-0.313173
-0.704969	-0.30501
-0.710529	-0.295616
-0.715143	-0.285774
-0.719921	-0.276262
-0.726685	-0.267986
-0.73072	-0.258376
-0.733815	-0.249
-0.73415	-0.238291
-0.734766	-0.229552
-0.733977	-0.22199
-0.734094	-0.21434
-0.7321	-0.205644
-0.731216	-0.196168
-0.731975	-0.187432
-0.731709	-0.178222
-0.727983	-0.168378
-0.722892	-0.157858
-0.716161	-0.147188
-0.710338	-0.135396
-0.705203	-0.124114
-0.700695	-0.113814
-0.696328	-0.103978
-0.691783	-0.0939352
-0.688754	-0.0830091
-0.683347	-0.0762673
-0.678031	-0.0691851
-0.673509	-0.0623189
-0.668783	-0.0556976
-0.663773	-0.0486688
-0.657675	-0.0413159
-0.652249	-0.0342454
-0.645392	-0.0277839
-0.638788	-0.0212776
-0.632372	-0.0160112
-0.625936	-0.0110569
-0.621393	-0.00393991
-0.615092	0.00308231
-0.609988	0.0104687
-0.603807	0.0176828
-0.598288	0.0234834
-0.594132	0.029574
-0.589773	0.0356546
-0.584294	0.0423281
-0.578224	0.0477856
-0.573466	0.0553782
-0.569889	0.0616771
-0.566119	0.0688998
-0.5632	0.075714
-0.559674	0.0826283
-0.556889	0.0905873
-0.554305	0.0969804
-0.55162	0.103199
-0.548062	0.110493
-0.54528	0.117904
-0.543976	0.126264
-0.540487	0.130202
-0.53494	0.136644
-0.52938	0.142073
-0.526016	0.145407
-0.522065	0.149666
-0.515779	0.153317
-0.510478	0.161054
-0.503966	0.167384
-0.496859	0.170489
-0.489383	0.174497
-0.4817	0.178695
-0.474788	0.182771
-0.466792	0.187076
-0.459785	0.192871
-0.453131	0.198883
-0.447698	0.205329
-0.440445	0.214638
-0.431893	0.224834
-0.423907	0.232199
-0.416373	0.239366
-0.409757	0.2459
-0.40332	0.252523
-0.398092	0.259064
-0.393659	0.265558
-0.387574	0.270969
-0.382166	0.276706
-0.375363	0.28311
-0.36842	0.28784
-0.362807	0.292967
-0.357867	0.297144
-0.352657	0.301308
-0.341918	0.306433
-0.33057	0.311793
-0.32	0.316569
-0.310357	0.322271
-0.300465	0.326658
-0.290031	0.32924
-0.277598	0.331005
-0.265535	0.332459
-0.254192	0.333464
-0.243644	0.334695
-0.232608	0.337805
-0.222017	0.34497
-0.21266	0.351047
-0.202663	0.356259
-0.193336	0.360647
-0.18463	0.366463
-0.176171	0.371279
-0.165166	0.373381
-0.15722	0.373805
-0.148719	0.37476
-0.139514	0.375326
-0.129962	0.377643
-0.119383	0.381768
-0.112068	0.384218
-0.10437	0.384206
-0.0950482	0.385027
-0.0846664	0.386644
-0.0730941	0.389114
-0.0621179	0.390852
-0.0515235	0.395382
-0.0413245	0.399382
-0.02913	0.40338
-0.0194863	0.407038
-0.0101122	0.41066
-0.00227761	0.413321
0.00576171	0.414931
0.0134485	0.415573
0.0220414	0.415603
0.031014	0.414859
0.0390712	0.414641
0.0451255	0.412667
0.0520712	0.41087
0.0596492	0.407885
0.0672334	0.405166
0.0744051	0.402077
0.0787792	0.400305
0.083292	0.398528
0.0886882	0.394047
0.09433	0.389724
0.101161	0.38324
0.107407	0.378011
0.113377	0.373313
0.121201	0.366959
0.128726	0.360866
0.136638	0.354291
0.144563	0.347728
0.153377	0.339214
0.161162	0.332456
0.169901	0.324236
0.175924	0.318611
0.181649	0.312785
0.186935	0.306915
0.191762	0.303051
0.19642	0.298917
0.204184	0.295913
0.21138	0.293749
0.217442	0.295319
0.223383	0.297213
0.227787	0.297998
0.235591	0.303973
0.240664	0.308177
0.246441	0.312622
0.252074	0.318781
0.256394	0.326961
0.25976	0.333344
0.261859	0.339161
0.265492	0.348381
0.271529	0.355964
0.278729	0.363575
0.285031	0.37081
0.288702	0.376453
0.291988	0.382256
0.293485	0.386079
0.29557	0.389274
0.295968	0.393465
0.29646	0.397567
0.295962	0.402038
0.294696	0.40697
0.29254	0.413194
0.289786	0.41867
0.288047	0.42545
0.285897	0.4325
0.284227	0.435364
0.282654	0.438371
0.281858	0.440771
0.282332	0.445206
0.282483	0.45108
0.284644	0.456461
0.287356	0.460661
0.289413	0.465641
0.292822	0.469629
0.29227	0.472927
0.291768	0.476712
0.291177	0.481696
0.291182	0.488353
0.289696	0.497344
0.286223	0.508759
0.282279	0.519029
0.278141	0.531404
0.27488	0.543362
0.271187	0.554721
0.269934	0.561494
0.269327	0.567971
0.270345	0.575736
0.270501	0.584825
0.270485	0.590678
0.269997	0.59612
0.26753	0.6029
0.265085	0.609813
0.263967	0.615476
0.262285	0.620972
0.260068	0.626796
0.259436	0.634153
0.258081	0.638288
0.256129	0.64316
0.254357	0.648983
0.25246	0.653242
0.250137	0.657845
0.247485	0.662554
0.24466	0.66465
0.238928	0.668175
0.232514	0.674472
0.224683	0.680951
0.216247	0.687644
0.208285	0.692629
0.200691	0.695066
0.193344	0.697638
0.186737	0.699824
0.17948	0.70122
0.175364	0.701697
0.170625	0.701917
0.16542	0.70025
0.160663	0.698106
0.156013	0.694041
0.15177	0.68901
0.148394	0.682702
0.144706	0.676547
0.141016	0.669798
0.138544	0.663255
0.136735	0.653354
0.135403	0.644417
0.132331	0.635554
0.131649	0.62838
0.129582	0.617531
0.127945	0.607116
0.124768	0.598211
0.125618	0.587665
0.12761	0.580759
0.127691	0.570244
0.127459	0.55802
0.127966	0.54711
0.13081	0.538747
0.130943	0.532416
0.131347	0.525737
0.131642	0.518627
0.132286	0.512359
0.133185	0.506287
0.131288	0.498506
0.130808	0.490392
0.129155	0.48481
0.12591	0.479205
0.122548	0.473297
0.121456	0.47013
0.120659	0.464982
0.120686	0.459585
0.122037	0.45408
0.126185	0.445998
0.130977	0.438497
0.136003	0.430112
0.141706	0.422595
0.146922	0.416337
0.150151	0.410809
0.15349	0.405436
0.154936	0.398284
0.156622	0.391193
0.156988	0.38422
0.162957	0.37583
0.169591	0.367623
0.175517	0.359747
0.179853	0.352515
0.186139	0.345502
0.193815	0.338568
0.199252	0.334793
0.204835	0.329412
0.210608	0.323347
0.215519	0.316905
0.22308	0.308364
0.232291	0.299766
0.239611	0.292372
0.246353	0.286257
0.253648	0.281181
0.26235	0.275728
0.271853	0.272327
0.279313	0.269555
0.286994	0.26702
0.294438	0.264553
0.301657	0.264402
0.30983	0.262812
0.318359	0.261135
0.327708	0.259608
0.334197	0.258285
0.341161	0.255564
0.345749	0.254668
0.352592	0.251961
0.359797	0.249233
0.366879	0.246342
0.374235	0.242383
0.381046	0.238276
0.385911	0.234658
0.391104	0.23186
0.396883	0.22926
0.403613	0.228734
0.410383	0.228068
0.421206	0.227743
0.431914	0.22713
0.444114	0.227237
0.457757	0.227104
0.470037	0.226484
0.481046	0.224924
0.491504	0.222345
0.502145	0.219034
0.512437	0.215577
0.522842	0.212205
0.532027	0.209322
0.540421	0.205835
0.547575	0.20174
0.556009	0.199459
0.56446	0.195791
0.572605	0.192333
0.580823	0.188048
0.588987	0.183975
0.599597	0.181071
0.609371	0.17729
0.620117	0.174036
0.631029	0.170761
0.641113	0.166012
0.649928	0.164152
0.658481	0.163483
0.667413	0.161957
0.676079	0.157937
0.683536	0.152146
0.690743	0.144586
0.697128	0.136862
0.701666	0.128071
0.706146	0.12345
0.709802	0.113212
0.713568	0.103189
0.71932	0.0930398
0.723017	0.0829736
0.727885	0.0726252
0.732395	0.0633409
0.737004	0.056734
0.740182	0.0493651
0.743114	0.0405756
0.746594	0.0318969
0.750504	0.024426
0.753955	0.0172061
0.757831	0.00732455
0.762848	-0.00234652
0.767377	-0.0110272
0.770333	-0.0183695
0.772559	-0.0262126
0.776374	-0.0332516
0.778944	-0.0403903
0.782156	-0.0496997
0.784764	-0.0616558
0.787795	-0.0723908
0.791864	-0.0805894
0.795624	-0.0887313
0.800615	-0.0960285
0.805812	-0.102767
0.810522	-0.109456
0.815605	-0.116273
0.823631	-0.123638
0.830075	-0.131715
0.836185	-0.138794
0.841822	-0.146136
0.848974	-0.149165
0.857479	-0.150938
0.860877	-0.152368
0.865029	-0.154631
0.868391	-0.157169
0.871568	-0.160268
0.872889	-0.163915
0.873141	-0.168244
0.873866	-0.174176
0.873873	-0.178472
0.873553	-0.184243
0.871727	-0.192132
0.87063	-0.199765
0.872221	-0.211632
0.873326	-0.223303
0.873939	-0.234106
0.873624	-0.244811
0.869922	-0.253469
0.86641	-0.261997
0.863353	-0.269607
0.860341	-0.276517
0.858092	-0.28284
0.856	-0.289537
0.854276	-0.296626
0.853116	-0.304121
0.85293	-0.309022
0.852139	-0.314044
0.849938	-0.319798
0.847933	-0.326929
0.846243	-0.334372
0.84382	-0.341719
0.84151	-0.349191
0.837007	-0.357272
0.831888	-0.365071
0.826353	-0.372362
0.821101	-0.379658
0.817605	-0.385347
0.812917	-0.391988
0.807994	-0.397403
0.803496	-0.402312
0.800628	-0.407774
0.797597	-0.413292
0.793655	-0.423094
0.791629	-0.434239
0.791588	-0.444105
0.791916	-0.453603
0.791881	-0.462351
0.790327	-0.468766
0.789945	-0.472925
0.789224	-0.477963
0.788145	-0.483512
0.786505	-0.488779
0.784649	-0.49498
0.783062	-0.501903
0.78319	-0.509114
0.783694	-0.514337
0.782461	-0.519825
0.780385	-0.524724
0.777906	-0.530076
0.771917	-0.536278
0.76621	-0.542128
0.763197	-0.550184
0.75888	-0.556795
0.75459	-0.561328
0.751401	-0.567786
0.749782	-0.57265
0.749767	-0.578302
0.750012	-0.585583
0.750233	-0.591991
0.75211	-0.601029
0.754499	-0.607104
0.755432	-0.614156
0.757798	-0.622613
0.756659	-0.629654
0.756057	-0.634351
0.755969	-0.642735
0.754316	-0.650428
0.752632	-0.658285
0.750529	-0.665901
0.747998	-0.673309
0.746009	-0.678826
0.742762	-0.686105
0.73836	-0.694541
0.733323	-0.701805
0.724281	-0.707333
0.716961	-0.709991
0.710291	-0.712813
0.70231	-0.714853
0.692374	-0.715531
0.682887	-0.71793
0.677297	-0.720815
0.671702	-0.7242
0.666064	-0.728036
0.659793	-0.733592
0.652658	-0.738423
0.645519	-0.742624
0.637124	-0.748277
0.62933	-0.753775
0.621831	-0.759483
0.614616	-0.764564
0.607983	-0.769425
0.599411	-0.775749
0.591877	-0.781599
0.584365	-0.787031
0.577358	-0.792486
0.570948	-0.795461
0.564471	-0.799069
0.558309	-0.802701
0.550283	-0.808008
0.542621	-0.813065
0.535082	-0.818473
0.52903	-0.823099
0.521535	-0.824445
0.513306	-0.824669
0.506949	-0.826815
0.500772	-0.828988
0.495154	-0.830627
0.490782	-0.833729
0.489511	-0.838948
0.488773	-0.844527
0.488527	-0.85056
0.485089	-0.86019
0.482305	-0.869319
0.477833	-0.879059
0.476518	-0.888152
0.476061	-0.896993
0.472427	-0.906234
0.469682	-0.915255
0.467404	-0.92403
0.466249	-0.933135
0.467426	-0.944517
0.467521	-0.95597
0.468493	-0.966324
0.470311	-0.975885
0.472934	-0.98359
0.473383	-0.992125
0.474362	-1.00018
0.475959	-1.00661
0.477489	-1.0132
0.479438	-1.01989
0.483563	-1.02489
0.488427	-1.02936
0.492013	-1.03085
0.495203	-1.03407
0.500552	-1.03764
0.506668	-1.0416
0.513063	-1.04373
0.520195	-1.04662
0.530901	-1.04988
0.541695	-1.05293
0.551	-1.05517
0.55953	-1.05742
0.56874	-1.06131
0.577436	-1.06505
0.585951	-1.06976
0.590616	-1.07677
0.596323	-1.08479
0.600342	-1.09578
0.605024	-1.10731
0.613621	-1.11978
0.62261	-1.12863
0.629649	-1.13868
0.636752	-1.14931
0.642596	-1.15857
0.646268	-1.16719
0.65167	-1.17687
0.658273	-1.18468
0.664397	-1.19295
0.669635	-1.20121
0.677571	-1.20995
0.685221	-1.2189
0.691962	-1.22737
0.698317	-1.23348
0.704715	-1.23927
0.710185	-1.24641
0.71486	-1.25361
0.719396	-1.26422
0.721576	-1.27305
0.723451	-1.27979
0.725882	-1.28903
0.728462	-1.29864
0.731257	-1.30634
0.733477	-1.31124
0.735856	-1.31548
0.740024	-1.3156
0.745523	-1.31838
0.750447	-1.32128
0.756046	-1.32433
0.763488	-1.32599
0.771075	-1.32887
0.779008	-1.33445
0.786317	-1.33918
0.792749	-1.34627
0.800464	-1.35686
0.807361	-1.36666
0.810509	-1.37885
0.815407	-1.38657
0.821671	-1.39428
0.827057	-1.4023
0.8317	-1.41302
0.839676	-1.42317
0.847702	-1.43344
0.855095	-1.44365
0.8618	-1.45304
0.866691	-1.46037
0.867381	-1.46887
0.86874	-1.47661
0.870462	-1.48423
0.871157	-1.49251
0.87276	-1.50307
0.873581	-1.51667
0.873123	-1.52768
0.874505	-1.53941
0.876798	-1.54994
0.878446	-1.56001
0.882018	-1.57089
0.886891	-1.58172
0.893037	-1.5889
0.898722	-1.59596
0.903419	-1.60073
0.908301	-1.60676
0.915208	-1.61344
0.921663	-1.62007
0.928756	-1.62726
0.934623	-1.63569
0.939943	-1.64382
0.945819	-1.65017
0.952104	-1.65569
0.956527	-1.66148
0.960517	-1.66732
0.964717	-1.67316
0.970358	-1.68026
0.972713	-1.68473
0.977264	-1.68867
0.980737	-1.69448
0.984164	-1.69812
0.988895	-1.70212
0.993184	-1.70625
0.999089	-1.71102
1.00465	-1.71662
1.00914	-1.72773
1.01322	-1.73823
1.01775	-1.74987
1.02588	-1.76117
1.03384	-1.77156
1.03974	-1.78322
1.04485	-1.79322
1.04914	-1.80218
1.05295	-1.80951
1.05686	-1.81654
1.06062	-1.8238
1.06272	-1.83237
1.06519	-1.84204
1.06735	-1.85155
1.06772	-1.86024
1.06827	-1.8684
1.07195	-1.87737
1.07668	-1.88714
1.08248	-1.89287
1.08775	-1.89911
1.09254	-1.90311
1.09783	-1.90653
1.10221	-1.9108
1.10314	-1.91411
1.10426	-1.91903
1.10263	-1.92483
1.09907	-1.93158
1.09319	-1.93866
1.08783	-1.94548
1.07896	-1.95372
1.07105	-1.96156
1.06376	-1.96907
1.05673	-1.97726
1.05218	-1.9846
1.04817	-1.99211
1.04401	-1.99711
1.04062	-2.00023
1.03986	-2.0043
1.04224	-2.01013
1.04293	-2.01689
1.04713	-2.02694
1.05134	-2.03636
1.05498	-2.04585
1.06219	-2.05116
1.06947	-2.05668
1.07787	-2.06342
1.0894	-2.06558
1.10353	-2.06782
1.11645	-2.06612
1.12677	-2.06434
1.13449	-2.06383
1.14225	-2.06314
1.14874	-2.06718
1.15719	-2.07157
1.16446	-2.07709
1.17296	-2.08182
1.18132	-2.08616
1.18921	-2.09092
1.19886	-2.09459
1.21342	-2.09921
1.22377	-2.10562
1.23292	-2.10874
1.24255	-2.111
1.25135	-2.11349
1.25977	-2.11549
1.26799	-2.11575
1.27688	-2.11303
1.28558	-2.11018
1.29286	-2.10388
1.29943	-2.09859
1.30374	-2.09373
1.30778	-2.08895
1.31361	-2.08111
1.32108	-2.07201
1.33117	-2.06482
1.34074	-2.0562
1.34908	-2.04466
1.35739	-2.03528
1.36615	-2.02642
1.37578	-2.01899
1.38594	-2.01113
1.39344	-2.00212
1.40062	-1.99386
1.40879	-1.98592
1.41488	-1.97812
1.42288	-1.97084
1.43509	-1.96401
1.44657	-1.95813
1.45704	-1.9538
1.46761	-1.95156
1.47855	-1.94842
1.4886	-1.94533
1.4981	-1.94289
1.50832	-1.94096
1.51908	-1.93923
1.53053	-1.93854
1.54331	-1.94336
1.55106	-1.94716
1.55936	-1.94976
1.56833	-1.95166
1.57418	-1.95556
1.57954	-1.95884
1.58552	-1.95966
1.5908	-1.96276
1.59629	-1.96579
1.60269	-1.96819
1.60863	-1.96959
1.61467	-1.9708
1.62086	-1.9723
1.62519	-1.97438
1.63057	-1.97558
1.63675	-1.97759
1.64168	-1.9768
1.64407	-1.97455
1.64725	-1.97373
1.65128	-1.9744
1.65575	-1.97423
1.66213	-1.9739
1.66922	-1.97344
1.67527	-1.97419
1.68051	-1.97641
1.68492	-1.98027
1.68985	-1.98634
1.69486	-1.99276
1.70012	-1.99889
1.70629	-2.0023
1.71008	-2.00654
1.71438	-2.0108
1.72053	-2.01614
1.72492	-2.02234
1.73141	-2.02974
1.7376	-2.03676
1.74344	-2.04394
1.75143	-2.04912
1.75986	-2.05425
1.76711	-2.05944
1.77113	-2.06891
1.77594	-2.07689
1.77909	-2.08418
1.78205	-2.09154
1.78484	-2.0989
1.78593	-2.10704
1.7882	-2.11563
1.79058	-2.12401
1.79407	-2.13145
1.79544	-2.1386
1.79603	-2.14574
1.7958	-2.1525
1.79661	-2.15532
1.79825	-2.15816
1.80229	-2.16021
1.8044	-2.16182
1.80653	-2.16758
1.80846	-2.17691
1.80906	-2.1838
1.80939	-2.19074
1.80738	-2.20092
1.8069	-2.21123
1.80457	-2.22036
1.8022	-2.22917
1.79949	-2.23828
1.79905	-2.24735
1.7986	-2.25584
1.7969	-2.26048
1.79682	-2.2661
1.79795	-2.27251
1.79535	-2.27657
1.79043	-2.27945
1.78663	-2.28345
1.78216	-2.28871
1.77875	-2.29343
1.77638	-2.30072
1.77385	-2.30632
1.77196	-2.31314
1.7714	-2.32097
1.77123	-2.32777
1.77043	-2.33472
1.76771	-2.33991
1.7642	-2.34508
1.76028	-2.35212
1.7535	-2.36168
1.74933	-2.36986
1.74398	-2.37661
1.73665	-2.385
1.72599	-2.39402
1.71565	-2.40244
1.70669	-2.41036
1.69738	-2.42118
1.69013	-2.4337
1.68465	-2.44696
1.68017	-2.45691
1.67389	-2.46437
1.66545	-2.47079
1.659	-2.47639
1.65178	-2.4814
1.64363	-2.48771
1.6381	-2.49314
1.63101	-2.49783
1.62515	-2.50515
1.62053	-2.51205
1.61604	-2.51828
1.61198	-2.52207
1.60785	-2.5274
1.60288	-2.53234
1.59788	-2.53737
1.59434	-2.54487
1.59086	-2.55319
1.5895	-2.56063
1.58809	-2.56826
1.58651	-2.57571
1.58471	-2.58295
1.5835	-2.58896
1.58154	-2.59328
1.57927	-2.59797
1.577	-2.60224
1.57417	-2.60758
1.5697	-2.61421
1.56437	-2.62255
1.55915	-2.63033
1.55378	-2.63734
1.54873	-2.64372
1.54346	-2.64971
1.53745	-2.65849
1.53141	-2.66636
1.52357	-2.67587
1.51644	-2.68327
1.50728	-2.68769
1.49778	-2.69214
1.48785	-2.69422
1.4759	-2.69356
1.46689	-2.69229
1.45645	-2.6912
1.44643	-2.69027
1.43783	-2.68888
1.43013	-2.68759
1.41673	-2.68503
1.4022	-2.68408
1.3889	-2.68297
1.37599	-2.68027
1.36424	-2.67675
1.35189	-2.67342
1.34029	-2.67032
1.33079	-2.66655
1.32201	-2.66342
1.31437	-2.66065
1.30942	-2.65867
1.30374	-2.65883
1.29895	-2.66072
1.2935	-2.6623
1.28832	-2.66404
1.28423	-2.66372
1.27615	-2.66493
1.26762	-2.66563
1.25837	-2.66639
1.24917	-2.66699
1.24023	-2.66719
1.22876	-2.66627
1.21862	-2.66604
1.20754	-2.66441
1.19599	-2.66281
1.18514	-2.6607
1.17581	-2.65837
1.16693	-2.65578
1.15848	-2.65252
1.15071	-2.64634
1.1426	-2.63856
1.13577	-2.6304
1.12919	-2.62267
1.12156	-2.61483
1.1142	-2.60789
1.10668	-2.60099
1.0988	-2.59451
1.09193	-2.58867
1.08191	-2.58173
1.07284	-2.57489
1.06682	-2.56702
1.05923	-2.56091
1.05289	-2.55558
1.04525	-2.55255
1.03846	-2.54751
1.0296	-2.54445
1.02159	-2.54099
1.01484	-2.53509
1.00979	-2.5288
1.00416	-2.52192
0.998199	-2.51346
0.994111	-2.50372
0.990893	-2.49337
0.9881	-2.48264
0.98433	-2.47273
0.981641	-2.46281
0.979838	-2.45154
0.978147	-2.44142
0.976854	-2.43125
0.976647	-2.4246
0.977204	-2.41764
0.978027	-2.41149
0.979068	-2.4043
0.980852	-2.39684
0.982454	-2.38823
0.98422	-2.37972
0.985771	-2.37208
0.987076	-2.36317
0.989741	-2.35262
0.991962	-2.34318
0.993319	-2.33246
0.992422	-2.32298
0.992694	-2.31202
0.993334	-2.30175
0.994028	-2.29136
0.995818	-2.27826
0.998155	-2.26507
0.998886	-2.25549
0.999121	-2.24514
1.00007	-2.23411
1.0016	-2.22512
1.00406	-2.21268
1.00647	-2.20202
1.01003	-2.19087
1.01239	-2.17923
1.01552	-2.16722
1.01748	-2.15776
1.01847	-2.14706
1.01517	-2.13765
1.01181	-2.12749
1.01056	-2.11799
1.00679	-2.11033
1.00371	-2.10559
1.00119	-2.10015
0.999326	-2.09402
0.998018	-2.08818
0.998263	-2.08034
0.998918	-2.07165
1.00046	-2.06179
0.999819	-2.05477
0.996061	-2.0501
0.992636	-2.04411
0.985802	-2.03475
0.979539	-2.0273
0.974195	-2.02167
0.971189	-2.01451
0.96918	-2.00873
0.967987	-2.00199
0.967494	-1.99499
0.969255	-1.9856
0.972145	-1.97801
0.97672	-1.97016
0.980865	-1.96217
0.98525	-1.95753
0.990071	-1.95228
0.993525	-1.94191
0.995437	-1.93234
0.997927	-1.92184
0.999101	-1.91036
0.999165	-1.90039
0.999382	-1.89076
0.99971	-1.87975
1.00079	-1.86888
1.00238	-1.85916
1.00368	-1.84982
1.00495	-1.84089
1.00625	-1.83204
1.00793	-1.82279
1.00944	-1.81356
1.01417	-1.80203
1.01901	-1.7912
1.02374	-1.78126
1.02781	-1.77209
1.03152	-1.76273
1.03467	-1.75367
1.03682	-1.744
1.03637	-1.73625
1.03507	-1.7282
1.03352	-1.72139
1.03499	-1.71386
1.03685	-1.70587
1.03842	-1.69621
1.03693	-1.68578
1.03607	-1.67642
1.03411	-1.66781
1.03027	-1.66231
1.02516	-1.65468
1.01919	-1.64752
1.01404	-1.63943
1.00919	-1.6316
1.00222	-1.62366
0.995891	-1.61644
0.99011	-1.60981
0.98462	-1.60318
0.980927	-1.59255
0.975665	-1.58295
0.970982	-1.5742
0.968341	-1.56574
0.96594	-1.55891
0.963613	-1.55113
0.962987	-1.5417
0.962749	-1.53394
0.964228	-1.52582
0.965399	-1.51689
0.964615	-1.50709
0.962999	-1.49731
0.961734	-1.48738
0.959252	-1.47883
0.956795	-1.4703
0.952457	-1.4627
0.948587	-1.45534
0.943598	-1.44879
0.937887	-1.4352
0.932224	-1.42509
0.927986	-1.41506
0.924656	-1.40693
0.920693	-1.39865
0.914266	-1.39253
0.908291	-1.38361
0.902737	-1.37556
0.897138	-1.36795
0.893046	-1.36219
0.888303	-1.35613
0.884374	-1.34806
0.879443	-1.34407
0.874107	-1.33968
0.869558	-1.33829
0.864293	-1.33572
0.858881	-1.33277
0.850272	-1.32702
0.842364	-1.32165
0.832486	-1.31877
0.822727	-1.31575
0.811888	-1.31374
0.802441	-1.31179
0.791809	-1.3102
0.782467	-1.30934
0.772847	-1.30892
0.764516	-1.30817
0.756099	-1.30707
0.748371	-1.30526
0.740867	-1.30419
0.73284	-1.3026
0.723667	-1.297
0.716268	-1.28977
0.710593	-1.28483
0.701122	-1.27818
0.69177	-1.27367
0.685102	-1.27141
0.680575	-1.26705
0.675374	-1.26411
0.669625	-1.26279
0.663094	-1.25861
0.656932	-1.25384
0.653753	-1.2487
0.648835	-1.24249
0.643828	-1.23844
0.640092	-1.23913
0.635656	-1.23951
0.633245	-1.23796
0.627868	-1.23555
0.623108	-1.23226
0.617704	-1.22749
0.613426	-1.22166
0.608964	-1.21605
0.604225	-1.20957
0.603255	-1.2031
0.603922	-1.19519
0.603566	-1.18641
0.604344	-1.17678
0.6039	-1.16764
0.605683	-1.15892
0.606717	-1.14751
0.609113	-1.13899
0.611264	-1.1325
0.609495	-1.12352
0.604371	-1.11052
0.596554	-1.09936
