0.00433593	0.00581134
0.00855581	0.0118917
0.0121097	0.0179169
0.0154434	0.0235088
0.0231116	0.0304646
0.0303374	0.0365752
0.0355357	0.0437084
0.0406755	0.0499575
0.0456649	0.0565084
0.0486384	0.0643034
0.0509411	0.0695568
0.053516	0.0748313
0.0524995	0.0787905
0.0517932	0.083562
0.0515396	0.0886658
0.0515002	0.0914773
0.0514655	0.0953198
0.0513961	0.100002
0.0513801	0.104861
0.0507476	0.111263
0.045935	0.114879
0.041645	0.118858
0.0371126	0.123306
0.0321311	0.128468
0.027523	0.133439
0.0217208	0.138841
0.0141116	0.143548
0.00277795	0.150449
-0.00650906	0.155664
-0.0151532	0.161452
-0.0233316	0.168217
-0.0285277	0.173966
-0.0341268	0.18255
-0.0390039	0.190515
-0.0431166	0.198681
-0.0472572	0.206593
-0.0528817	0.21597
-0.0582388	0.224907
-0.0645273	0.232175
-0.0718319	0.238372
-0.0798256	0.244948
-0.0887464	0.248875
-0.0971631	0.252772
-0.104951	0.258314
-0.113159	0.263088
-0.120027	0.26708
-0.126715	0.270854
-0.133594	0.274534
-0.138322	0.27886
-0.145723	0.284922
-0.152234	0.289944
-0.158846	0.294635
-0.165768	0.299148
-0.173111	0.303375
-0.179918	0.307867
-0.186342	0.312772
-0.193357	0.315241
-0.200537	0.316985
-0.207642	0.317869
-0.217225	0.321106
-0.22592	0.323634
-0.233731	0.325338
-0.242715	0.327337
-0.252186	0.328409
-0.26369	0.327265
-0.273895	0.326048
-0.284133	0.323713
-0.293843	0.321513
-0.305796	0.317175
-0.315889	0.313813
-0.324582	0.311094
-0.333041	0.308375
-0.340988	0.300077
-0.348302	0.290178
-0.355731	0.280894
-0.362833	0.272567
-0.370299	0.26491
-0.376177	0.258437
-0.378186	0.251976
-0.38019	0.246715
-0.384798	0.240808
-0.387952	0.236449
-0.392043	0.230682
-0.397199	0.225623
-0.402325	0.220205
-0.407549	0.214731
-0.412344	0.211224
-0.417334	0.205729
-0.423375	0.200479
-0.425198	0.192156
-0.424212	0.185543
-0.424554	0.179759
-0.427062	0.172141
-0.429989	0.166049
-0.43202	0.16066
-0.435376	0.154407
-0.438602	0.148072
-0.441773	0.1455
-0.45105	0.141681
-0.459831	0.136568
-0.46746	0.131577
-0.476593	0.130279
-0.48567	0.128118
-0.492966	0.126609
-0.50033	0.125615
-0.50801	0.124483
-0.513188	0.120263
-0.518637	0.116727
-0.525854	0.113361
-0.531578	0.108993
-0.538466	0.10539
-0.54467	0.10167
-0.551488	0.0987912
-0.557058	0.0967062
-0.562667	0.0929798
-0.568355	0.0890959
-0.572821	0.0852397
-0.577512	0.0805328
-0.583389	0.0757373
-0.589374	0.0704059
-0.593412	0.0661534
-0.597273	0.0612159
-0.601453	0.0586517
-0.60534	0.0560587
-0.609878	0.054448
-0.614529	0.0528336
-0.618008	0.0548842
-0.622745	0.0574205
-0.62842	0.0577737
-0.634451	0.0566325
-0.640473	0.0550217
-0.645071	0.053398
-0.649873	0.0518791
-0.655183	0.0494573
-0.661127	0.047128
-0.667302	0.0437739
-0.672564	0.0386837
-0.675607	0.0351375
-0.678297	0.0296111
-0.67906	0.0229941
-0.679038	0.0146722
-0.678442	0.00581309
-0.678472	-0.00398977
-0.6787	-0.0118133
-0.680691	-0.0196474
-0.682092	-0.0279445
-0.682865	-0.0362084
-0.683105	-0.0447129
-0.682994	-0.0534212
-0.682553	-0.062123
-0.68275	-0.0695419
-0.682519	-0.0768889
-0.682226	-0.0845548
-0.682843	-0.0900572
-0.683091	-0.0962083
-0.683706	-0.103456
-0.684983	-0.11016
-0.686916	-0.11864
-0.688883	-0.127117
-0.690506	-0.137381
-0.693066	-0.143522
-0.69593	-0.149071
-0.698792	-0.155165
-0.703445	-0.162129
-0.708128	-0.168353
-0.711943	-0.175356
-0.715788	-0.181998
-0.719267	-0.189883
-0.722192	-0.192603
-0.725879	-0.196502
-0.729274	-0.20328
-0.735777	-0.207027
-0.741216	-0.209938
-0.744732	-0.214056
-0.74871	-0.219334
-0.749102	-0.222746
-0.74767	-0.224367
-0.748128	-0.227499
-0.747001	-0.230233
-0.744396	-0.233172
-0.743495	-0.236555
-0.741649	-0.243147
-0.740129	-0.250021
-0.739512	-0.259599
-0.73823	-0.269603
-0.737166	-0.279234
-0.735005	-0.287986
-0.730117	-0.296383
-0.725806	-0.304937
-0.723416	-0.313684
-0.721371	-0.322308
-0.720596	-0.335026
-0.718441	-0.345366
-0.717563	-0.354412
-0.713934	-0.363849
-0.709517	-0.374379
-0.711801	-0.380416
-0.712806	-0.386665
-0.713178	-0.393836
-0.712852	-0.401164
-0.712516	-0.40828
-0.711768	-0.415504
-0.712763	-0.423106
-0.710588	-0.435213
-0.706517	-0.446436
-0.70357	-0.456881
-0.697401	-0.466516
-0.691905	-0.475849
-0.6865	-0.486262
-0.680236	-0.49523
-0.670288	-0.499615
-0.662062	-0.503729
-0.65484	-0.508237
-0.645614	-0.512639
-0.636156	-0.515052
-0.626321	-0.517928
-0.616475	-0.520752
-0.608522	-0.52629
-0.598439	-0.530449
-0.589005	-0.532764
-0.580286	-0.534497
-0.571952	-0.535661
-0.565036	-0.53392
-0.55701	-0.531228
-0.5491	-0.529237
-0.541354	-0.527435
-0.533912	-0.527951
-0.527296	-0.52688
-0.518739	-0.525939
-0.508735	-0.527756
-0.499856	-0.530515
-0.490388	-0.533898
-0.482644	-0.537307
-0.476661	-0.542502
-0.469578	-0.545896
-0.463384	-0.549239
-0.456956	-0.553386
-0.451838	-0.553241
-0.446361	-0.553755
-0.442576	-0.553577
-0.436959	-0.550313
-0.431143	-0.542872
-0.428403	-0.536814
-0.424313	-0.531047
-0.419426	-0.522162
-0.417881	-0.51035
-0.413523	-0.495906
-0.409703	-0.483251
-0.407632	-0.469455
-0.403007	-0.456685
-0.397761	-0.447513
-0.390371	-0.439804
-0.385021	-0.431853
-0.381363	-0.423215
-0.378237	-0.414105
-0.376076	-0.402849
-0.37409	-0.390366
-0.371947	-0.378674
-0.369731	-0.369115
-0.365833	-0.359728
-0.361881	-0.350721
-0.357668	-0.341918
-0.354599	-0.335353
-0.351233	-0.329673
-0.348475	-0.323174
-0.345413	-0.316688
-0.342562	-0.310332
-0.340344	-0.303505
-0.336672	-0.296812
-0.333095	-0.291325
-0.327874	-0.286331
-0.323135	-0.281857
-0.318634	-0.275683
-0.313951	-0.270967
-0.307592	-0.266956
-0.301201	-0.264105
-0.295283	-0.261265
-0.288691	-0.258282
-0.283315	-0.254407
-0.277412	-0.253391
-0.270578	-0.252166
-0.264228	-0.247756
-0.25738	-0.243367
-0.250467	-0.238949
-0.245147	-0.235845
-0.239692	-0.233045
-0.235412	-0.228903
-0.229611	-0.222902
-0.223666	-0.216353
-0.219576	-0.209201
-0.214949	-0.202521
-0.209919	-0.196306
-0.202623	-0.192543
-0.195583	-0.190526
-0.187802	-0.186902
-0.179646	-0.18198
-0.171171	-0.174955
-0.16267	-0.167608
-0.155917	-0.161077
-0.148698	-0.154394
-0.141665	-0.148401
-0.134731	-0.14406
-0.128054	-0.141454
-0.118897	-0.136515
-0.109333	-0.132672
-0.100836	-0.129302
-0.0900448	-0.124891
-0.0799852	-0.120176
-0.0688149	-0.115284
-0.0610474	-0.10897
-0.0509721	-0.105974
-0.0416035	-0.102991
-0.0309383	-0.101904
-0.0206451	-0.100921
-0.0098208	-0.102471
0.000150388	-0.103304
0.00960552	-0.103187
0.0187517	-0.102146
0.0248309	-0.0984317
0.0308661	-0.0942949
0.0347137	-0.0889699
0.0370527	-0.0848515
0.0440567	-0.0801123
0.0495007	-0.073195
0.0518606	-0.0657798
0.0540745	-0.0606154
0.0538379	-0.0578773
0.0534771	-0.0537584
0.0541668	-0.0491071
0.0572536	-0.0437615
0.0609325	-0.0377464
0.0651079	-0.0324062
0.0690828	-0.0279755
0.0710942	-0.02314
0.0725856	-0.0196152
0.0743523	-0.0154276
0.0795764	-0.0098202
0.0851761	-0.00757491
0.0893842	-0.00605506
0.0921773	-0.0036193
0.0955403	-0.000359387
0.0979603	0.00486036
0.102729	0.0126751
0.107348	0.0201953
0.112821	0.0293175
0.11706	0.0391785
0.124251	0.0493741
0.131111	0.0589295
0.137573	0.0678501
0.144607	0.0816318
0.149112	0.0961831
0.153703	0.108286
0.158226	0.120011
0.164737	0.129789
0.170632	0.139659
0.175739	0.147909
0.180076	0.154819
0.184184	0.162828
0.188658	0.170206
0.192682	0.177731
0.194808	0.187653
0.199753	0.19704
0.203551	0.205385
0.207382	0.212891
0.211084	0.220315
0.215131	0.227773
0.218211	0.236469
0.218592	0.246862
0.218649	0.256453
0.219593	0.267367
0.216586	0.275777
0.214163	0.282691
0.211095	0.288924
0.208003	0.294755
0.207799	0.301483
0.206561	0.308344
0.20401	0.315205
0.201567	0.321492
0.199964	0.324779
0.197728	0.324945
0.194576	0.326993
0.190531	0.329536
0.187071	0.334883
0.183363	0.34068
0.179826	0.34897
0.176317	0.356966
0.169536	0.365628
0.163142	0.373505
0.157049	0.383171
0.154916	0.395273
0.15481	0.405903
0.153641	0.415872
0.153052	0.424675
0.15256	0.432946
0.1507	0.442324
0.149196	0.450506
0.146513	0.457686
0.143043	0.462932
0.140489	0.468469
0.138056	0.473696
0.135768	0.478798
0.133643	0.483367
0.130494	0.491332
0.128342	0.499516
0.127985	0.50581
0.127838	0.511977
0.129813	0.518552
0.131072	0.526325
0.126718	0.534693
0.123273	0.540836
0.120382	0.547093
0.118545	0.550638
0.1192	0.555139
0.121916	0.557744
0.125552	0.561276
0.13066	0.563848
0.137367	0.56477
0.142188	0.56454
0.147471	0.563487
0.153895	0.560035
0.15841	0.557061
0.163208	0.553251
0.167857	0.548813
0.176191	0.544568
0.184337	0.540102
0.193858	0.535393
0.202148	0.528749
0.212299	0.523461
0.220458	0.516611
0.225579	0.509438
0.230215	0.502352
0.234291	0.496662
0.238689	0.490645
0.241027	0.483733
0.243329	0.476584
0.245322	0.469435
0.247301	0.462154
0.25027	0.454793
0.254082	0.448946
0.257426	0.442989
0.260772	0.438944
0.260412	0.434422
0.259695	0.430608
0.259884	0.426824
0.261086	0.42043
0.260333	0.412422
0.261209	0.406915
0.263733	0.398357
0.263404	0.391628
0.26316	0.38634
0.262801	0.382522
0.262094	0.377982
0.261172	0.372867
0.259988	0.366536
0.258544	0.35982
0.257085	0.352125
0.256125	0.344234
0.254915	0.336603
0.253886	0.329432
0.253025	0.322343
0.24982	0.315698
0.247452	0.305863
0.245359	0.296399
0.245149	0.284963
0.245194	0.274427
0.245484	0.264102
0.246008	0.256756
0.245218	0.247211
0.241639	0.239459
0.237716	0.230526
0.233352	0.221889
0.229019	0.213809
0.22383	0.203495
0.218539	0.193957
0.214163	0.186209
0.209567	0.177421
0.206245	0.167421
0.201627	0.162139
0.197032	0.157221
0.194523	0.150907
0.192138	0.144432
0.188069	0.140036
0.181986	0.136173
0.175852	0.131641
0.170156	0.126499
0.164653	0.123443
0.157602	0.120099
0.150834	0.116508
0.138576	0.111813
0.12663	0.104931
0.114667	0.0984561
0.103995	0.0905503
0.0938187	0.0826571
0.0811685	0.0736612
0.0675836	0.0635517
0.0557215	0.0545296
0.045227	0.0460892
0.0360817	0.0381229
0.0274476	0.0267498
0.0185441	0.0160379
0.0102013	0.00650502
0.00379393	-0.00195932
-0.00360159	-0.00835328
-0.00968128	-0.0156636
-0.0150863	-0.0218626
-0.0213521	-0.0263281
-0.0274293	-0.0318443
-0.032564	-0.0361258
-0.0358047	-0.0403288
-0.0390929	-0.0457344
-0.0423487	-0.0489091
-0.0463877	-0.0504475
-0.0514712	-0.0529095
-0.0559465	-0.0580265
-0.061108	-0.0632156
-0.0661859	-0.0702674
-0.0732412	-0.0769803
-0.0799816	-0.0842089
-0.0866363	-0.0910532
-0.0908751	-0.0994309
-0.0927668	-0.106924
-0.0957782	-0.113929
-0.0993347	-0.121919
-0.104157	-0.128472
-0.108462	-0.136279
-0.114325	-0.144707
-0.120544	-0.152298
-0.12665	-0.160063
-0.134073	-0.165895
-0.144488	-0.169715
-0.152879	-0.172684
-0.158815	-0.177415
-0.165831	-0.18255
-0.170708	-0.184398
-0.175268	-0.185693
-0.180528	-0.189335
-0.18487	-0.19263
-0.193651	-0.19845
-0.203139	-0.204125
-0.212929	-0.213633
-0.223347	-0.224471
-0.233475	-0.233357
-0.242978	-0.241261
-0.251592	-0.250046
-0.259905	-0.25895
-0.26787	-0.267288
-0.277294	-0.275066
-0.285435	-0.278892
-0.293423	-0.28359
-0.300674	-0.287338
-0.30786	-0.291349
-0.3146	-0.294389
-0.320004	-0.297225
-0.326494	-0.299759
-0.331465	-0.301966
-0.336782	-0.304848
-0.342545	-0.30799
-0.348321	-0.31154
-0.355934	-0.316094
-0.36305	-0.319894
-0.369047	-0.324565
-0.374098	-0.330876
-0.38067	-0.336633
-0.387817	-0.341465
-0.395357	-0.347125
-0.402398	-0.354115
-0.40942	-0.360864
-0.416703	-0.36424
-0.426092	-0.369373
-0.435013	-0.374062
-0.443114	-0.378557
-0.448656	-0.38437
-0.45477	-0.390824
-0.461097	-0.398061
-0.466832	-0.407796
-0.472759	-0.42096
-0.477732	-0.431746
-0.482302	-0.441697
-0.486898	-0.450346
-0.491046	-0.458799
-0.494484	-0.467162
-0.500529	-0.473354
-0.507702	-0.479096
-0.515292	-0.484692
-0.523137	-0.489054
-0.530867	-0.492729
-0.535764	-0.494012
-0.540863	-0.494332
-0.54355	-0.493546
-0.549408	-0.493326
-0.555562	-0.492846
-0.561382	-0.49397
-0.569255	-0.49655
-0.577759	-0.498092
-0.585809	-0.498677
-0.593477	-0.500461
-0.601896	-0.504006
-0.610671	-0.506773
-0.617703	-0.510047
-0.624982	-0.512888
-0.632139	-0.51534
-0.637848	-0.518178
-0.645729	-0.520885
-0.653337	-0.523357
-0.661355	-0.525295
-0.673038	-0.527214
-0.681649	-0.527693
-0.687658	-0.527581
-0.692844	-0.526136
-0.69865	-0.52412
-0.703124	-0.521358
-0.707999	-0.518088
-0.715063	-0.513689
-0.718356	-0.51033
-0.722391	-0.509851
-0.724705	-0.507401
-0.725881	-0.50429
-0.72549	-0.497733
-0.723991	-0.492499
-0.722674	-0.48535
-0.721114	-0.479937
-0.718195	-0.474236
-0.718746	-0.467656
-0.71614	-0.460601
-0.713939	-0.45301
-0.712354	-0.444622
-0.710611	-0.436418
-0.708411	-0.43
-0.706155	-0.42331
-0.703735	-0.415818
-0.701076	-0.407
-0.698747	-0.398053
-0.69674	-0.389257
-0.693546	-0.380442
-0.69047	-0.372242
-0.689237	-0.363738
-0.687231	-0.354729
-0.685343	-0.345798
-0.684787	-0.335385
-0.687504	-0.32549
-0.68943	-0.314026
-0.688914	-0.301523
-0.685779	-0.291145
-0.682972	-0.280877
-0.683503	-0.269191
-0.686455	-0.256508
-0.690298	-0.24374
-0.693668	-0.229199
-0.697049	-0.21566
-0.699738	-0.205116
-0.700306	-0.195083
-0.700047	-0.187414
-0.697464	-0.180249
-0.699869	-0.174312
-0.701265	-0.167873
-0.701995	-0.161106
-0.702223	-0.152862
-0.70538	-0.144322
-0.708474	-0.134681
-0.710559	-0.127604
-0.710553	-0.119152
-0.709808	-0.110478
-0.70904	-0.100916
-0.706097	-0.0942439
-0.702312	-0.0873817
-0.697022	-0.0820348
-0.69166	-0.0765421
-0.690205	-0.068298
-0.689277	-0.0565042
-0.688428	-0.0455764
-0.687014	-0.0354045
-0.684782	-0.026177
-0.682036	-0.0174973
-0.679346	-0.0101007
-0.681054	-0.00260611
-0.68264	0.00461683
-0.687569	0.0101727
-0.692706	0.0153895
-0.697745	0.0193631
-0.702471	0.0230784
-0.706397	0.0283057
-0.710588	0.0340884
-0.713454	0.0410461
-0.718057	0.0484502
-0.719137	0.0544793
-0.719387	0.0606697
-0.721784	0.0672149
-0.724556	0.0737939
-0.72777	0.0801915
-0.730535	0.0863904
-0.733296	0.0923045
-0.736721	0.0992377
-0.738658	0.106649
-0.740063	0.113817
-0.740544	0.11972
-0.739266	0.125257
-0.737474	0.131689
-0.734174	0.135993
-0.730748	0.143194
-0.726621	0.149561
-0.721676	0.155217
-0.717381	0.159208
-0.712372	0.162744
-0.706281	0.166096
-0.698819	0.166865
-0.690758	0.168193
-0.682862	0.168875
-0.674869	0.169189
-0.666492	0.169524
-0.657921	0.170191
-0.651457	0.170405
-0.643936	0.173028
-0.637621	0.176144
-0.629902	0.178398
-0.621522	0.180104
-0.613641	0.180051
-0.604826	0.179773
-0.596114	0.179451
-0.58765	0.179146
-0.575425	0.180022
-0.565578	0.180628
-0.555597	0.180703
-0.547988	0.177683
-0.538832	0.17772
-0.528741	0.178054
-0.518323	0.17871
-0.507925	0.178694
-0.497653	0.179028
-0.487194	0.179761
-0.476074	0.184813
-0.465138	0.18857
-0.455321	0.192551
-0.448836	0.197862
-0.442265	0.203646
-0.43553	0.209007
-0.427604	0.216139
-0.41989	0.223508
-0.41219	0.22904
-0.405298	0.232092
-0.398499	0.235398
-0.390343	0.237695
-0.382449	0.240288
-0.374634	0.243127
-0.366767	0.248079
-0.358983	0.254701
-0.352702	0.263993
-0.347957	0.273995
-0.344076	0.285321
-0.339222	0.297589
-0.335157	0.310131
-0.33205	0.321514
-0.327332	0.333423
-0.323231	0.344444
-0.315224	0.355651
-0.304806	0.365549
-0.293017	0.372162
-0.282576	0.380257
-0.270845	0.386439
-0.261065	0.393164
-0.254517	0.396792
-0.250016	0.399904
-0.245664	0.403573
-0.239985	0.406666
-0.233733	0.40746
-0.227035	0.407805
-0.218893	0.407727
-0.21094	0.406802
-0.203859	0.407424
-0.198768	0.407486
-0.193165	0.40731
-0.184191	0.405705
-0.176089	0.401164
-0.168137	0.396903
-0.158344	0.393338
-0.148855	0.386938
-0.141077	0.384073
-0.134367	0.379264
-0.125383	0.377004
-0.114049	0.373118
-0.103718	0.369525
-0.0953523	0.367355
-0.0874734	0.36494
-0.0815713	0.361684
-0.0758239	0.358162
-0.0699144	0.356021
-0.0640546	0.354253
-0.0586407	0.355519
-0.0524724	0.356693
-0.0456953	0.35887
-0.0388312	0.362393
-0.029558	0.367178
-0.0195174	0.373451
-0.0104632	0.380401
-0.0030828	0.383316
0.00438972	0.385319
0.0109581	0.388868
0.0180952	0.391536
0.0271185	0.391125
0.0352387	0.392643
0.0430983	0.392671
0.0491732	0.392892
0.055709	0.392038
0.0623296	0.389954
0.0672558	0.38685
0.0728182	0.38447
0.0778568	0.384455
0.0815874	0.383182
0.0861081	0.381466
0.0912095	0.379458
0.0971112	0.377523
0.101442	0.374513
0.105952	0.372013
0.109202	0.371959
0.112662	0.371881
0.116274	0.372033
0.119746	0.371214
0.125782	0.370801
0.129616	0.368934
0.136797	0.366252
0.145181	0.361913
0.153091	0.357536
0.159915	0.352926
0.164237	0.350019
0.168404	0.346324
0.173076	0.341413
0.177123	0.334936
0.182383	0.329625
0.186398	0.32531
0.18899	0.319478
0.193337	0.312503
0.197451	0.307875
0.200445	0.302179
0.202864	0.298364
0.206477	0.293817
0.207091	0.290869
0.208014	0.286628
0.209161	0.28167
0.209507	0.276128
0.211014	0.270629
0.212958	0.264305
0.213869	0.258454
0.211758	0.253448
0.213728	0.246213
0.21311	0.241915
0.210275	0.23691
0.20648	0.231238
0.201996	0.226622
0.197724	0.223865
0.194517	0.221478
0.190788	0.218466
0.186679	0.214923
0.183249	0.212458
0.178463	0.210945
0.174087	0.208258
0.169216	0.204885
0.162333	0.200704
0.158213	0.196108
0.153002	0.194405
0.148365	0.191787
0.143148	0.189276
0.136907	0.185189
0.127316	0.179915
0.119301	0.174595
0.111497	0.169466
0.103931	0.164427
0.0976903	0.157422
0.0893644	0.152101
0.081978	0.146736
0.0745665	0.142633
0.0671936	0.138612
0.0599296	0.134295
0.0538626	0.13018
0.0463792	0.124476
0.0395133	0.11878
0.0283381	0.112063
0.0187827	0.104622
0.0101303	0.0985539
0.00225039	0.0927541
-0.00577167	0.0860517
-0.013281	0.07906
-0.0211636	0.0705151
-0.0301211	0.0629109
-0.0382657	0.0552563
-0.0456771	0.047604
-0.0529322	0.040316
-0.0596067	0.0338938
-0.0627498	0.0289537
-0.0663176	0.0239758
-0.0700207	0.0177376
-0.0712972	0.0121947
-0.0727904	0.00625875
-0.0726488	-0.00115198
-0.0761759	-0.00589009
-0.0798156	-0.0111873
-0.0818753	-0.016172
-0.0834704	-0.021548
-0.0824348	-0.0253046
-0.0814382	-0.0297931
-0.0817062	-0.0382223
-0.0832421	-0.0438687
-0.0879275	-0.0501636
-0.094546	-0.0559893
-0.0987037	-0.0629417
-0.106039	-0.0740975
-0.113482	-0.0804268
-0.120956	-0.0875928
-0.128061	-0.0942768
-0.134703	-0.0980852
-0.141161	-0.102219
-0.149253	-0.107021
-0.156618	-0.112159
-0.16126	-0.120093
-0.165878	-0.127914
-0.170504	-0.136951
-0.174603	-0.147197
-0.177213	-0.155429
-0.179801	-0.163822
-0.185755	-0.170093
-0.187465	-0.176361
-0.191574	-0.183271
-0.195779	-0.190134
-0.199938	-0.197347
-0.205156	-0.204127
-0.208578	-0.209254
-0.212175	-0.214667
-0.217025	-0.219554
-0.2211	-0.223447
-0.224962	-0.227147
-0.229622	-0.229361
-0.234586	-0.23186
-0.239554	-0.234053
-0.246443	-0.236786
-0.254005	-0.239549
-0.263909	-0.242829
-0.273958	-0.249392
-0.283787	-0.256102
-0.292819	-0.263628
-0.301868	-0.271683
-0.311306	-0.279079
-0.320094	-0.286348
-0.331861	-0.2928
-0.342873	-0.29989
-0.351557	-0.306548
-0.361294	-0.31485
-0.369749	-0.323047
-0.377242	-0.331196
-0.382932	-0.338436
-0.389205	-0.344
-0.394588	-0.348156
-0.400262	-0.3525
-0.407586	-0.355096
-0.413025	-0.35647
-0.41978	-0.358583
-0.426701	-0.36053
-0.433487	-0.36246
-0.440885	-0.362216
-0.448542	-0.362028
-0.457306	-0.360774
-0.465439	-0.360422
-0.46937	-0.360477
-0.472314	-0.361871
-0.475011	-0.364901
-0.478857	-0.367822
-0.485757	-0.370206
-0.492709	-0.372082
-0.498043	-0.376362
-0.5034	-0.380742
-0.514043	-0.383998
-0.523967	-0.384267
-0.532356	-0.38542
-0.539443	-0.38376
-0.546106	-0.380239
-0.553686	-0.375416
-0.560502	-0.368382
-0.567379	-0.361925
-0.57229	-0.357277
-0.578586	-0.354079
-0.585104	-0.351131
-0.58986	-0.346041
-0.594277	-0.34324
-0.597383	-0.343907
-0.602134	-0.345405
-0.607617	-0.346476
-0.613879	-0.348634
-0.620569	-0.350351
-0.625453	-0.352615
-0.629723	-0.354767
-0.634718	-0.358749
-0.639821	-0.362837
-0.647072	-0.368993
-0.653838	-0.374865
-0.661518	-0.379654
-0.67002	-0.384875
-0.678265	-0.390169
-0.687159	-0.396358
-0.695234	-0.405745
-0.702516	-0.414543
-0.703337	-0.421852
-0.703646	-0.43184
-0.703355	-0.441076
-0.701224	-0.449461
-0.69696	-0.459181
-0.691903	-0.468245
-0.686494	-0.476714
-0.680957	-0.484682
-0.673421	-0.492143
-0.665462	-0.497817
-0.657735	-0.502006
-0.651068	-0.505749
-0.6445	-0.508857
-0.637665	-0.511502
-0.630336	-0.514359
-0.622906	-0.516797
-0.615965	-0.519974
-0.608609	-0.522597
-0.602181	-0.525794
-0.594699	-0.52964
-0.587771	-0.533456
-0.580945	-0.537418
-0.575285	-0.540975
-0.569457	-0.544358
-0.563714	-0.547529
-0.556967	-0.556341
-0.552279	-0.565851
-0.549964	-0.57504
-0.547563	-0.585023
-0.545077	-0.594968
-0.540962	-0.605451
-0.53682	-0.613697
-0.529889	-0.62013
-0.523124	-0.625809
-0.514452	-0.631593
-0.504545	-0.638025
-0.493372	-0.642779
-0.483023	-0.646461
-0.473316	-0.649878
-0.462313	-0.650748
-0.451457	-0.65612
-0.439762	-0.659825
-0.428722	-0.66308
-0.416237	-0.665479
-0.40974	-0.667437
-0.40186	-0.669267
-0.397815	-0.670409
-0.392911	-0.674646
-0.388248	-0.677438
-0.384793	-0.681225
-0.380164	-0.684413
-0.377829	-0.683953
-0.374917	-0.682427
-0.370826	-0.680099
-0.366895	-0.678803
-0.362922	-0.67771
-0.355882	-0.677001
-0.349637	-0.673655
-0.343597	-0.66933
-0.336965	-0.664395
-0.326533	-0.658031
-0.315645	-0.650354
-0.306849	-0.641725
-0.296994	-0.632676
-0.288425	-0.621401
-0.281473	-0.610277
-0.275654	-0.599608
-0.270358	-0.58907
-0.265704	-0.579061
-0.260788	-0.572474
-0.254882	-0.567165
-0.246962	-0.560024
-0.239444	-0.553798
-0.232843	-0.547125
-0.226914	-0.539208
-0.220066	-0.530401
-0.213664	-0.522276
-0.209669	-0.514687
-0.210459	-0.506514
-0.211622	-0.498297
-0.213462	-0.48989
-0.218912	-0.479923
-0.224616	-0.472425
-0.230498	-0.463428
-0.234966	-0.453633
-0.239074	-0.443866
-0.24121	-0.436029
-0.242253	-0.429343
-0.244378	-0.423503
-0.244547	-0.418751
-0.246182	-0.414416
-0.250339	-0.410662
-0.256628	-0.409056
-0.26154	-0.406484
-0.266867	-0.403868
-0.271835	-0.400622
-0.278424	-0.397217
-0.284996	-0.393494
-0.291649	-0.389986
-0.301823	-0.385495
-0.311673	-0.380508
-0.324643	-0.378298
-0.336292	-0.374662
-0.346508	-0.372163
-0.355652	-0.369804
-0.365005	-0.368845
-0.373976	-0.367853
-0.383736	-0.368171
-0.390787	-0.368768
-0.398777	-0.367827
-0.405536	-0.365646
-0.413453	-0.363195
-0.421323	-0.360893
-0.429795	-0.356332
-0.439127	-0.352959
-0.450544	-0.350368
-0.462323	-0.349859
-0.473885	-0.350933
-0.484958	-0.350591
-0.496311	-0.348731
-0.506867	-0.347824
-0.51886	-0.345955
-0.535711	-0.345821
-0.55038	-0.34299
-0.563221	-0.340605
-0.577086	-0.335311
-0.591289	-0.329714
-0.601412	-0.322438
-0.610346	-0.315413
-0.618544	-0.309423
-0.626685	-0.303943
-0.634776	-0.29639
-0.644204	-0.287955
-0.652545	-0.27988
-0.661228	-0.271706
-0.668264	-0.262808
-0.67534	-0.255526
-0.683185	-0.248801
-0.690681	-0.243405
-0.69733	-0.237528
-0.703272	-0.231037
-0.708927	-0.224945
-0.713715	-0.218335
-0.714583	-0.211658
-0.714355	-0.204429
-0.713986	-0.197501
-0.713125	-0.19043
-0.711806	-0.182603
-0.710504	-0.174811
-0.706852	-0.167048
-0.70408	-0.15898
-0.700872	-0.151322
-0.698398	-0.139602
-0.696372	-0.127538
-0.698495	-0.117407
-0.697805	-0.106951
-0.694826	-0.0966229
-0.692329	-0.0872392
-0.693232	-0.0785621
-0.693968	-0.0700734
-0.690932	-0.060187
-0.688869	-0.0506469
-0.687977	-0.039698
-0.685443	-0.029185
-0.686994	-0.0189893
-0.685981	-0.00654599
-0.68279	0.00547392
-0.681006	0.0170579
-0.680107	0.0279736
-0.678541	0.0386391
-0.67712	0.0486029
-0.672359	0.0570329
-0.667536	0.0657312
-0.663188	0.0695792
-0.657785	0.0751497
-0.652118	0.0804998
-0.646852	0.0856846
-0.640985	0.090151
-0.634951	0.094584
-0.625281	0.0983926
-0.616323	0.102028
-0.60697	0.0997944
-0.597983	0.0976167
-0.589035	0.0945677
-0.577522	0.0920205
-0.567626	0.0898689
-0.55845	0.0883134
-0.550237	0.0887399
-0.543914	0.0876023
-0.535577	0.0859433
-0.524477	0.0867247
-0.516777	0.0897425
-0.509133	0.0926055
-0.50162	0.0953226
-0.493592	0.0992717
-0.483931	0.103922
-0.473428	0.108011
-0.464041	0.111993
-0.454766	0.11604
-0.445791	0.119971
-0.439977	0.122641
-0.435774	0.127077
-0.431289	0.13165
-0.427102	0.136401
-0.42178	0.141355
-0.415505	0.145182
-0.41066	0.149025
-0.406098	0.156368
-0.399347	0.163119
-0.393891	0.16891
-0.388571	0.174845
-0.383068	0.18126
-0.378222	0.188163
-0.374325	0.195931
-0.371397	0.200553
-0.367892	0.205413
-0.363033	0.210565
-0.357973	0.216189
-0.351811	0.22208
-0.345768	0.229435
-0.340215	0.235641
-0.334832	0.241763
-0.329636	0.247286
-0.324785	0.253722
-0.319933	0.26012
-0.314984	0.266445
-0.310465	0.273436
-0.304796	0.280186
-0.297713	0.28619
-0.287922	0.288075
-0.278509	0.289815
-0.269271	0.291403
-0.259459	0.292032
-0.249904	0.291712
-0.238591	0.292563
-0.226751	0.293338
-0.215035	0.29354
-0.204716	0.295867
-0.194889	0.297949
-0.185146	0.301129
-0.175699	0.303993
-0.167168	0.306808
-0.157009	0.308563
-0.143504	0.311618
-0.130857	0.313926
-0.123267	0.316264
-0.115847	0.318294
-0.11076	0.31867
-0.105926	0.319915
-0.100512	0.321308
-0.0943737	0.322919
-0.0859857	0.32357
-0.0759256	0.325479
-0.0662089	0.327782
-0.0555772	0.329129
-0.0466142	0.330366
-0.0379625	0.332766
-0.028341	0.336878
-0.019615	0.340332
-0.0125295	0.340325
-0.00424017	0.341255
0.00445899	0.34255
0.0149368	0.345474
0.0261092	0.347406
0.0363365	0.34878
0.0462464	0.350103
0.0561156	0.351327
0.0668606	0.352343
0.077435	0.353426
0.0872085	0.355505
0.100176	0.356345
0.113498	0.358019
0.126009	0.360097
0.138018	0.361957
0.147094	0.362462
0.154479	0.361589
0.163575	0.359058
0.172137	0.350297
0.18073	0.341969
0.188055	0.335655
0.194128	0.331136
0.200605	0.32671
0.207605	0.322321
0.21393	0.317897
0.219942	0.313164
0.224878	0.307932
0.229821	0.301808
0.234452	0.296685
0.238425	0.29055
0.239389	0.285015
0.239856	0.276744
0.241066	0.268331
0.241044	0.26074
0.240886	0.254059
0.24054	0.247299
0.24053	0.240641
0.241322	0.232912
0.242527	0.229859
0.247773	0.223754
0.250372	0.219275
0.253615	0.214226
0.256687	0.209145
0.258547	0.20649
0.260719	0.202408
0.26251	0.199822
0.266134	0.194049
0.267038	0.1889
0.26658	0.18369
0.263348	0.176938
0.259185	0.169271
0.254556	0.162116
0.248535	0.155327
0.242513	0.148401
0.233896	0.141963
0.223258	0.135647
0.213309	0.129984
0.202691	0.126666
0.191121	0.123495
0.180037	0.120149
0.167197	0.115945
0.155809	0.109813
0.145285	0.104198
0.136489	0.0981422
0.131497	0.0946455
0.124773	0.0894501
0.121064	0.0845282
0.116176	0.080207
0.111014	0.0750865
0.105885	0.070008
0.0987681	0.063087
0.091372	0.0553665
0.0839823	0.0482227
0.0771383	0.0385004
0.0705248	0.0296213
0.0632208	0.0214433
0.0557116	0.0146354
0.0498679	0.00671073
0.0435768	-0.00232086
0.0357803	-0.00970883
0.0279729	-0.0179818
0.0214888	-0.0274988
0.0152546	-0.0363514
0.0101565	-0.0445605
0.0105422	-0.0508408
0.0106853	-0.0578083
0.0109137	-0.0659558
0.010519	-0.0737221
0.0100828	-0.0807532
0.00930822	-0.0876986
0.00791714	-0.09466
0.00619056	-0.101999
0.00381521	-0.109005
-0.00126403	-0.117821
-0.00819691	-0.125332
-0.0142394	-0.131244
-0.0203162	-0.136142
-0.0248037	-0.140964
-0.0271507	-0.146461
-0.0300278	-0.150006
-0.0332008	-0.157008
-0.0372626	-0.162836
-0.0417167	-0.163997
-0.0467742	-0.165332
-0.0508357	-0.16712
-0.0554712	-0.168196
-0.0599593	-0.170905
-0.0641619	-0.17363
-0.0695599	-0.176762
-0.073195	-0.179124
-0.0769238	-0.178775
-0.0785718	-0.177077
-0.0804445	-0.174271
-0.0835263	-0.170964
-0.0875994	-0.168196
-0.0937331	-0.165383
-0.100367	-0.160693
-0.107183	-0.155847
-0.113329	-0.150182
-0.118445	-0.144474
-0.123551	-0.138398
-0.127446	-0.132977
-0.131157	-0.12716
-0.133938	-0.120544
-0.13626	-0.114352
-0.137479	-0.106574
-0.138603	-0.0989321
-0.13975	-0.09127
-0.140527	-0.0837899
-0.141127	-0.0762237
-0.143307	-0.069426
-0.145053	-0.0623374
-0.147618	-0.0548364
-0.149114	-0.0475047
-0.152806	-0.0402944
-0.154767	-0.0329446
-0.157382	-0.0254476
-0.158508	-0.0148293
-0.161823	-0.00374103
-0.165616	0.00600082
-0.169246	0.0150834
-0.174313	0.0274478
-0.17798	0.0381495
-0.181219	0.048327
-0.183244	0.0582561
-0.185184	0.0677288
-0.186946	0.0781932
-0.188648	0.0882115
-0.1896	0.0976865
-0.190664	0.106909
-0.192063	0.114879
-0.193271	0.12316
-0.194611	0.131405
-0.195875	0.137429
-0.197437	0.143888
-0.19922	0.148956
-0.201343	0.154499
-0.203546	0.160804
-0.205569	0.168158
-0.207995	0.175179
-0.21119	0.185892
-0.213554	0.196095
-0.215833	0.205076
-0.218653	0.213493
-0.219913	0.222722
-0.221274	0.232818
-0.223211	0.242101
-0.225212	0.251094
-0.22594	0.259476
-0.229132	0.271216
-0.230535	0.279545
-0.234018	0.285165
-0.239631	0.291553
-0.245682	0.296822
-0.246817	0.299379
-0.247423	0.301215
-0.24632	0.305273
-0.248422	0.306071
-0.249075	0.306696
-0.251269	0.308498
-0.25475	0.312544
-0.258952	0.318176
-0.261839	0.325038
-0.265944	0.332766
-0.268358	0.339153
-0.269358	0.343863
-0.270756	0.348913
-0.270165	0.358939
-0.269735	0.365393
-0.269307	0.372511
-0.268502	0.379169
-0.266184	0.389156
-0.261857	0.401116
-0.25647	0.410003
-0.251937	0.417658
-0.247463	0.424601
-0.24135	0.430978
-0.235852	0.435192
-0.228656	0.440318
-0.219247	0.443752
-0.212548	0.446524
-0.202707	0.448981
-0.19318	0.450712
-0.18413	0.45233
-0.174801	0.45361
-0.163956	0.453615
-0.156815	0.452255
-0.149268	0.449445
-0.140154	0.448895
-0.133604	0.447635
-0.125617	0.445697
-0.117007	0.443845
-0.106969	0.438982
-0.0956094	0.436084
-0.0867935	0.432176
-0.0785438	0.42851
-0.0699623	0.424739
-0.0616084	0.419136
-0.0548729	0.412157
-0.0488851	0.405308
-0.0426228	0.398639
-0.0343998	0.393262
-0.0273913	0.388672
-0.0216339	0.385582
-0.0152655	0.381593
-0.00878241	0.377495
-0.0020145	0.373948
0.00483029	0.370194
0.0103666	0.371283
0.0159512	0.372247
0.0228086	0.373185
0.0301646	0.373704
0.0373649	0.37408
0.0449225	0.374667
0.0524908	0.375239
0.0591253	0.375398
0.0668355	0.377121
0.0743034	0.376215
0.0849029	0.378977
0.094297	0.380685
0.101351	0.382457
0.108718	0.384223
0.116168	0.385622
0.123616	0.386878
