0.00321263	0.00229553
0.0598249	0.0489608
0.0937506	0.0712661
0.10296	0.0861439
0.107898	0.090484
0.160328	0.0800291
0.146682	0.0800271
0.178487	0.0395658
0.141529	0.0416941
0.172787	0.0638082
0.166617	0.0613573
0.163049	0.0933724
0.126665	0.0888153
0.161259	0.0967444
0.162047	0.120318
0.161205	0.131768
0.125206	0.137385
0.12156	0.150992
0.13535	0.117481
0.126456	0.11011
0.140817	0.156014
0.153647	0.145583
0.146146	0.140437
0.0996866	0.16166
0.114415	0.175838
0.122097	0.169363
0.103522	0.125214
0.093372	0.141471
0.0636521	0.131243
0.0605821	0.142738
0.079852	0.197126
0.100659	0.19421
0.0788747	0.218414
0.0584584	0.250392
0.0563943	0.200746
0.0456917	0.187702
0.0553272	0.115642
0.0490941	0.0816054
0.0386985	0.13617
0.0379062	0.106003
0.054215	0.145848
0.0341139	0.141474
0.037264	0.120487
0.0562895	0.129972
0.0932661	0.129669
0.0882133	0.127419
0.095327	0.126858
0.166324	0.0872688
0.153985	0.0660392
0.153244	0.0717868
0.190693	0.0493475
0.18336	0.0473756
0.184161	0.0624076
0.126145	0.0121839
0.108996	0.00575513
0.131301	0.000391773
0.109599	0.0182457
0.0182178	0.0340225
0.0432834	0.0775416
0.0533938	0.0850955
0.0279199	0.0991354
0.0126538	0.104246
0.00796775	0.115541
-0.00909945	0.117735
0.00682346	0.110936
0.00485221	0.0728994
-0.0035515	0.086007
0.0157848	0.0591329
0.0205982	0.085634
0.0160706	0.0962252
0.0417492	0.107854
0.0469151	0.114095
0.0241019	0.102482
0.0225022	0.119157
0.0180993	0.067369
-0.0205974	0.0555917
-0.0537329	0.0522413
-0.0625363	0.0816081
-0.0552855	0.0839213
-0.060483	0.107482
-0.0684215	0.110193
-0.067835	0.0674114
-0.113914	0.0810113
-0.121919	0.0865246
-0.144498	0.0505036
-0.157038	0.0549698
-0.166058	0.0787909
-0.178977	0.0900238
-0.172822	0.0864177
-0.156067	0.0937479
-0.140165	0.081189
-0.174276	0.032356
-0.10808	0.0624563
-0.129442	0.0291641
-0.136094	0.0006066
-0.120073	0.0223855
-0.132869	0.0185059
-0.155204	0.017013
-0.256066	-0.00850815
-0.258014	-0.0100133
-0.205768	-0.072515
-0.194223	-0.0643847
-0.166739	-0.0958939
-0.161821	-0.152256
-0.192167	-0.161608
-0.210571	-0.218421
-0.259012	-0.205604
-0.235447	-0.136027
-0.263629	-0.0868249
-0.299332	-0.103914
-0.270028	-0.104571
-0.26052	-0.112484
-0.235795	-0.105591
-0.191124	-0.126954
-0.176546	-0.145336
-0.167104	-0.139696
-0.229604	-0.123133
-0.214934	-0.107786
-0.198863	-0.0913696
-0.203197	-0.0580917
-0.198685	-0.0803895
-0.132251	-0.119491
-0.129487	-0.11006
-0.115956	-0.111911
-0.0994969	-0.0626638
-0.108768	-0.0562807
-0.0767966	-0.00121178
-0.0958961	-0.00143509
-0.105263	-0.00156736
-0.115664	0.00880953
-0.126061	0.0083109
-0.159298	0.00822877
-0.156336	0.00105325
-0.128759	-0.0100046
-0.0882595	-0.0035215
-0.0823325	0.00302463
-0.13617	-0.0318111
-0.107513	0.0582102
-0.146817	0.0597561
-0.208516	0.104957
-0.188156	0.06281
-0.169678	0.0953877
-0.0763962	0.0498066
-0.0658578	0.0308159
-0.0745107	0.0157485
-0.0898513	0.00174857
-0.135015	-0.0220127
-0.219024	-0.0181005
-0.194201	-0.0476886
-0.152978	-0.0623675
-0.179408	-0.119553
-0.152856	-0.116925
-0.153734	-0.110659
-0.147035	-0.104142
-0.136079	-0.0887909
-0.181465	-0.0619935
-0.182558	-0.0714753
-0.191701	-0.0971739
-0.196007	-0.12526
-0.159628	-0.142461
-0.144723	-0.143973
-0.155244	-0.135742
-0.16037	-0.12036
-0.141078	-0.103389
-0.137718	-0.129079
-0.145604	-0.125748
-0.134559	-0.100292
-0.207759	-0.0467594
-0.165504	-0.0406235
-0.144078	-0.105013
-0.135766	-0.0780035
-0.114967	-0.153267
-0.0935238	-0.146981
-0.102924	-0.13575
-0.105136	-0.092624
-0.0455328	-0.166282
-0.0743366	-0.167676
-0.107943	-0.203514
-0.124068	-0.151673
-0.159764	-0.195307
-0.196876	-0.142804
-0.105666	-0.10241
-0.143011	-0.117706
-0.128564	-0.103658
-0.122465	-0.125586
-0.142447	-0.127649
-0.173365	-0.106743
-0.156869	-0.123661
-0.166929	-0.106965
-0.205023	-0.0598803
-0.227058	-0.0352153
-0.212244	-0.0472926
-0.174553	-0.0436638
-0.192705	-0.0401132
-0.179336	-0.0456881
-0.15606	-0.0419401
-0.187049	-0.0746947
-0.170598	-0.0363553
-0.0967189	-0.0637446
-0.0901287	-0.0351646
-0.0970011	-0.0339923
-0.0751242	-0.0593286
-0.0786052	-0.133646
-0.0569198	-0.0635739
-0.00924376	-0.155991
0.0137752	-0.176883
-0.00724755	-0.222993
0.0197863	-0.199776
-0.0100081	-0.223905
-0.0163177	-0.210577
-0.0355825	-0.188867
-0.0483228	-0.165778
-0.0853729	-0.17563
-0.080593	-0.19403
-0.111832	-0.235077
-0.127887	-0.2413
-0.154266	-0.249355
-0.128042	-0.234112
-0.1243	-0.256693
-0.106719	-0.237299
-0.0953246	-0.212518
-0.0882935	-0.193651
-0.14165	-0.162166
-0.0823783	-0.146316
-0.0536278	-0.131298
-0.0372643	-0.139701
-0.0447976	-0.134164
-0.0210773	-0.148504
0.00749939	-0.170075
-0.0793761	-0.142663
-0.0890031	-0.134669
-0.0493057	-0.134756
-0.0888469	-0.150736
-0.0681085	-0.151126
-0.0641687	-0.181334
-0.00492779	-0.143111
-0.0342839	-0.131351
0.0169773	-0.164453
0.0156201	-0.186423
0.030399	-0.126095
0.0353514	-0.130841
0.0410436	-0.159821
0.0592551	-0.185558
0.0469107	-0.226229
0.0266905	-0.17675
0.0331368	-0.183504
0.044668	-0.185724
0.0376465	-0.19176
0.04506	-0.185792
0.0899643	-0.207265
0.0544846	-0.186011
0.0592175	-0.174837
0.0759703	-0.195709
0.0640759	-0.175053
0.0895855	-0.178111
0.0966136	-0.158987
0.0550743	-0.141422
0.0730624	-0.14232
0.0131479	-0.144217
0.0410289	-0.154985
0.0379565	-0.15545
0.0715191	-0.175345
0.0555912	-0.159869
0.0643296	-0.154431
0.114531	-0.174687
0.116331	-0.160426
0.101921	-0.147142
0.130699	-0.138806
0.12698	-0.0776805
0.134199	-0.0144123
0.15539	-0.00197278
0.189636	-0.0242735
0.158348	-0.0679276
0.180034	-0.0329571
0.179722	-0.0390489
0.216949	-0.0155135
0.204934	-0.0178816
0.181732	-0.0134291
0.201085	0.0183364
0.186518	0.0208364
0.152986	-0.00389635
0.146725	0.00373841
0.182799	-0.0294427
0.180358	-0.0280848
0.221146	-0.10594
0.216553	-0.0803172
0.202899	-0.0739484
0.182174	-0.0549777
0.14703	-0.0913304
0.154609	-0.0858581
0.129915	-0.10217
0.0838577	-0.12964
0.0682131	-0.130139
0.0422041	-0.0773603
0.0511449	-0.09416
0.0439477	-0.0967226
0.0499515	-0.112343
0.0705257	-0.0627086
0.0638933	-0.079846
0.0305765	-0.0552967
0.0268361	-0.0656568
0.021355	-0.0805457
0.0171474	-0.0834444
0.0852661	-0.10921
0.0815128	-0.103988
0.0900536	-0.103926
0.118329	-0.112526
0.142425	-0.0579229
0.142642	-0.0567807
0.141005	-0.0519799
0.131678	-0.0328203
0.134432	0.00852414
0.124964	-0.0262671
0.158916	0.00269474
0.156839	-0.000740171
0.17552	0.00875443
0.127068	0.00614956
0.161246	0.00266946
0.171566	0.0376753
0.201985	0.066313
0.18271	0.0506896
0.184701	0.0531864
0.152584	0.0445845
0.136924	0.0401998
0.139917	0.0311934
0.139439	0.0311535
0.144516	0.0310492
0.138838	0.0396977
0.137861	0.0614816
0.0971413	0.12338
0.0843002	0.146008
0.00268601	0.126906
-0.0480653	0.136225
-0.0622764	0.124991
-0.11525	0.108901
-0.0974395	0.0623006
-0.0828077	0.0345498
-0.12778	0.0263792
-0.172373	0.0259987
-0.171432	0.112815
-0.192094	0.100902
-0.190564	0.0851096
-0.209986	0.0917869
-0.167395	0.0261787
-0.192844	0.0160174
-0.246365	0.00903344
-0.21314	0.00409525
-0.209164	0.00549323
-0.152102	-0.0274382
-0.120749	0.0360858
-0.149394	0.063503
-0.137323	0.0544185
-0.139651	0.0519837
-0.10805	0.0321547
-0.12614	0.0402308
-0.121031	0.0566165
-0.126064	0.0553032
-0.148913	0.050414
-0.158683	0.0242614
-0.164366	0.0279205
-0.170845	0.0285071
-0.0842303	0.0664405
-0.0969621	0.0689023
-0.107183	0.0725075
-0.0936023	0.0863896
-0.104068	0.0746987
-0.0330959	0.0462647
-0.0251529	0.0733429
-0.0390843	0.08949
-0.0338246	0.128661
-0.0108793	0.132344
-0.0923486	0.0727509
-0.113181	0.028125
-0.102854	0.0611129
-0.136649	0.0342412
-0.172619	-0.00464451
-0.176156	0.0494743
-0.181487	0.0578088
-0.19136	0.0354782
-0.148569	0.00102453
-0.106827	0.00705961
-0.130681	-0.0117387
-0.136836	0.00152683
-0.130678	-0.0083587
-0.139671	-0.00879364
-0.0610209	-0.0473472
-0.0571143	-0.0159093
-0.0898531	-0.0243012
-0.181373	-0.0363199
-0.153578	0.0128851
-0.178151	0.0233675
-0.121516	0.029209
-0.154763	0.00151061
-0.151458	0.0106175
-0.143954	0.020745
-0.112879	0.0362117
-0.0893907	0.0656851
-0.0805584	0.0802269
-0.0571788	0.137479
-0.0579672	0.137786
-0.0743566	0.114252
-0.0746946	0.128798
-0.165087	0.170475
-0.127758	0.197183
-0.112614	0.188027
-0.0967793	0.202187
-0.0806778	0.161508
-0.0567205	0.149615
-0.0466956	0.14909
-0.0389976	0.188295
-0.0761402	0.180594
-0.0638201	0.198064
-0.0629372	0.192053
-0.0521028	0.182849
-0.0524074	0.163268
-0.111199	0.187871
-0.0922897	0.196853
-0.0955631	0.190225
-0.135265	0.165529
-0.0807103	0.192197
-0.0619026	0.187513
-0.00670358	0.214183
-0.012306	0.174791
0.0157807	0.151226
-0.00234805	0.153002
0.0398884	0.173914
0.0176802	0.189529
-0.0151829	0.174728
0.00531636	0.184189
0.0745166	0.196883
0.101814	0.210395
0.134629	0.213414
0.116463	0.235841
0.102706	0.22564
0.0901577	0.205984
0.0873336	0.196733
0.0908976	0.20085
0.0605739	0.218522
0.108142	0.134837
0.106327	0.141644
0.0904395	0.137324
0.0945235	0.132425
0.100187	0.140576
0.121963	0.147057
0.108536	0.141411
0.13714	0.129229
0.132076	0.130128
0.128309	0.105326
0.128736	0.099086
0.0908541	0.142341
0.126023	0.140444
0.102074	0.147728
0.123613	0.144283
0.11038	0.116012
0.0831178	0.121811
0.0871966	0.121611
0.109568	0.133471
0.121397	0.10915
0.0951746	0.151852
0.0715376	0.125979
0.075386	0.144453
0.0583793	0.136285
0.0705391	0.138286
0.055694	0.159179
0.0516743	0.127863
0.053699	0.124379
0.0711707	0.145879
0.0556303	0.148214
0.0260905	0.167199
0.0697661	0.0787634
0.110945	0.128839
0.111209	0.108573
0.0672785	0.0666948
0.0790156	0.0851702
0.125718	0.0730126
0.106013	0.154742
0.130249	0.126608
0.14213	0.0621063
0.149525	0.0801459
0.153672	0.0839589
0.138239	0.0815218
0.159903	0.0861101
0.140147	0.115888
0.133075	0.120242
0.108669	0.128917
0.145055	0.186193
0.17104	0.203913
0.159727	0.147297
0.150672	0.143338
0.132318	0.130688
0.128752	0.132453
0.104552	0.130819
0.0886716	0.129885
0.121693	0.108213
0.108167	0.11474
0.136057	0.128091
0.138854	0.0945976
0.112265	0.102536
0.0987944	0.0835393
0.1042	0.083285
0.21479	0.102507
0.226943	0.107185
0.21141	0.0955203
0.192864	0.114053
0.197841	0.0877405
0.208677	0.0516306
0.248653	0.0352925
0.241261	0.0290806
0.226869	0.0201031
0.210963	0.0246272
0.220719	0.062207
0.211818	0.143286
0.187129	0.121537
0.199939	0.10425
0.186539	0.0877568
0.174124	0.116323
0.169188	0.0963228
0.220086	0.0420306
0.158919	0.00848665
0.170018	0.0190962
0.184106	0.0113303
0.19105	0.0463314
0.21158	0.082504
0.146288	0.0490018
0.153962	-0.000253223
0.18644	0.0164367
0.207635	0.0323219
0.231446	0.0494012
0.219524	0.0347753
0.211888	0.0905934
0.203979	0.0799934
0.243891	0.0799604
0.192874	0.0731719
0.187481	0.0724356
0.156692	0.0532257
0.160786	0.0321939
0.153735	0.0128392
0.171859	0.000594759
0.179452	-0.0148751
0.161144	-0.00436065
0.121086	-0.0394882
0.138914	-0.035938
0.15156	-0.0596953
0.151684	-0.0543856
0.143435	-0.0617677
0.087481	-0.0354434
0.0902558	-0.0355376
0.107925	-0.0896254
0.112836	-0.0864654
0.136629	-0.129673
0.12492	-0.104582
0.119389	-0.0939507
0.156489	-0.127098
0.150483	-0.121855
0.158246	-0.131488
0.158504	-0.131259
0.176273	-0.170284
0.155711	-0.135158
0.174769	-0.164407
0.120455	-0.112493
0.114506	-0.116529
0.105729	-0.117397
0.0965255	-0.0772819
0.093164	-0.0826838
0.15529	-0.060071
0.143923	-0.0432791
0.121238	0.0313976
0.118817	0.0378854
0.0880813	0.0156827
0.156084	0.119511
0.101446	0.0840864
0.115547	0.0888847
0.112652	0.123187
0.0864019	0.163608
0.0673316	0.127652
0.0419668	0.116331
0.0726764	0.184415
0.120736	0.151653
0.144001	0.152218
0.126041	0.1447
0.0734146	0.112858
0.065726	0.116068
0.0299291	0.0764659
0.0417005	0.063886
0.00795878	0.0838178
0.00983364	0.082056
-0.00994123	0.0894175
-0.0253362	0.0986413
-0.0431081	0.124468
-0.0550847	0.109525
-0.0347776	0.135601
-0.043008	0.140994
-0.0333945	0.0572846
-0.0314516	0.0601496
-0.0159303	0.0479989
0.009485	0.0886947
0.00301772	0.11747
0.0432121	0.10763
0.0542475	0.0839988
0.0411293	0.0996046
0.0681838	0.0797459
-0.0110344	0.065973
-0.0100447	0.075689
-0.0118054	0.0996885
8.84156e-05	0.133129
-0.0297163	0.179823
-0.0694583	0.228314
-0.0788824	0.205397
-0.0827619	0.247492
-0.0652095	0.239165
-0.0738689	0.227168
-0.0250606	0.135474
-0.0121316	0.129531
0.0203604	0.155305
0.00310661	0.181773
-0.00030943	0.11706
-0.00976572	0.108846
-0.0493344	0.135594
-0.0489015	0.138265
-0.0223712	0.113268
-0.0336238	0.109922
-0.0443534	0.116469
-0.0126268	0.147149
-0.0271028	0.0826952
-0.0390483	0.0974322
-0.0354429	0.116463
-0.0379443	0.0851748
-0.046451	0.0920716
-0.0530403	0.0941768
-0.0565049	0.0419106
-0.114627	0.0705139
-0.12828	0.125936
-0.156633	0.129569
-0.168711	0.133878
-0.15924	0.0996833
-0.151877	0.048748
-0.146955	0.0514414
-0.132123	0.0437181
-0.145146	0.0279117
-0.0823128	0.00955243
-0.0947804	0.00440634
-0.104115	-0.0333553
-0.0951306	-0.0428676
-0.0929942	-0.0812989
-0.0848756	-0.100623
-0.0675077	-0.126158
-0.0737652	-0.123108
-0.073808	-0.134981
-0.0494311	-0.130854
-0.0361855	-0.198019
-0.0266358	-0.178734
-0.0614484	-0.17727
-0.0136306	-0.143477
-0.0413416	-0.216978
-0.0327493	-0.208314
-0.0635323	-0.178098
0.0169972	-0.210911
0.039849	-0.138123
0.00162483	-0.210297
-0.0046437	-0.24449
0.0101323	-0.218194
0.0568812	-0.167259
0.00266982	-0.126611
0.00807672	-0.133588
0.00588449	-0.142202
0.0128824	-0.125362
0.0179782	-0.121437
-0.0379376	-0.155623
-0.00959946	-0.162267
-0.0330598	-0.111639
-0.0649021	-0.11211
-0.0672315	-0.118151
-0.0218361	-0.0633388
-0.0159391	-0.102966
0.000540395	-0.107945
0.0270167	-0.110101
0.0829637	-0.161643
0.0958246	-0.150019
0.100523	-0.167686
0.114066	-0.150341
0.104321	-0.125168
0.0645807	-0.110566
0.0667776	-0.10746
0.0289176	-0.143029
0.0337203	-0.141828
0.00731756	-0.139457
0.119393	-0.167797
0.132668	-0.164142
0.118516	-0.15752
0.0867245	-0.144645
0.125733	-0.140248
0.153509	-0.138694
0.108747	-0.0754958
0.111661	-0.107626
0.115454	-0.121296
0.0982173	-0.128841
0.15122	-0.170819
0.184222	-0.17195
0.146412	-0.147882
0.134835	-0.122295
0.145901	-0.101526
0.174041	-0.109055
0.190051	-0.0680312
0.149202	-0.0554352
0.153616	-0.0507051
0.148875	-0.0493422
0.14438	-0.0030097
0.163464	-0.0318117
0.170582	-0.0335394
0.186977	-0.0305399
0.129795	-0.0264454
0.139278	-0.0544359
0.0917459	-0.0179161
0.136861	-0.0541455
0.144113	-0.0545508
0.141626	-0.0578267
0.147137	-0.0791728
0.136218	-0.082149
0.0972877	-0.072352
0.103858	-0.0559626
0.11558	-0.0519901
0.134615	-0.0105265
0.135386	-0.0133182
0.21646	-0.00649336
0.214171	-0.0122698
0.243999	0.00214909
0.272856	-0.00267725
0.245605	-0.0123867
0.220178	-0.0311974
0.209156	-0.0515962
0.212827	-0.0662056
0.205826	-0.0691458
0.208101	-0.067447
0.183706	-0.0576438
0.167884	-0.0697544
0.143069	-0.0818979
0.168688	-0.0456247
0.16902	-0.0733496
0.162895	-0.0691648
0.164361	-0.0857043
0.163294	-0.0814498
0.212194	-0.0580915
0.19547	-0.0756172
0.214928	-0.0650832
0.218246	-0.0654962
0.20167	-0.0949697
0.176307	-0.0372006
0.171053	-0.0133933
0.178646	-0.0305178
0.173317	-0.0803891
0.149132	-0.115819
0.144148	-0.151204
0.127691	-0.154488
0.090771	-0.175824
0.0896015	-0.092404
0.0731112	-0.204759
0.0753303	-0.20046
0.115037	-0.20299
0.0739314	-0.201325
0.0973658	-0.206968
0.0902013	-0.185685
0.0921735	-0.132138
0.0635621	-0.147377
0.058651	-0.175791
0.0695934	-0.173573
0.0782029	-0.149419
0.0690198	-0.144398
0.0775163	-0.197632
0.100338	-0.193421
0.0905819	-0.173613
0.0591224	-0.146847
0.044517	-0.156862
0.0762943	-0.140779
0.0514144	-0.142775
0.0642335	-0.186188
0.052162	-0.239121
0.060625	-0.2147
0.0813647	-0.163972
0.0752083	-0.162839
0.0998267	-0.145944
0.103931	-0.134776
0.0942122	-0.133778
0.101643	-0.136331
0.160529	-0.147302
0.128875	-0.161548
0.122205	-0.141579
0.112729	-0.14684
0.14305	-0.0605829
0.170093	-0.0354447
0.0679591	-0.0286162
0.0830503	-0.0452507
0.0672471	-0.0507638
0.0635373	-0.0619693
0.0264147	-0.0729434
0.0050316	-0.0865753
0.0145136	-0.118657
0.000125342	-0.0859107
-0.00639717	-0.115415
-0.0365086	-0.157785
-0.0219502	-0.152655
0.0318199	-0.237338
0.0221136	-0.233424
0.0122573	-0.216064
-0.00630641	-0.214104
-0.0740483	-0.173154
-0.0702335	-0.170571
-0.0611412	-0.152188
-0.0602299	-0.138207
-0.0449795	-0.126448
-0.0418383	-0.133948
-0.0344917	-0.14178
-0.0231992	-0.149892
-0.00371903	-0.0980225
-0.0158236	-0.10044
-0.0440136	-0.115084
-0.0401114	-0.142622
-0.0337969	-0.148852
-0.0484565	-0.146957
-0.0461892	-0.149429
-0.0900678	-0.161631
-0.102384	-0.155968
-0.110687	-0.145826
-0.105041	-0.145925
-0.0699196	-0.113772
-0.0937641	-0.132814
-0.0984646	-0.108307
-0.0899599	-0.0981799
-0.0573592	-0.109239
-0.0606263	-0.110351
-0.0788447	-0.196045
-0.0405184	-0.222904
-0.000818973	-0.197325
0.0065698	-0.189949
-0.000693862	-0.174957
-0.0310895	-0.128313
-0.00763995	-0.0831773
-0.0144288	-0.100765
-0.0215609	-0.110981
-0.0328192	-0.105328
-0.0371199	-0.124034
-0.0317324	-0.138448
0.00255656	-0.144226
0.0100764	-0.104452
-0.0246456	-0.109764
-0.041533	-0.0979776
-0.0495674	-0.107034
-0.119783	-0.12404
-0.114152	-0.117008
-0.0602463	-0.161124
-0.0863366	-0.132211
-0.0858129	-0.0906756
-0.0637702	-0.129151
-0.0323778	-0.0972715
-0.000297927	-0.113046
0.00488961	-0.145632
0.00442199	-0.12815
0.0375427	-0.180763
0.0477764	-0.121503
0.0186543	-0.141035
0.0473356	-0.169138
-0.0227978	-0.140827
-0.0120372	-0.0939286
-0.00175918	-0.167676
-0.0330557	-0.153862
-0.0336866	-0.15715
-0.0420502	-0.152325
-0.0506246	-0.148158
-0.0397695	-0.110326
-0.0649515	-0.145597
-0.0880419	-0.168711
-0.100726	-0.145289
-0.18084	-0.110558
-0.1464	-0.0531506
-0.133401	-0.0564476
-0.159618	-0.0407963
-0.198726	-0.013561
-0.189736	-0.0479872
-0.111813	-0.0576963
-0.111885	-0.0676932
-0.112761	-0.0767284
-0.125419	-0.111105
-0.142716	-0.0966189
-0.142769	-0.084033
-0.167905	-0.113048
-0.155873	-0.109967
-0.149981	-0.114153
-0.144314	-0.101622
-0.132644	-0.0972222
-0.171437	-0.126494
-0.150693	-0.116984
-0.150233	-0.108654
-0.140134	-0.109095
-0.128208	-0.0594999
-0.129549	-0.0721634
-0.123227	-0.0726409
-0.160525	-0.106135
-0.153239	-0.101148
-0.150778	-0.108149
-0.121036	-0.0925201
-0.149898	-0.0269139
-0.164597	-0.00449849
-0.127134	-0.0429152
-0.123543	-0.0434489
-0.112359	-0.0327843
-0.0874373	-0.0620399
-0.025417	-0.104375
-0.0147565	-0.111588
-0.00492441	-0.120663
-0.0687568	-0.192599
-0.0556733	-0.182578
-0.0894505	-0.194807
-0.0263024	-0.181845
-0.00913443	-0.176831
-0.0726828	-0.184806
-0.0548901	-0.180426
-0.0455673	-0.175502
-0.0231012	-0.182098
0.0235485	-0.227641
0.00189669	-0.229053
0.0194314	-0.207099
0.0363549	-0.191204
0.0524757	-0.154105
0.00896725	-0.170705
0.019588	-0.161006
0.0319425	-0.128699
0.0306015	-0.131722
0.0389813	-0.133903
0.0824845	-0.100004
0.0972815	-0.089312
0.0717321	-0.0299389
0.0637903	-0.0643406
0.106992	-0.071441
0.122308	-0.0792117
0.127912	-0.0424527
0.142633	-0.0577938
0.214124	-0.0652675
0.215883	-0.0609666
0.186092	-0.0448277
0.170592	-0.045069
0.184198	-0.0778258
0.173936	-0.0747483
0.170289	-0.094188
0.0933101	-0.140226
0.114134	-0.160375
0.0803743	-0.219858
0.0936441	-0.230532
0.171941	-0.249376
0.179777	-0.176914
0.14079	-0.201138
0.142054	-0.212619
0.116884	-0.185164
0.0734367	-0.172388
0.108039	-0.193629
0.132066	-0.156154
0.122466	-0.165427
0.104777	-0.165202
0.158707	-0.174748
0.153005	-0.178946
0.134816	-0.169576
0.127096	-0.122027
0.127969	-0.115885
0.1094	-0.142841
0.0935056	-0.144026
0.0907075	-0.212177
0.0436047	-0.17648
0.0374993	-0.134827
0.0486242	-0.184899
0.0515963	-0.192127
0.0559006	-0.154044
0.0444099	-0.0980713
0.0475737	-0.0847564
0.0833588	-0.00232656
0.109975	-0.0555753
0.0984854	-0.0579828
0.111982	-0.0610553
0.148832	-0.0331561
0.151736	-0.0576162
0.158667	-0.111728
0.146174	-0.0945198
0.128648	-0.141785
0.154291	-0.211851
0.13794	-0.195888
0.0629779	-0.243847
0.0979592	-0.154496
0.12527	-0.154178
0.107713	-0.160396
0.0928722	-0.214291
0.159509	-0.203041
0.160519	-0.205503
0.147861	-0.204114
0.1341	-0.187824
0.0978289	-0.146656
0.0137975	-0.169965
0.0271775	-0.154771
0.0344438	-0.152293
0.0139089	-0.165725
0.0320471	-0.211123
0.0164295	-0.272001
-0.00916406	-0.22033
0.0276347	-0.234529
0.045868	-0.210649
0.0329513	-0.201317
0.0714444	-0.217666
0.0974565	-0.216481
0.122914	-0.143743
0.113709	-0.141211
0.0939495	-0.0953897
0.0976266	-0.120446
0.138136	-0.133634
0.129116	-0.132559
0.141849	-0.143931
0.11734	-0.168519
0.106405	-0.162677
0.117529	-0.126885
0.12568	-0.110436
0.0884767	-0.115903
0.0797934	-0.116682
0.0839991	-0.116936
0.112823	-0.141895
0.0470978	-0.0894568
0.0910283	-0.0787378
0.0694445	-0.116266
0.0685528	-0.0727048
0.0946114	-0.0801413
0.0857792	-0.0824825
0.118112	-0.0953644
0.111143	-0.112029
0.0898009	-0.222225
0.0817137	-0.209995
0.0904866	-0.232911
0.162632	-0.225929
0.159204	-0.207725
0.118077	-0.233308
0.10217	-0.199953
0.0857169	-0.179096
0.076252	-0.146611
0.078201	-0.140719
0.0752593	-0.145094
0.0418644	-0.171484
0.0494028	-0.193358
0.0433186	-0.19016
0.00730667	-0.173856
0.0109872	-0.163208
0.0736296	-0.179352
0.0947011	-0.195395
0.115853	-0.114681
0.105464	-0.124817
0.0959215	-0.0799228
0.105734	-0.0684001
0.0876711	-0.0855241
0.018455	-0.0661577
0.0223563	-0.098433
-0.0325814	-0.115941
-0.0710801	-0.134953
-0.117605	-0.141548
-0.107331	-0.13645
-0.177351	-0.164888
-0.158135	-0.156797
-0.145913	-0.150044
-0.140417	-0.163904
-0.0910633	-0.146748
-0.0802398	-0.150253
-0.0831132	-0.100091
-0.067932	-0.0623483
-0.0151917	-0.0814389
0.0476454	-0.116527
0.0137139	-0.135242
0.0841109	-0.200988
0.0842156	-0.188384
0.0727715	-0.189775
0.144117	-0.10614
0.145679	-0.110442
0.168056	-0.134732
0.230529	-0.0432726
0.282685	-0.04478
0.258327	0.033886
0.206476	0.0355816
0.154329	0.0102775
0.155169	0.0138861
0.129783	-0.0809022
0.169001	-0.08772
0.145454	-0.110477
0.170048	-0.0944712
0.16704	-0.0868389
0.157871	-0.0951718
0.192976	-0.0734342
0.291208	-0.0925338
0.207133	-0.128084
0.182889	-0.0624633
0.192613	-0.0450856
0.176058	-0.0498917
0.1684	-0.0399041
0.164263	-0.00528905
0.177974	0.0544298
0.173946	0.0569618
0.145558	0.125994
0.131486	0.10576
0.0860715	0.0972978
0.0807487	0.095577
0.116679	0.156868
0.149337	0.181915
0.201936	0.143726
0.191308	0.172386
0.166749	0.230864
0.166379	0.187612
0.175104	0.177236
0.192679	0.148585
0.20316	0.157144
0.149894	0.180156
0.143718	0.165273
0.163413	0.158841
0.12168	0.155977
0.160001	0.145639
0.244256	0.136625
0.229649	0.117557
0.209432	0.0865273
0.211349	0.0448085
0.21872	0.0629303
0.201134	0.061646
0.189948	0.0489417
0.204309	0.0384919
0.215267	0.0346562
0.228939	0.0138436
0.255686	-0.0964273
0.154952	-0.0759813
0.165987	-0.0519893
0.179463	-0.0380565
0.117065	-0.0779782
0.107105	-0.065608
0.119539	-0.0163682
0.10573	-0.0619906
0.109701	-0.0606615
0.127943	-0.0480879
0.118811	-0.0279185
0.120913	-0.0242876
0.123792	-0.0299283
0.0865431	-0.0416495
0.107535	-0.0238996
0.123734	-0.0401686
0.0984952	0.015642
0.0478704	0.0450305
0.0635254	0.0165443
0.0806554	-0.0134004
0.0894604	0.00328049
0.127582	0.00668972
0.141771	0.00906541
0.120916	-0.015007
0.104871	-0.0442162
0.0881332	-0.0772859
0.0986492	-0.121413
0.100231	-0.128314
0.105241	-0.122715
0.123419	-0.0682594
0.0758368	-0.0846116
0.0858151	-0.0852245
0.123175	-0.106877
0.0877407	-0.123998
0.129702	-0.148086
0.1239	-0.140289
0.116739	-0.143651
0.159927	-0.103588
0.168471	-0.102492
0.145077	-0.103923
0.0804315	-0.189291
0.0960835	-0.159709
0.0630776	-0.145766
0.059138	-0.147138
0.055902	-0.147314
0.021706	-0.162652
0.0454951	-0.171824
0.0475367	-0.167762
0.0698397	-0.148779
0.027287	-0.142969
0.011949	-0.142764
-0.00476337	-0.135273
0.0162981	-0.0562791
0.0326906	-0.0568165
0.0809199	-0.0410111
0.0421906	-0.0321804
0.0425284	-0.115244
0.0386163	-0.186696
0.0119865	-0.137788
0.00667519	-0.138739
-0.0402682	-0.203544
-0.00947898	-0.206245
-0.0467167	-0.182602
-0.0473547	-0.176093
-0.0542861	-0.182315
-0.00882288	-0.181454
-0.00886993	-0.169631
-0.034021	-0.0928066
-0.00152116	-0.112457
0.0224837	-0.128296
-0.0519676	-0.0810808
-0.0983764	-0.0576511
-0.0759811	-0.0799787
-0.0894744	-0.105268
-0.0682133	-0.0943262
-0.0474313	-0.145737
-0.050544	-0.112057
-0.0377861	-0.136377
-0.0112732	-0.156558
-0.00335781	-0.136129
-0.0159091	-0.139018
-0.0543855	-0.103738
-0.0702463	-0.103499
-0.0784318	-0.140662
-0.135534	-0.191281
-0.0835532	-0.163564
-0.106973	-0.135076
-0.14659	-0.167822
-0.213127	-0.180397
-0.206825	-0.168296
-0.179208	-0.158489
-0.186209	-0.216406
-0.144954	-0.25037
-0.109657	-0.265162
-0.089614	-0.199088
-0.125458	-0.149027
-0.168811	-0.128518
-0.129101	-0.112005
-0.14446	-0.100134
-0.162879	-0.126275
-0.110641	-0.108473
-0.141861	-0.0939295
-0.117085	-0.146266
-0.0923974	-0.138033
-0.0898062	-0.124698
-0.0811817	-0.0758056
-0.0826547	-0.10651
-0.0994181	-0.0989111
-0.0999936	-0.10055
-0.0708839	-0.150011
-0.0694521	-0.166304
-0.0271897	-0.148836
-0.028197	-0.152629
-0.0316389	-0.148991
-0.0361392	-0.14486
-0.0241049	-0.120097
-0.0392449	-0.0864242
-0.0453185	-0.093851
-0.0454058	-0.0852675
-0.0566246	-0.106975
-0.0894	-0.13252
-0.106646	-0.166848
-0.104443	-0.155476
-0.10725	-0.14025
-0.101018	-0.127692
-0.105484	-0.119793
-0.120166	-0.175458
-0.120871	-0.157457
-0.15676	-0.190248
-0.142633	-0.147931
-0.183058	-0.0885087
-0.190176	-0.0889138
-0.198512	-0.0415525
-0.239058	0.0130747
-0.180051	0.0255004
-0.208807	0.0217807
-0.200466	0.0186204
-0.171958	0.0278237
-0.15411	0.0257072
-0.267979	0.0512468
-0.290627	0.0190145
-0.26601	0.0221623
-0.258153	0.0539321
-0.234995	0.0704292
-0.246914	0.0666172
-0.232119	0.0620087
-0.189957	0.0754916
-0.175673	0.0625024
-0.152673	0.0553752
-0.0990743	0.0397341
-0.113487	-0.00320327
-0.0959612	-0.0378593
-0.108978	-0.03164
-0.103483	-0.0348925
-0.0818776	0.00653473
-0.161628	-0.0241697
-0.170556	-0.0141598
-0.185065	-0.0151621
-0.183989	-0.0120365
-0.178663	-0.00393299
-0.229405	0.0183527
-0.202826	0.00475277
-0.22172	0.032508
-0.230949	0.0320239
-0.217052	0.0420939
-0.186457	0.0465987
-0.177753	0.0519025
-0.168893	0.0651354
-0.155383	0.123634
-0.162286	0.155722
-0.136599	0.163064
-0.131618	0.154718
-0.152473	0.156751
-0.147262	0.138769
-0.150319	0.138094
-0.157698	0.129461
-0.137319	0.116801
-0.200475	0.138852
-0.181337	0.136871
-0.12047	0.157336
-0.151798	0.122268
-0.126788	0.106526
-0.15288	0.0605925
-0.135713	0.10082
-0.177269	0.0612548
-0.160071	0.0692141
-0.13503	0.117819
-0.101048	0.125871
-0.112513	0.137542
-0.119285	0.169283
-0.0817647	0.194719
-0.0643651	0.20703
-0.0558668	0.214571
-0.0753939	0.198356
-0.0537768	0.198239
-0.0360526	0.225491
-0.0338344	0.202458
-0.0258461	0.203393
-0.00413783	0.132888
0.0111379	0.139176
0.0164571	0.122991
0.0208211	0.143904
0.0356659	0.149248
0.0320485	0.172117
0.0353186	0.170186
0.0310302	0.152784
0.0261005	0.178281
0.0532977	0.210909
0.0444176	0.188811
0.0271443	0.214394
-0.0179463	0.189692
0.00544638	0.219078
0.0128001	0.205443
0.0138617	0.207766
0.0358029	0.262132
0.0467535	0.263648
0.0146142	0.191779
0.00469667	0.206945
0.0189422	0.22066
0.0307323	0.179785
0.0491762	0.248669
0.0481653	0.213152
0.0710752	0.223181
0.0473494	0.232697
0.0624637	0.240204
0.0392874	0.189186
0.0197937	0.214001
-0.0660354	0.188151
-0.0672403	0.203183
-0.0249758	0.19016
-0.0753002	0.15319
-0.0617518	0.0947074
-0.0503821	0.108838
-0.0372048	0.122517
-0.0261511	0.116908
0.00489619	0.156792
0.0131107	0.173864
0.0307647	0.197065
-0.0127625	0.14046
-0.0751598	0.0934404
-0.0684942	0.119708
-0.136677	0.187326
-0.125255	0.148959
-0.106888	0.112536
-0.0601203	0.14316
-0.040186	0.115716
-0.0238432	0.134696
-0.00987648	0.14013
0.035238	0.187776
0.0577823	0.151689
0.0915173	0.156968
0.0828869	0.159821
0.0877045	0.0929606
0.0964114	0.104895
0.0690947	0.207377
0.0382427	0.191341
0.0497909	0.210128
0.0234877	0.229534
0.00127446	0.199386
0.00433932	0.192738
0.00656358	0.22014
0.0216808	0.217446
0.0317106	0.194343
0.0259109	0.18681
0.0255681	0.17847
0.0258976	0.177073
0.0335617	0.184991
0.0302611	0.184672
0.0946614	0.230647
0.0967132	0.21644
0.0945404	0.198896
0.081438	0.183406
0.0743503	0.187268
0.0629283	0.181031
0.042994	0.193375
-0.00895751	0.155168
-0.0259845	0.161005
-0.030984	0.13616
0.0292424	0.150632
0.0372539	0.159689
0.0314213	0.193202
-0.0298352	0.208703
-0.017105	0.187114
-0.0392142	0.172242
-0.076893	0.109918
-0.102091	0.15273
-0.119393	0.143185
-0.103148	0.161813
-0.0969746	0.156472
-0.139397	0.158962
-0.12654	0.144305
-0.11563	0.132581
-0.109784	0.132667
-0.0738583	0.212538
-0.105245	0.192037
-0.0936732	0.174885
-0.0528058	0.169213
-0.0480208	0.136705
-0.0465504	0.15565
-0.0125054	0.188436
-0.00477811	0.155204
0.0295803	0.162382
0.0234218	0.178652
-0.0156691	0.196141
-0.0323185	0.195592
-0.0253078	0.198538
-0.0496346	0.170876
-0.0491481	0.170711
-0.0867467	0.151973
-0.0774103	0.147236
-0.0997812	0.130894
-0.114224	0.271972
-0.113256	0.202199
-0.0847657	0.200541
-0.066585	0.162529
-0.0792695	0.165599
-0.128527	0.122514
-0.119508	0.178375
-0.111086	0.161029
-0.111982	0.152176
-0.0818309	0.115095
-0.094857	0.121167
-0.0785759	0.161516
-0.0986307	0.0798537
-0.106729	0.0877837
-0.09098	0.0277838
-0.105295	0.0513597
-0.108245	0.058938
-0.172172	0.11514
-0.158156	0.10725
-0.197564	0.0576776
-0.195187	0.0603912
-0.216776	0.0402013
-0.188925	0.038954
-0.212657	0.0319209
-0.186829	0.0171071
-0.192404	0.00849014
-0.166629	0.0149528
-0.168323	0.0220576
-0.154574	0.0360514
-0.150082	0.0214648
-0.16054	0.0318582
-0.183461	0.111897
-0.147966	0.144716
-0.113504	0.0988152
-0.189416	0.132957
-0.18704	0.0900851
-0.133354	0.0453476
-0.0905488	0.0871841
-0.104021	0.0587856
-0.114981	0.0263229
-0.13061	0.0836715
-0.12324	0.0954312
-0.0635865	0.102774
-0.0983537	0.124049
-0.100145	0.0811795
-0.074718	-0.013928
-0.0887231	-0.00764935
-0.0482181	0.0310209
-0.107539	0.0483018
-0.0952034	0.0657527
-0.108085	0.0953283
-0.0855459	0.116725
-0.0892536	0.112228
-0.0947696	0.129513
-0.0194045	0.129505
0.0133434	0.158036
-0.00713481	0.175635
0.0155711	0.192593
-0.00887317	0.182796
0.0356516	0.17447
0.0206799	0.228278
0.0479139	0.170224
0.0430171	0.12994
-0.0353652	0.179542
-0.102485	0.260095
-0.156334	0.223076
