0.076187	-0.0253088
0.0845402	0.0101186
0.112069	-0.00589947
0.116307	-0.0518876
0.120699	-0.0537254
0.125823	-0.045744
0.128762	0.00727696
0.138309	-0.00910477
0.143621	-0.000390148
0.0867373	0.0186916
0.101752	0.0602695
0.0785089	0.150214
0.0635868	0.136066
0.0553553	0.121656
0.0831774	0.131698
0.0731885	0.119063
0.0754148	0.130994
0.105063	0.173625
0.0997555	0.150168
0.0552893	0.0661335
0.0849002	0.0964502
0.107441	0.0936772
0.103164	0.0975767
0.0938999	0.0821845
0.0617997	0.0646553
0.0561706	0.0769018
0.0542245	0.0700298
0.0533801	0.0667114
0.0947988	0.0587572
0.107009	0.0540534
0.133133	0.0688206
0.0464357	0.00192649
0.048065	0.001139
0.0255836	-0.0210762
0.0288623	-0.0356479
0.0259869	-0.0508667
0.0212304	-0.056075
0.0706922	-0.0545205
0.06378	-0.0641037
0.0479891	-0.0620115
0.0712712	-0.0769131
0.0985614	-0.0680232
0.128452	-0.111258
0.107162	-0.0537958
0.100234	-0.057844
0.073709	-0.0787053
0.0674969	-0.0696847
0.0957606	-0.0643041
0.096886	-0.064048
0.123375	-0.0646535
0.121143	-0.0531338
0.128577	-0.077127
0.127425	-0.0770725
0.11	-0.0984074
0.114557	-0.0655501
0.0965266	-0.10198
0.117412	-0.110224
0.116731	-0.104996
0.129408	-0.110287
0.123822	-0.111468
0.0991606	-0.0675221
0.1664	-0.169374
0.145709	-0.145411
0.183524	-0.106892
0.195671	-0.119196
0.231846	-0.150389
0.241824	-0.112679
0.221977	-0.1358
0.17513	-0.0837429
0.141064	-0.0804642
0.24237	-0.0439551
0.233834	-0.0282443
0.218949	-0.0264839
0.178984	0.0189783
0.177324	-0.0317231
0.179759	0.0111929
0.129207	0.0218316
0.0857681	0.0115802
0.142263	0.0472431
0.129823	0.0546441
0.11548	0.0360847
0.116449	0.0343303
0.154525	0.0110726
0.158432	0.0231968
0.148986	0.0188496
0.142656	0.028791
0.157732	0.00685229
0.151514	-0.062971
0.171952	-0.0743045
0.177856	-0.0853334
0.220087	-0.120931
0.22966	-0.0983244
0.234083	-0.10066
0.185145	-0.0445566
0.238934	-0.0711927
0.235549	-0.0747774
0.244408	-0.0679904
0.204286	-0.0802417
0.195034	-0.0738996
0.165136	-0.0717641
0.17434	-0.0804426
0.12957	-0.0709049
0.134181	-0.0958186
0.160149	-0.0661202
0.153401	-0.0620532
0.152288	-0.064646
0.156454	-0.0648553
0.225565	-0.0855653
0.187809	-0.0916652
0.177878	-0.0858121
0.189786	-0.0840016
0.177488	-0.0889495
0.189958	-0.131914
0.168022	-0.150188
0.180239	-0.155164
0.197402	-0.123658
0.19469	-0.112078
0.157164	-0.160134
0.135724	-0.133081
0.174536	-0.158121
0.125791	-0.210366
0.0951504	-0.216298
0.0909498	-0.201343
0.0948407	-0.203667
0.111536	-0.186195
0.081273	-0.162048
0.0683155	-0.170907
0.0659149	-0.163631
0.0653846	-0.165757
0.0646926	-0.165482
0.0542715	-0.160585
0.0503794	-0.162215
0.0374286	-0.168284
-0.0315022	-0.149408
0.00017904	-0.181617
0.00273729	-0.179887
-0.00201948	-0.179038
-0.0158658	-0.177661
0.0161247	-0.177302
0.0323273	-0.196102
0.0807178	-0.183335
0.0888597	-0.196386
0.0437793	-0.218376
0.0353678	-0.146405
0.0439215	-0.166483
0.0707212	-0.107966
0.0637292	-0.132152
0.0854747	-0.106566
0.0912475	-0.110488
0.0768291	-0.111631
0.0363253	-0.0947721
-0.0118286	-0.109225
-0.0150767	-0.122342
-0.0876375	-0.20779
-0.120211	-0.199843
-0.120264	-0.135
-0.0909156	-0.0779694
-0.0956141	-0.0822846
-0.0651792	-0.0829998
-0.0343158	-0.10745
-0.0536527	-0.163548
-0.0614926	-0.137969
-0.0660736	-0.146427
-0.0659927	-0.144577
-0.096521	-0.144515
-0.0777262	-0.132187
-0.133487	-0.165101
-0.107614	-0.159791
-0.180876	-0.14291
-0.178009	-0.142986
-0.144704	-0.113207
-0.109811	-0.111249
-0.125701	-0.0917346
-0.125548	-0.0940684
-0.124772	-0.0786198
-0.220912	-0.100315
-0.179083	-0.147027
-0.224684	-0.145552
-0.18157	-0.165854
-0.21099	-0.156219
-0.206723	-0.140922
-0.188276	-0.101456
-0.166096	-0.086319
-0.177028	-0.0950587
-0.134398	-0.0856443
-0.117794	-0.0673764
-0.119475	-0.0904217
-0.0835949	-0.0774332
-0.024204	-0.104674
-0.0314376	-0.0792465
-0.0392044	-0.114881
-0.0873523	-0.14399
-0.11692	-0.142905
-0.0572586	-0.10607
-0.0677728	-0.146972
-0.107928	-0.158242
-0.0894239	-0.113175
-0.0999639	-0.115825
-0.152821	-0.0565831
-0.139879	-0.0261643
-0.145486	-0.0247277
-0.1706	-0.000695583
-0.1694	0.0029926
-0.160521	0.000639562
-0.14904	-0.00301159
-0.159324	-0.0217361
-0.137665	-0.035437
-0.0668577	-0.0331396
-0.0699115	-0.0349883
-0.0714795	-0.115722
-0.064351	-0.133667
-0.0467016	-0.130484
-0.0397917	-0.169524
-0.0280506	-0.161944
-0.0373653	-0.169715
-0.0510291	-0.171213
-0.0293515	-0.140348
0.0359662	-0.136282
0.0544885	-0.119873
0.0615807	-0.135403
0.0651836	-0.134464
0.0528708	-0.133147
0.0311282	-0.206095
0.029466	-0.203563
0.0687044	-0.217868
0.0588558	-0.213509
0.0589384	-0.147438
0.0696484	-0.17663
-0.0149449	-0.235988
0.0173126	-0.213861
0.024523	-0.202144
0.103586	-0.229447
0.100074	-0.210339
0.0894513	-0.190412
0.100543	-0.151679
0.090623	-0.139807
0.0691172	-0.195193
0.039878	-0.184776
0.0333282	-0.11752
0.0263985	-0.0721873
0.0366181	-0.0940294
0.100337	-0.1044
0.107681	-0.135833
0.12445	-0.196015
0.115227	-0.175708
0.138069	-0.137941
0.150187	-0.0383767
0.153538	-0.020448
0.229456	-0.0205713
0.215453	-0.0192957
0.11507	-0.0190505
0.14005	-0.0290795
0.124286	-0.0264235
0.129651	-0.03223
0.106985	-0.077622
0.15191	-0.0908044
0.173584	-0.127394
0.172251	-0.120142
0.198645	-0.161225
0.201685	-0.161326
0.184946	-0.1544
0.180826	-0.156541
0.173284	-0.169557
0.168891	-0.162023
0.118038	-0.175344
0.100865	-0.139545
0.107671	-0.132841
0.0985218	-0.181121
0.104866	-0.159477
0.0986169	-0.160853
0.0893936	-0.188801
0.0851436	-0.180129
0.0287584	-0.164272
0.014389	-0.210852
0.00226139	-0.207517
0.0046274	-0.212122
-0.00971136	-0.197585
0.0458019	-0.211052
0.0440258	-0.202122
0.040491	-0.19855
0.0592953	-0.189031
0.0581408	-0.189956
0.0589038	-0.182565
0.120377	-0.176449
0.103404	-0.18705
0.103832	-0.162295
0.108022	-0.159008
0.0750917	-0.172574
0.0538052	-0.253437
0.0417501	-0.227747
0.056167	-0.242796
0.10025	-0.216121
0.103237	-0.218855
0.0937324	-0.210964
0.0714026	-0.221878
0.0671123	-0.239476
0.0662664	-0.203918
0.0613596	-0.199638
0.0689157	-0.15223
0.0417135	-0.194884
0.0154703	-0.211345
-0.00561093	-0.219508
0.0215391	-0.235434
0.0300885	-0.205223
0.0297286	-0.189316
0.0401714	-0.176101
0.0601286	-0.206808
0.0339274	-0.196584
0.0747151	-0.135999
0.0334774	-0.0967036
0.0298736	-0.108044
0.129723	-0.115027
0.0888816	-0.134862
0.07671	-0.119778
0.0757377	-0.133223
0.0785146	-0.134031
0.0506634	-0.142674
0.0249789	-0.13801
0.0274629	-0.235704
0.0155745	-0.201999
0.0175016	-0.220886
-0.0141294	-0.180935
-0.0169019	-0.179027
0.00944343	-0.156884
0.0158295	-0.154376
0.0280756	-0.154854
0.0127622	-0.193698
0.0108841	-0.171778
-0.00948891	-0.158201
-0.00642937	-0.164948
0.00849117	-0.134789
0.0723486	-0.156531
0.0628768	-0.154352
0.0874401	-0.174773
0.0842732	-0.168448
0.119505	-0.150774
0.116011	-0.145754
0.112316	-0.139841
0.0650641	-0.120348
0.0670764	-0.125533
0.0635249	-0.128286
0.101099	-0.145772
0.116886	-0.143289
0.179955	-0.135368
0.129209	-0.137559
0.134827	-0.169024
0.094043	-0.201763
0.141233	-0.150859
0.13208	-0.146415
0.0774695	-0.130147
0.0900178	-0.117231
0.0881037	-0.118933
0.0608733	-0.142863
0.0419786	-0.118454
0.0616118	-0.139702
0.0410727	-0.152608
0.0720109	-0.140098
0.0521608	-0.13207
0.0764235	-0.143812
0.10928	-0.139818
0.116578	-0.110139
0.103146	-0.121903
0.102815	-0.123225
0.137832	-0.132123
0.131029	-0.110713
0.114559	-0.128823
0.0954844	-0.140702
0.107139	-0.149724
0.0902315	-0.131482
0.0669936	-0.121102
0.101457	-0.106904
0.105331	-0.0948142
0.111452	-0.0444821
0.118367	-0.0449787
0.15538	-0.0444087
0.178062	-0.073638
0.179222	-0.0751153
0.138839	-0.0495644
0.142124	0.00663746
0.137079	0.00784169
0.089192	-0.00653526
0.107617	-0.00228593
0.186718	0.0234052
0.180118	0.00560099
0.166047	0.00756274
0.10439	0.00406501
0.130396	-0.0252346
0.117493	-0.0101877
0.124289	-0.0124224
0.136708	-0.00657718
0.129761	-0.0525691
0.137994	-0.0519112
0.160017	-0.0934973
0.14165	-0.0581272
0.11203	-0.0441711
0.179018	-0.0247593
0.218643	-0.0113806
0.231694	-0.0138711
0.216859	-0.0112853
0.156687	0.00898195
0.213324	-0.00985917
0.195273	0.0329272
0.187069	0.0319255
0.237906	0.0521703
0.239541	-0.0308899
0.249538	0.0228924
0.209121	0.0353088
0.201691	0.0575507
0.178297	0.112956
0.157624	0.132555
0.220692	0.198618
0.224601	0.174228
0.198703	0.230765
0.170254	0.246746
0.13603	0.219129
0.152366	0.176396
0.188933	0.141669
0.184833	0.128256
0.1914	0.111612
0.175193	0.0952152
0.177675	0.0806192
0.201864	0.105089
0.196079	0.0813281
0.220623	0.0905301
0.207458	0.0873274
0.22199	0.107417
0.217299	0.0712143
0.230449	-0.00354137
0.225243	-0.0147932
0.242573	-0.0389223
0.234975	-0.0178322
0.175044	-0.0245296
0.163293	-0.0172403
0.129502	-0.0300151
0.109977	-0.0934715
0.117828	-0.0838382
0.0908117	-0.121147
0.0973048	-0.168716
0.139702	-0.153574
0.159015	-0.103586
0.155838	-0.102784
0.181613	-0.0738071
0.156547	-0.070318
0.145297	-0.0984869
0.138562	-0.0931072
0.104639	-0.155675
0.0810507	-0.12412
0.0832481	-0.106194
0.0954128	-0.110716
0.0902784	-0.114806
0.136717	-0.125685
0.114908	-0.146586
0.107599	-0.131559
0.127257	-0.145486
0.07369	-0.120602
0.0581387	-0.118276
0.0494171	-0.120317
0.0285677	-0.128334
0.00155773	-0.0715979
-0.00359956	-0.0966398
-0.0281489	-0.120313
0.0236582	-0.147327
0.000322901	-0.13286
-0.0146599	-0.117265
-0.0293632	-0.115801
-0.0476668	-0.109602
-0.0106721	-0.126816
-0.0103089	-0.132083
-0.00722969	-0.143837
0.0352063	-0.156505
0.0265966	-0.129164
0.0511646	-0.141143
0.00910161	-0.169603
0.016573	-0.161997
-0.0414509	-0.243716
-0.0529838	-0.273855
-0.141982	-0.305027
-0.112922	-0.301016
-0.0395399	-0.252864
-0.0434348	-0.202331
-0.0407157	-0.195998
-0.0398526	-0.192208
0.00698854	-0.143098
-0.0329137	-0.151388
-0.0597186	-0.114586
-0.0601674	-0.118189
-0.0412884	-0.108752
-0.057224	-0.116268
-0.0547093	-0.105053
-0.0857821	-0.10447
-0.0655927	-0.0939486
-0.0375159	-0.0668141
-0.0501564	-0.0791821
-0.0216856	-0.0489581
-0.0619651	-0.0502227
-0.0614135	-0.0588241
-0.100252	-0.0745436
-0.126872	-0.136178
-0.168138	-0.13243
-0.15731	-0.123199
-0.100021	-0.129412
-0.113328	-0.138369
-0.133589	-0.175998
-0.137775	-0.172851
-0.112997	-0.175445
-0.0847217	-0.165002
-0.0563087	-0.201073
-0.0441084	-0.175545
-0.0430213	-0.171484
-0.0793217	-0.183213
-0.0819292	-0.176423
-0.154522	-0.145702
-0.126548	-0.162247
-0.095456	-0.146743
-0.12097	-0.102938
-0.133391	-0.135422
-0.126323	-0.125217
-0.117187	-0.110566
-0.124108	-0.118536
-0.122865	-0.114862
-0.17659	-0.146557
-0.164495	-0.170008
-0.120322	-0.206441
-0.141141	-0.211666
-0.127089	-0.18164
-0.124678	-0.164104
-0.1431	-0.178087
-0.0722826	-0.188885
-0.0748112	-0.137528
-0.0800034	-0.11409
-0.0548877	-0.0537163
-0.0859454	-0.0423785
-0.114085	-0.036279
-0.0889113	-0.0364059
-0.0688722	-0.0350136
-0.0568007	-0.0318421
-0.0724057	-0.040837
-0.0542484	-0.0414698
-0.0851697	-0.061693
-0.0485563	-0.0551542
-0.0881016	-0.0532086
-0.117564	-0.0438192
-0.161169	-0.0572744
-0.157824	0.0098608
-0.118293	0.0409032
-0.142829	-0.00996223
-0.141933	-0.00488741
-0.20028	-0.00818312
-0.229323	-0.0394348
-0.19944	-0.00855932
-0.192691	-0.0143364
-0.220107	-0.0292079
-0.256726	-0.0346382
-0.241597	-0.0460804
-0.232424	-0.0475649
-0.205153	-0.0332389
-0.213646	-0.0418595
-0.179615	-0.00693142
-0.191138	-0.0239514
-0.212932	0.0323644
-0.192476	0.0252944
-0.179838	-0.0132
-0.143997	0.0350414
-0.232766	0.0761474
-0.16151	0.0182049
-0.162678	0.0309537
-0.129947	0.0839009
-0.131058	0.0986866
-0.127223	0.0982771
-0.15027	0.0756325
-0.147831	0.0752615
-0.0894615	0.0190145
-0.100226	0.0305044
-0.159797	0.0386898
-0.186147	0.0374348
-0.180239	0.0508891
-0.145064	0.0671012
-0.145621	0.0545432
-0.129499	0.0803473
-0.142658	0.0637115
-0.143908	0.0132135
-0.186614	0.0581041
-0.206642	0.0623435
-0.198726	0.0658744
-0.177364	0.0584123
-0.173441	0.0565038
-0.185225	0.0851745
-0.159107	0.0673843
-0.148872	0.0622718
-0.153476	0.0724604
-0.152609	0.0727248
-0.152443	0.0661334
-0.137929	0.0346712
-0.0981374	0.0271141
-0.121926	0.0582809
-0.115425	0.069187
-0.14028	0.055462
-0.101677	0.127956
-0.101677	0.126742
-0.109764	0.125435
-0.0850461	0.115476
-0.152006	0.120226
-0.146399	0.108701
-0.139244	0.0807694
-0.127172	0.0773016
-0.135618	0.0826283
-0.0994906	0.130224
-0.166378	0.116103
-0.115785	0.169154
-0.111968	0.160992
-0.0857383	0.159915
-0.0786025	0.140647
-0.00204714	0.161007
0.00466025	0.152203
-0.0158199	0.147409
-0.0145159	0.138705
-0.0433766	0.126531
-0.0268403	0.128668
0.0244613	0.178967
0.00748306	0.168591
-0.0358326	0.185348
-0.0340615	0.180104
-0.0529737	0.183784
-0.0342258	0.189063
0.0533947	0.185791
0.0201685	0.205896
0.031717	0.189266
0.0845637	0.19566
0.0861647	0.194012
0.0863156	0.192425
0.0936626	0.182877
0.0968134	0.179986
0.0855663	0.205148
0.0988436	0.155215
0.100471	0.211096
0.17457	0.206468
0.177225	0.193742
0.165316	0.171755
0.132853	0.128703
0.140755	0.146121
0.0886922	0.15239
0.0879843	0.0912157
0.0253284	0.112326
0.0618167	0.125781
0.0904672	0.148482
0.10933	0.127399
0.095895	0.182084
0.0839231	0.179296
0.0364526	0.150823
0.0419749	0.170887
-0.00235952	0.154215
0.00493132	0.144114
0.0282568	0.199126
0.0382399	0.195315
0.050212	0.189148
0.124476	0.216351
0.126212	0.2166
0.100574	0.233049
0.0632787	0.226602
0.0440555	0.241107
-0.0225315	0.219132
-0.0257641	0.183882
-0.0208107	0.149995
-0.0496243	0.140705
-0.0728045	0.204779
-0.102238	0.13789
-0.05647	0.138239
-0.0468341	0.169425
-0.062323	0.167915
-0.0932479	0.235295
-0.0812826	0.243537
-0.111532	0.247743
-0.103356	0.220208
-0.102046	0.174264
-0.0980881	0.163504
-0.0720317	0.141753
-0.0596778	0.123722
-0.0371497	0.14229
-0.00824249	0.131623
-0.0182909	0.136409
-0.0553093	0.164349
-0.161245	0.193654
-0.0980142	0.242763
-0.112412	0.237359
-0.104538	0.218004
-0.0919995	0.19782
-0.107887	0.0788366
-0.106718	0.0932847
-0.0780489	0.0917909
-0.0867997	0.0964923
-0.0838468	0.0838756
-0.0855391	0.0945436
-0.0890822	0.109015
-0.0883104	0.107384
-0.0325982	0.0995491
-0.00607838	0.138888
0.0305503	0.150774
0.0241686	0.153485
-0.00228069	0.156411
-0.0399005	0.114023
-0.0345161	0.129055
-0.0383243	0.133175
-0.0412609	0.133012
-0.0529866	0.1224
-0.0624544	0.0683264
-0.0601841	0.10074
-0.0370222	0.154974
-0.030652	0.167907
-0.0309765	0.16204
-0.02859	0.128293
-0.00601264	0.159024
-0.0200823	0.166258
-0.034325	0.163013
-0.0365804	0.161844
-0.0648074	0.156158
-0.105513	0.0825918
-0.112224	0.0880679
-0.10167	0.157874
-0.0902821	0.124928
-0.0637385	0.175123
-0.0481764	0.141372
-0.0196151	0.18421
-0.0242923	0.212315
-0.0301114	0.214205
-0.0247226	0.232778
0.0080361	0.289534
-0.0668697	0.32594
-0.0402528	0.308573
-0.0371241	0.275683
-0.0781285	0.231662
-0.0298413	0.211625
-0.0734954	0.247624
-0.0411722	0.247899
-0.0273617	0.2008
-0.0367024	0.122547
-0.051318	0.119779
-0.0480128	0.12166
-0.0748669	0.0724421
-0.124608	0.157256
-0.107697	0.113654
-0.100762	0.125671
-0.0875947	0.138273
-0.0546634	0.0728678
-0.0556926	0.0735588
-0.0589984	0.0821223
-0.0610806	0.0949159
-0.0105653	0.0820155
0.00984007	0.0758183
-0.0527455	0.0539194
-0.0623338	0.0933984
-0.0322421	0.138509
-0.0793581	0.162775
-0.0778853	0.157365
-0.111451	0.235624
-0.147011	0.217413
-0.182456	0.235667
-0.170099	0.219632
-0.186016	0.154655
-0.141101	0.112655
-0.191003	0.148845
-0.179748	0.130837
-0.166507	0.131232
-0.154541	0.11422
-0.12826	0.0465085
-0.0966402	0.0796189
-0.108271	0.0952692
-0.131912	0.125068
-0.147733	0.136935
-0.118498	0.159899
-0.207629	0.0491439
-0.192969	0.0472296
-0.180845	0.0769358
-0.172903	0.0840796
-0.102797	0.0603192
-0.106412	0.0355617
-0.0979327	0.0339324
-0.085391	0.0259211
-0.100898	0.0437962
-0.126207	0.0889509
-0.177292	0.0504859
-0.153689	0.0790796
-0.143832	0.0870761
-0.107313	0.0943135
-0.120441	0.131726
-0.0861252	0.152426
-0.0812387	0.154937
-0.0461639	0.164628
-0.0251474	0.194043
-0.0315843	0.173626
-0.0945047	0.157688
-0.17104	0.160551
-0.186637	0.148192
-0.161134	0.119739
-0.10594	0.0733142
-0.103091	0.0900334
-0.0971818	0.105824
-0.0962559	0.123366
-0.0807346	0.125627
-0.067732	0.121537
-0.0671553	0.134185
-0.0594043	0.195689
-0.0323374	0.268485
-0.0851447	0.25216
-0.0804394	0.252356
-0.067082	0.223514
-0.0818289	0.162994
-0.110401	0.173214
-0.103629	0.176912
-0.0819029	0.182886
-0.0949275	0.128819
-0.101549	0.151677
-0.0953065	0.152909
-0.0417892	0.0940877
-0.0354619	0.105691
-0.0701287	0.127576
-0.0286263	0.160945
-0.0395718	0.196912
-0.0269823	0.193488
-0.0208023	0.213507
-0.0430878	0.142979
-0.0316388	0.148557
-0.0385533	0.126376
-0.0368306	0.146917
-0.0282574	0.139511
-0.039747	0.161295
-0.0116629	0.247943
-0.00044719	0.210581
0.0227896	0.174472
0.0537836	0.181296
0.0596874	0.171261
0.0811898	0.131202
0.0562696	0.191963
0.062764	0.160703
0.0846188	0.173296
0.0967545	0.157674
0.19099	0.183554
0.183058	0.164872
0.182178	0.124426
0.144855	0.0658187
0.160347	0.129726
0.139624	0.0900156
0.139413	0.0859719
0.136675	0.0743493
0.161701	0.0679331
0.21797	0.0877666
0.156243	0.159688
0.157938	0.143796
0.16237	0.128701
0.135261	0.120827
0.162527	0.0987913
0.141315	0.084748
0.225797	0.0859406
0.209908	0.049445
0.240446	0.0749815
0.201906	0.0759775
0.186006	0.0820521
0.192178	0.0775836
0.165331	0.0898435
0.118019	0.119204
0.0434845	0.158083
-0.000549063	0.182316
0.0217347	0.138699
0.0416317	0.134461
0.0627732	0.146728
0.0764428	0.112143
0.0922593	0.102908
0.0924413	0.0940311
0.0508681	0.0199905
0.0206097	0.0416754
0.0438818	0.100678
0.089687	0.127319
0.0573553	0.122796
-0.00443466	0.136789
-0.00797289	0.134554
-0.0277024	0.0874777
-0.0173657	0.0903461
-0.00920149	0.0951163
0.00431598	0.11933
0.0205306	0.145988
0.0197673	0.153975
0.0372965	0.0934127
0.0570517	0.0858755
0.0726316	0.123765
0.054058	0.153903
0.0612503	0.156262
0.0481965	0.156813
0.0387794	0.114021
-0.01008	0.126784
0.00383431	0.136619
0.0238145	0.0811886
0.0143229	0.121556
0.030034	0.120607
0.0427031	0.122394
0.0244516	0.185413
0.0496171	0.15711
0.0627046	0.165946
0.0566949	0.154228
0.0575183	0.153368
0.0610238	0.15571
0.0696145	0.174506
0.063231	0.167403
0.0607866	0.166898
0.0671179	0.16291
0.0994397	0.217207
0.0514467	0.154071
0.0407787	0.175163
0.0277885	0.143064
0.0375453	0.178942
0.0651495	0.061976
0.0966312	0.0277756
0.096183	0.0283261
0.126148	0.00746804
0.0367091	0.00480851
0.0332497	0.026422
0.08952	-0.0199012
0.103277	-0.00324061
0.0726107	0.0275602
0.0766268	0.0328201
0.0554925	0.0487402
0.0168967	0.089252
0.0363596	0.105416
0.00604862	0.168868
-0.00227258	0.215258
-0.00521565	0.196735
-0.0147718	0.146024
-0.0497044	0.1443
-0.066062	0.215556
-0.105225	0.177122
-0.114815	0.180426
-0.0627135	0.149362
-0.0831244	0.207049
-0.0950226	0.184331
-0.103332	0.18957
-0.035995	0.1719
-0.0789963	0.221457
-0.0790617	0.207224
-0.0845888	0.241236
-0.079182	0.249236
-0.0851948	0.260672
-0.078262	0.243005
-0.0401587	0.214303
-0.0526502	0.225807
-0.0530197	0.193557
-0.0703618	0.193853
-0.0700324	0.183375
-0.14736	0.146797
-0.134565	0.12421
-0.122688	0.143347
-0.179113	0.123149
-0.170207	0.10951
-0.156641	0.0243295
-0.0432045	-0.0313986
-0.0549109	-0.0490091
-0.0678	-0.0503694
-0.0953007	-0.126355
-0.0964028	-0.17312
-0.0187329	-0.154928
-0.0302392	-0.152565
-0.0471047	-0.108739
-0.0235661	-0.0735576
-0.0564059	-0.0770033
-0.0386111	-0.0924813
-0.01248	-0.0753591
0.0103351	-0.0711257
0.0511521	-0.0620405
0.0275752	-0.0548106
-0.013914	-0.102112
0.0259134	-0.112155
-0.0415103	-0.119723
-0.0565496	-0.150001
-0.0488686	-0.164673
-0.06197	-0.168955
-0.0230832	-0.177285
-0.0558399	-0.177841
0.019354	-0.150512
-0.0117587	-0.117159
0.0272536	-0.142845
0.0409596	-0.13486
0.0770487	-0.109858
0.134457	-0.106935
0.176462	-0.100049
0.224619	-0.0715929
0.209415	-0.072309
0.200961	-0.0540288
0.184244	-0.0656279
0.187449	-0.037665
0.17004	-0.0462093
0.187025	0.00160825
0.17332	0.0225469
0.151372	0.0281733
0.105166	0.00876521
0.0373351	-0.0463418
0.0470508	-0.10211
0.042511	-0.112226
0.0447401	-0.12982
0.0801007	-0.19861
0.0728752	-0.184466
0.0711303	-0.174004
0.0812151	-0.200941
0.0591577	-0.194324
0.0899313	-0.203838
0.0906281	-0.194598
0.0965839	-0.205757
0.151428	-0.1949
0.0621934	-0.183339
0.00983557	-0.228866
0.0484619	-0.282113
0.0290806	-0.26168
0.0596276	-0.239567
0.0382967	-0.218447
0.0232588	-0.204722
0.0333947	-0.16004
0.0475625	-0.169212
0.0111807	-0.164166
-0.0102847	-0.178071
0.0362048	-0.239047
0.0196066	-0.215966
0.0038909	-0.209865
0.0115731	-0.167807
-0.0146179	-0.178512
-0.0408059	-0.117728
-0.0245777	-0.12899
-0.0407287	-0.142122
-0.0534501	-0.141069
-0.0691373	-0.164009
-0.0790298	-0.160011
-0.12431	-0.183844
-0.0947691	-0.200927
-0.0998271	-0.166355
-0.101286	-0.129536
-0.0981177	-0.0954638
-0.146227	-0.0916427
-0.136274	-0.0634955
-0.135449	-0.0798026
-0.131906	-0.0818177
-0.131698	-0.086446
-0.093199	-0.152784
-0.111527	-0.254818
-0.110144	-0.227559
-0.14157	-0.159619
-0.16844	-0.164404
-0.158553	-0.152
-0.157492	-0.133157
-0.139296	-0.106122
-0.10993	-0.11991
-0.0998414	-0.132461
-0.0878795	-0.129857
-0.0742567	-0.125906
-0.0112884	-0.132771
-0.017508	-0.172574
-0.0255806	-0.151391
-0.00456622	-0.162384
-0.021505	-0.10842
-0.0365006	-0.143483
-0.0696817	-0.146337
-0.0807397	-0.151315
-0.0702861	-0.141567
-0.0948158	-0.120438
-0.0268337	-0.107058
-0.0966437	-0.121447
-0.0980343	-0.118509
-0.0825891	-0.0782143
-0.111999	-0.0275604
-0.117252	-0.0549563
-0.122554	-0.037878
-0.167821	-0.037198
-0.141654	-0.084578
-0.141076	-0.070145
-0.130297	-0.00637109
-0.140814	-0.00826476
-0.0482406	-0.0826247
-0.0620223	-0.0973897
-0.0812808	-0.0645022
-0.0925194	-0.057827
-0.0865721	-0.0466865
-0.0330004	-0.0378565
-0.0675375	-0.109411
-0.0731589	-0.117098
-0.111719	-0.109275
-0.104282	-0.11743
-0.0842539	-0.15123
-0.0788818	-0.181725
-0.0146993	-0.174827
-0.0334365	-0.141959
-0.0951523	-0.13297
-0.0379256	-0.108936
0.00560969	-0.086724
0.0727888	-0.0570967
0.0740945	-0.0722145
0.0914588	-0.104632
0.0982007	-0.137365
0.107252	-0.237836
0.106435	-0.228181
0.0670602	-0.221423
0.0491251	-0.206549
0.021379	-0.194166
0.0181131	-0.206152
0.016664	-0.228573
0.0244664	-0.20394
0.0272954	-0.198783
0.113136	-0.19324
0.147492	-0.205317
0.119126	-0.165485
0.0914387	-0.146291
0.106216	-0.162924
0.0539383	-0.180555
0.0632356	-0.23342
0.107841	-0.20488
0.0935083	-0.193916
0.106618	-0.223228
0.096556	-0.209816
0.0633993	-0.216383
0.0635286	-0.210433
0.0289538	-0.137425
0.0234769	-0.153568
0.035091	-0.127166
0.109983	-0.109947
0.0509705	-0.120954
0.0503547	-0.117088
0.0529785	-0.124539
0.0365821	-0.116842
0.0729102	-0.166066
0.0759381	-0.179996
0.12743	-0.178156
0.103274	-0.217251
0.0874448	-0.205452
0.0589277	-0.185081
0.0132999	-0.172162
0.0314827	-0.172949
0.0556415	-0.126535
0.0609005	-0.211766
0.0977319	-0.187428
0.0598272	-0.219774
0.121074	-0.240953
0.0842141	-0.17472
0.098039	-0.132165
0.097587	-0.132649
0.0948727	-0.190314
0.0903024	-0.133752
0.0557809	-0.128068
0.0380451	-0.0894128
0.00875883	-0.104643
0.0222396	-0.116346
0.0259685	-0.0929818
0.042727	-0.101359
0.0257083	-0.109424
0.0472857	-0.074018
0.054488	-0.0506445
0.0408847	-0.063543
0.0551225	-0.0902571
0.0412034	-0.0992681
0.0576535	-0.119925
0.0737337	-0.13858
0.0667208	-0.165077
0.0694341	-0.180093
0.0141898	-0.217787
0.0237131	-0.203566
0.0846656	-0.232623
0.113747	-0.280556
0.0928051	-0.231667
0.11743	-0.254896
0.104467	-0.224527
0.0887715	-0.215693
0.120324	-0.159402
0.108445	-0.150095
0.146082	-0.141501
0.136071	-0.138164
0.132097	-0.140539
0.205791	-0.165875
0.18015	-0.180268
0.15294	-0.164601
0.135831	-0.153264
0.0993342	-0.152763
0.0902297	-0.128395
0.144991	-0.12442
0.136286	-0.121984
0.121432	-0.128371
0.132227	-0.117615
0.138807	-0.112308
0.131156	-0.121064
0.12908	-0.13188
0.117771	-0.154306
0.150262	-0.149594
0.108996	-0.129278
0.0994152	-0.126527
0.112451	-0.149395
0.121025	-0.147594
0.132042	-0.156038
0.124522	-0.154164
0.109858	-0.165364
0.0963524	-0.168069
0.0670319	-0.202905
0.0828901	-0.210581
0.0516693	-0.233601
0.0491735	-0.252111
0.0519999	-0.266798
0.0605907	-0.236891
0.065119	-0.231936
0.0336925	-0.214326
0.0298531	-0.200415
-0.00251101	-0.168106
-0.0158329	-0.17556
-0.0109158	-0.148943
-0.063185	-0.18105
-0.0342286	-0.169216
-0.0170398	-0.143945
0.0165614	-0.152767
-0.0428121	-0.211296
-0.0296568	-0.185293
0.0444021	-0.209649
0.0406704	-0.192374
0.0465406	-0.183239
0.0616225	-0.154051
0.100244	-0.231219
0.0761003	-0.241508
0.0746266	-0.193676
0.00582293	-0.20606
0.0156333	-0.213934
0.0336835	-0.210813
0.0485747	-0.200143
0.0237592	-0.208267
0.0125435	-0.18214
0.0131181	-0.165365
0.0365083	-0.169096
0.0474454	-0.163236
0.0191782	-0.110714
0.0075781	-0.121713
-0.0305824	-0.11367
-0.06552	-0.113952
-0.0487189	-0.0989197
-0.0311749	-0.0928621
-0.0132853	-0.124619
0.0305741	-0.123685
0.0330541	-0.13498
0.0377685	-0.130189
0.0260928	-0.12097
0.00615118	-0.110971
-0.0181322	-0.0996163
-0.0228725	-0.107404
-0.0407202	-0.0851986
-0.0498336	-0.113206
-0.084438	-0.1432
-0.0875947	-0.147474
-0.0841164	-0.157231
-0.0283526	-0.167997
-0.0108006	-0.129516
0.00243543	-0.138496
0.0010533	-0.0921843
0.0136887	-0.110469
-0.00786705	-0.125372
-0.00786304	-0.117796
-0.0206703	-0.185699
-0.0241767	-0.185354
-0.0283822	-0.185767
-0.0246772	-0.187518
-0.0470523	-0.23072
-0.0446415	-0.230502
-0.0415874	-0.256343
-0.0646076	-0.191575
-0.0300124	-0.156636
-0.0412362	-0.184856
-0.0479189	-0.194526
-0.09814	-0.224332
-0.137371	-0.211998
-0.151628	-0.240914
-0.152543	-0.248162
-0.121796	-0.176843
-0.100526	-0.160841
-0.0865525	-0.159167
-0.0632336	-0.165931
-0.0931469	-0.159622
-0.0747551	-0.15795
-0.0763205	-0.168709
-0.0315958	-0.107251
-0.0291071	-0.122557
-0.00788638	-0.12199
-0.000988697	-0.128457
0.0232026	-0.163308
0.0266304	-0.15715
0.0431885	-0.14179
0.044062	-0.149901
0.0589668	-0.131218
0.0718372	-0.143113
0.0813557	-0.118612
0.0961093	-0.117404
0.105133	-0.100487
0.125395	-0.102149
0.0665768	-0.130101
0.098733	-0.0938608
0.0972706	-0.0844897
0.104533	-0.103376
0.118759	-0.0877779
0.109274	-0.0462997
0.156155	-0.0360613
0.13474	-0.110906
0.145454	-0.0647965
0.120771	-0.10135
0.0869651	-0.103716
0.0925441	-0.108082
0.101728	-0.111916
0.0626381	-0.0905831
0.0725241	-0.0941708
0.0752539	-0.100904
0.0854805	-0.101905
0.0945723	-0.103329
0.119713	-0.0978043
0.161603	-0.0630093
0.0445547	-0.104395
0.0220851	-0.132465
0.0582763	-0.121858
0.0456438	-0.0719946
0.0838346	-0.074448
0.0786145	-0.0369298
0.092923	-0.0424343
0.0735155	-0.0895824
0.104578	-0.0751105
0.113624	-0.0779512
0.116978	-0.071124
0.120718	-0.0594623
0.141316	-0.0737723
0.138007	-0.0723466
0.185107	-0.0748591
0.164044	-0.0351598
0.15095	-0.0272371
0.212835	-0.0488612
0.221907	-0.026404
0.177076	0.0151182
0.0952232	0.0385501
0.127263	0.0124688
0.118349	-0.0103522
0.121161	-0.0602362
0.125083	-0.0524379
0.122055	-0.0378768
0.130582	-0.0359161
0.135306	-0.0356805
0.133846	-0.0985884
0.145788	-0.0957908
0.192319	-0.136962
0.189168	-0.112045
0.177148	-0.100586
0.250072	-0.102643
0.241451	-0.0744607
0.2376	-0.111408
0.226526	-0.0868569
0.285359	-0.0461118
0.295072	-0.0213032
0.270968	-0.014179
0.262	0.0174155
0.23965	0.0254449
0.208948	0.00927581
0.190747	0.0588561
0.176835	0.0440229
0.200553	0.0102091
0.234934	0.0290112
0.216201	0.0318433
0.254645	0.0639705
0.217553	0.0241102
0.239705	-0.0420922
0.210131	-0.0238963
0.184209	0.00710626
0.153509	-0.00925007
0.100764	0.0324794
0.127229	0.0169634
0.0956319	0.0521803
0.0524053	0.0939793
0.054296	0.087302
0.0606139	0.0917964
0.0749474	0.077899
0.038088	0.0788451
0.0453667	0.0104934
0.0914501	0.0700392
0.0943345	0.104635
0.106798	0.111305
0.21144	0.078256
0.261564	0.133878
0.174476	0.123926
0.149909	0.159413
0.0930582	0.0905256
0.118923	0.125518
0.109604	0.0815625
0.104592	0.120914
0.0970113	0.126517
0.0839493	0.121056
0.0787371	0.128451
0.0959676	0.188875
0.0762033	0.234323
0.0378716	0.229988
0.040616	0.216874
0.0375261	0.202905
0.0815188	0.173512
0.0843393	0.213278
0.0777809	0.202029
0.00528791	0.189802
0.0317666	0.193144
0.0217192	0.195167
-0.0483618	0.169165
-0.0367911	0.127729
0.0590559	0.100916
0.101545	0.0901406
0.100232	0.132584
0.156488	0.129951
0.150732	0.136614
0.103779	0.124834
0.111564	0.146096
0.079652	0.167159
0.0711186	0.163166
0.0684644	0.161895
0.074503	0.118997
0.0619146	0.146455
0.0456629	0.0721825
0.0411142	0.0866914
0.0375439	0.0634556
0.0506655	0.0452459
0.0567094	0.0596087
0.0677296	0.0738001
-0.00224439	0.0998059
-0.0619544	0.117186
-0.0822182	0.146896
-0.110776	0.173492
-0.092034	0.17343
-0.10186	0.0991083
-0.104806	0.108558
-0.0960322	0.114801
-0.0878023	0.171926
-0.0908357	0.187291
-0.0855443	0.186982
-0.0701139	0.184836
-0.0802091	0.167233
-0.0771592	0.166502
-0.0741027	0.183771
-0.109476	0.259841
-0.0941164	0.216888
-0.0524611	0.161819
-0.0542094	0.133424
-0.0452874	0.107798
-0.0182637	0.111366
-0.0136327	0.107009
-0.035146	0.1133
-0.0443253	0.102837
-0.0553676	0.114769
-0.0307415	0.0972265
-0.00138037	0.103025
-0.0250315	0.130391
-0.0397421	0.138746
-0.0213349	0.140629
-0.0424265	0.156424
-0.0275472	0.187927
-0.0313404	0.179643
-0.000858064	0.163091
-0.0355611	0.18214
-0.0637476	0.145121
-0.135094	0.11606
-0.164855	0.117304
-0.162868	0.116963
-0.204571	0.0645558
-0.16127	0.0013878
-0.167246	0.0172597
-0.15868	0.0221542
-0.158236	0.0264275
-0.135259	0.0572223
-0.133121	0.048132
-0.119757	0.0166426
-0.130209	-0.016301
-0.151857	-0.000231645
-0.141686	0.00836087
-0.164854	-0.049356
-0.176859	-0.0959704
-0.205716	-0.086749
-0.165468	-0.0933963
-0.156412	-0.110087
-0.139117	-0.041247
-0.166556	-0.0332957
-0.166736	-0.0270626
-0.217306	-0.0348558
-0.205629	-0.00192616
-0.197972	-0.000454438
-0.16884	-0.00683541
-0.130068	0.0105781
-0.102786	-0.0618688
-0.131005	-0.0671001
-0.149643	-0.0598235
-0.153816	-0.15325
-0.178417	-0.113547
-0.208754	-0.102
-0.217946	-0.0968722
-0.160341	-0.0681256
-0.185313	-0.0751121
-0.187635	-0.0778126
-0.132265	-0.0751108
-0.178277	-0.0781784
-0.149996	-0.0654702
-0.16071	-0.0498892
-0.166068	-0.0413902
-0.154264	-0.0364816
-0.170762	-0.0353579
-0.147889	-0.0408181
-0.168314	-0.0460332
-0.173724	-0.0416878
-0.163493	-0.00131371
-0.149005	-0.00417957
