0.072211	-0.118013
0.0664307	-0.0929736
0.14296	-0.0893906
0.133194	-0.10832
0.11857	-0.0751891
0.123818	-0.0696874
0.121954	-0.0656527
0.144041	-0.0747532
0.144219	-0.0764872
0.14266	-0.0901299
0.145617	-0.0633807
0.135176	-0.0205326
0.0756267	0.0083233
0.152851	-0.0007351
0.0816143	0.0555612
0.0828518	0.0785332
0.0432534	0.0782572
0.0616651	0.0972488
0.08379	0.037973
0.0827879	0.0118707
0.0833288	0.016776
0.127273	0.0450809
0.131331	0.0445651
0.120452	0.0291559
0.143397	0.0236375
0.156129	0.0211765
0.173635	0.021597
0.169044	0.0087776
0.190636	0.0320745
0.155581	0.0636543
0.114139	0.0253032
0.0868826	0.044416
0.0412361	0.134543
0.0832394	0.123259
0.131925	0.0957691
0.114869	0.110854
0.110204	0.129825
0.111482	0.173606
0.0922203	0.220459
0.074912	0.212576
0.0211109	0.242544
0.0532103	0.252251
0.0366619	0.211954
0.0177764	0.203375
-0.0173782	0.203292
0.00516859	0.171359
0.0426227	0.125642
0.00855109	0.0781051
0.0485614	0.0913745
0.0432136	0.0985305
0.0228454	0.149532
-0.0163996	0.159536
-0.00662704	0.11294
-0.0225272	0.11334
-0.0406231	0.12619
-0.0156613	0.148004
-0.0173026	0.154511
-0.039029	0.131526
-0.0159667	0.13207
-0.0422155	0.14167
0.0141144	0.148245
-0.0330533	0.159094
-0.0273837	0.202638
-0.0254731	0.167069
-0.0420521	0.174251
0.0313833	0.129629
0.0362556	0.111935
-0.0154081	0.192975
-0.00609039	0.167934
-0.0198553	0.135203
-0.0158364	0.116326
0.0368534	0.199166
0.0125851	0.16167
0.0140906	0.136477
0.0447754	0.119794
0.0550386	0.109275
0.0710662	0.0398735
0.0897843	0.0221176
0.083571	0.0138394
0.072666	0.0547846
0.0742159	0.0824574
0.052715	0.0893289
0.0468147	0.0133522
0.035578	0.0395196
0.0293111	0.0670086
0.0586664	0.0195633
0.0720132	0.0250906
0.0699085	0.0283929
0.0807615	0.0603445
0.0833758	0.0699575
0.0422543	0.059845
0.0381337	0.0555441
0.036243	0.0946498
0.0605063	0.0816217
0.0509304	0.0570267
0.0436535	0.0579199
0.0505993	0.0439652
0.0557057	0.0477602
0.0512561	0.045272
0.0770137	0.0223706
0.117221	0.0152813
0.0804939	0.0649927
0.0792964	0.111331
0.075667	0.102936
0.0400118	0.0929391
0.00865026	0.108587
-0.0406577	0.166432
-0.0495524	0.165906
-0.0473745	0.180717
-0.0905193	0.154046
-0.0820767	0.1342
-0.0858783	0.118953
-0.100196	0.13885
-0.100651	0.123826
-0.0788631	0.132527
-0.0814095	0.12767
-0.0683188	0.0891233
-0.0679959	0.0678199
-0.113106	0.0401946
-0.148513	0.0628245
-0.153346	0.0374989
-0.158608	0.0194323
-0.132309	-0.0401596
-0.12913	-0.0447101
-0.132649	-0.0714215
-0.158796	-0.0384875
-0.177234	-0.0573488
-0.168356	-0.0669877
-0.170525	-0.0699718
-0.128528	-0.0740722
-0.148723	-0.100805
-0.122257	-0.0643287
-0.126726	-0.0665248
-0.144567	-0.120545
-0.147897	-0.0979
-0.147464	-0.0967727
-0.211495	-0.0920448
-0.18437	-0.0917601
-0.218015	-0.106379
-0.217972	-0.0993805
-0.266372	-0.126498
-0.243309	-0.132333
-0.204859	-0.203507
-0.190975	-0.182931
-0.153306	-0.123421
-0.154481	-0.117659
-0.133183	-0.116361
-0.158215	-0.129248
-0.14127	-0.11925
-0.134313	-0.124103
-0.137609	-0.0797417
-0.173209	-0.057823
-0.163418	-0.0639445
-0.195603	-0.0498281
-0.185598	-0.08557
-0.179772	-0.0903437
-0.173043	-0.0799567
-0.125302	-0.0637913
-0.132307	-0.0499887
-0.1319	-0.0507624
-0.149609	-0.0565436
-0.150933	-0.0500548
-0.140659	-0.00353164
-0.135462	-0.0252475
-0.124949	-0.0105832
-0.166	0.0085899
-0.147785	0.00177133
-0.130066	0.0100826
-0.118452	-0.00423796
-0.146419	0.0279998
-0.133395	0.0924063
-0.142118	0.0689061
-0.176087	0.0823578
-0.13116	0.0591565
-0.114079	0.0949451
-0.108704	0.0834006
-0.0858552	0.14397
-0.077133	0.129707
-0.0565061	0.122409
-0.0696048	0.118516
-0.0718962	0.106444
-0.0494575	0.139236
-0.0407924	0.134564
-0.0588976	0.128091
-0.0403032	0.0588675
-0.0443199	0.0695516
-0.0684781	0.0922413
-0.0647818	0.100548
-0.0913079	0.101852
-0.0669223	0.097064
-0.0727575	0.0929631
-0.0566514	0.0925045
-0.0804042	0.0970764
-0.0542493	0.113983
-0.0341607	0.150371
-0.0348736	0.15422
-0.0403762	0.153196
-0.024408	0.151717
-0.0244222	0.157925
0.021117	0.150682
-0.00774875	0.0913575
-0.00734051	0.0954435
-0.0661164	0.100887
-0.0750088	0.0440117
-0.0870729	0.0501484
-0.183883	0.0431118
-0.18115	0.0398752
-0.166964	0.0445469
-0.168593	0.0451697
-0.160786	0.0557614
-0.156635	-0.0191227
-0.174149	-0.0407256
-0.189285	-0.0713369
-0.144677	-0.0746559
-0.119814	-0.117324
-0.128444	-0.125036
-0.0932205	-0.144981
-0.0812425	-0.149844
-0.0899365	-0.165461
-0.0735006	-0.167757
-0.0715524	-0.190072
-0.11412	-0.174591
-0.101956	-0.215594
-0.0827333	-0.159595
-0.0353519	-0.17204
-0.0445472	-0.169203
-0.0137474	-0.198174
-0.00464377	-0.194409
0.0181665	-0.13693
-0.0103109	-0.17833
0.00767324	-0.231858
0.0121609	-0.207326
0.0140414	-0.220449
-0.0333422	-0.170255
-0.0391634	-0.189492
-0.0792059	-0.245787
-0.0729285	-0.220708
-0.0728743	-0.200822
-0.0496206	-0.176719
-0.072014	-0.167171
-0.0652705	-0.117371
-0.0693588	-0.120401
-0.0692368	-0.122658
-0.0683846	-0.117003
-0.0706404	-0.108215
-0.0835459	-0.105702
-0.0878574	-0.0876499
-0.047966	-0.129067
-0.0459438	-0.10004
-0.150327	-0.0891375
-0.112506	-0.0359855
-0.123639	-0.08271
-0.125292	-0.104356
-0.170185	-0.129027
-0.161817	-0.130554
-0.138608	-0.176351
-0.206707	-0.170491
-0.111507	-0.201022
-0.112343	-0.183493
-0.0937914	-0.184957
-0.116711	-0.21298
-0.166989	-0.166912
-0.148392	-0.15299
-0.144265	-0.142942
-0.159236	-0.130349
-0.149125	-0.130046
-0.172868	-0.132582
-0.145447	-0.122715
-0.122528	-0.213251
-0.0698941	-0.191686
-0.0583696	-0.195607
-0.0640074	-0.198282
-0.068072	-0.18934
-0.0848344	-0.166538
-0.047392	-0.147976
-0.0190182	-0.125045
0.00945919	-0.148679
-0.0235313	-0.143089
-0.063817	-0.121815
-0.0543846	-0.120714
-0.0674842	-0.132155
-0.127217	-0.160765
-0.148138	-0.143008
-0.13548	-0.144964
-0.126478	-0.143346
-0.155138	-0.140361
-0.159774	-0.0841166
-0.0927524	-0.0878613
-0.113814	-0.0956776
0.0157464	-0.160577
-0.00964793	-0.176393
0.0620168	-0.207657
0.0860279	-0.232226
0.0811403	-0.220029
0.0761986	-0.204668
0.078968	-0.24043
0.09198	-0.257806
0.0724146	-0.235606
0.0105053	-0.189849
0.00674721	-0.187117
-0.0213734	-0.138487
-0.0263247	-0.158762
-0.0319227	-0.15706
0.00269858	-0.138355
-0.0171499	-0.147107
0.0302316	-0.121083
0.0408593	-0.11682
0.0402399	-0.11954
0.0595707	-0.153302
0.0739637	-0.139824
0.0358223	-0.170856
0.0421724	-0.147852
0.036116	-0.151489
0.0179864	-0.194837
0.0197333	-0.188582
0.0450766	-0.204428
0.0598406	-0.196088
0.0438228	-0.203547
0.0323269	-0.226425
0.0386844	-0.213218
-0.000920114	-0.196026
-0.00047371	-0.216383
-0.0201619	-0.21763
0.057326	-0.255813
0.00650455	-0.234319
0.0358116	-0.189677
0.0421712	-0.178603
0.0741049	-0.201388
0.0963232	-0.167484
0.102458	-0.142542
0.127387	-0.16647
0.127792	-0.175894
0.121295	-0.172719
0.119644	-0.163401
0.114712	-0.157916
0.174317	-0.119294
0.192986	-0.0510343
0.180638	-0.11371
0.161448	-0.113031
0.146416	-0.142433
0.159511	-0.0991506
0.126658	-0.119673
0.136845	-0.0949029
0.143082	-0.109435
0.137954	-0.102472
0.152973	-0.158473
0.179277	-0.134286
0.256436	-0.118472
0.247418	-0.0707704
0.2395	-0.0184303
0.221966	-0.0295738
0.17234	-0.016019
0.170158	0.00250116
0.147556	0.00185521
0.0876738	-0.0297931
0.027895	-0.0256478
0.0634805	-0.0327592
0.081598	-0.0365667
0.07574	-0.00407589
0.0653257	0.0105664
0.0404744	0.0708898
0.0267831	0.0863254
0.0129182	0.105626
-0.0136927	0.142566
0.0342062	0.131203
0.0198834	0.0826589
0.0403467	0.0922522
0.110211	0.139046
0.0984772	0.155581
0.079331	0.110923
0.0849552	0.142059
0.0682692	0.184565
0.122573	0.19098
0.10573	0.159598
0.0878182	0.165777
0.0273223	0.195098
0.0185778	0.183865
0.0131504	0.210332
-0.0517594	0.219148
-0.041253	0.166055
-0.0354397	0.165242
-0.0318987	0.164405
-0.0163	0.178572
-0.0871483	0.113906
-0.116473	0.144569
-0.109073	0.125143
-0.113476	0.126601
-0.113954	0.144445
-0.101184	0.151749
-0.121124	0.163015
-0.117958	0.159203
-0.12485	0.132768
-0.148544	0.150068
-0.1354	0.0884229
-0.131235	0.0620389
-0.154507	0.0320864
-0.200771	0.0390242
-0.219156	0.0759033
-0.242406	0.0444734
-0.247096	0.0176964
-0.189509	-0.0267332
-0.186199	-0.0406848
-0.168422	-0.0372267
-0.189273	-0.0754414
-0.179599	-0.0735789
-0.198898	-0.0791214
-0.102121	-0.0448197
-0.167251	-0.0710696
-0.179746	-0.0986688
-0.169324	-0.0927872
-0.167628	-0.101495
-0.196444	-0.119508
-0.191475	-0.141539
-0.187659	-0.0925583
-0.20309	-0.155948
-0.163672	-0.111331
-0.153815	-0.110443
-0.103948	-0.0349343
-0.10977	-0.033005
-0.103797	-0.0960444
-0.105673	-0.0895819
-0.11235	-0.057392
-0.142004	-0.0795197
-0.136019	-0.0759494
-0.100845	0.00175793
-0.106115	0.0141166
-0.109981	0.0231046
-0.132391	0.0413359
-0.143926	0.06859
-0.1272	0.090401
-0.0889069	0.0574217
-0.0688469	0.0834517
-0.109043	0.140458
-0.0744031	0.130622
-0.0979554	0.182828
-0.0607483	0.201346
-0.0299989	0.228312
-0.0570115	0.181235
-0.0738794	0.201859
-0.0554554	0.191459
-0.0274844	0.186064
0.0205654	0.209587
-0.0128826	0.200291
0.0158275	0.143715
0.0424514	0.134721
0.0346131	0.12319
0.00283603	0.146887
-0.0107675	0.14646
-0.00397947	0.148926
0.00825723	0.125369
-0.0512996	0.0974651
-0.0447055	0.0969012
-0.0261305	0.115758
-0.0401803	0.131646
-0.0328116	0.134881
-0.0237055	0.151581
-0.0258611	0.164727
0.0209456	0.206326
0.0306877	0.181334
-0.02865	0.0958621
-0.0176728	0.0994662
-0.00856594	0.082337
-0.00779202	0.0873686
0.0444773	0.0662564
0.0454963	0.0817067
0.0521459	0.0923891
0.06915	0.112071
0.0680157	0.117955
0.0590653	0.138076
0.0805548	0.114066
0.0875827	0.129376
0.0611043	0.145167
0.052818	0.171001
0.0574404	0.164559
0.0729158	0.169638
0.0761567	0.194156
0.0745002	0.174165
0.053339	0.133359
0.0953438	0.126614
0.108082	0.138038
0.152741	0.120602
0.14196	0.122505
0.156911	0.132515
0.17541	0.135373
0.161059	0.133371
0.146436	0.134402
0.114761	0.16004
0.139881	0.14669
0.132823	0.142841
0.151831	0.116356
0.166533	0.0855827
0.180336	0.0507343
0.186344	0.106958
0.169279	0.110308
0.131076	0.105536
0.108807	0.0363362
0.0819546	0.0435635
0.0791084	0.0478675
0.0894017	0.0674878
0.115107	0.0735252
0.163576	0.108754
0.149264	0.128442
0.137644	0.139307
0.132419	0.149985
0.0698595	0.126652
0.0916304	0.0954583
0.124966	0.0849085
0.111289	0.126259
0.101131	0.125962
0.112223	0.113835
0.109916	0.138519
0.0695995	0.156974
0.0626492	0.156799
0.0398928	0.119984
-0.00324752	0.137264
-0.0663582	0.137289
-0.0220948	0.141108
-0.0444358	0.174618
-0.00443565	0.184367
0.0524954	0.17237
0.0666433	0.0966527
0.0164396	0.0887503
0.0342088	0.0989134
0.0483259	0.108208
0.0736824	0.123391
0.0490272	0.134984
0.0745945	0.146053
0.105178	0.0896596
0.0771331	0.0649631
0.0392781	0.0655546
0.0505689	0.0538077
0.0492566	0.0617555
0.0308327	0.112453
0.0425779	0.114454
0.0391051	0.114254
0.056512	0.140772
0.0750667	0.108454
0.099176	0.094132
0.0501481	0.130525
0.094289	0.182515
0.0810892	0.161892
0.12317	0.156388
0.130398	0.192926
0.100113	0.191049
0.0971503	0.17434
0.10982	0.147516
0.114957	0.140281
0.067324	0.131911
0.0193639	0.171603
-0.021129	0.161433
0.0157643	0.191035
0.00206956	0.165791
-0.00179522	0.179317
0.00484109	0.174111
0.00826589	0.174472
0.0119948	0.173506
-0.00562474	0.164854
-0.0217555	0.154474
-0.0172397	0.148316
-0.0751425	0.142898
-0.0679983	0.137702
-0.0638443	0.184497
-0.0669493	0.177102
-0.0728864	0.181032
-0.0527466	0.112396
-0.0478874	0.107434
-0.0488822	0.0950602
-0.0738141	0.111832
-0.102264	0.0819466
-0.106905	0.0591644
-0.0917392	0.0434582
-0.105365	0.0371996
-0.0722277	-0.0016724
-0.0779455	-0.103969
-0.0115072	-0.131502
0.0233365	-0.0976103
0.0358461	-0.119133
0.00327875	-0.12696
0.0104913	-0.20909
0.0104003	-0.205622
0.0111941	-0.225887
0.0444485	-0.260464
0.0747375	-0.240183
0.0732071	-0.167296
0.0656892	-0.11884
0.0665984	-0.122889
0.0844969	-0.122128
0.102076	-0.102806
0.105182	-0.108564
0.0982372	-0.0875051
0.0415445	-0.071649
0.0574353	-0.0877937
0.0610571	-0.0942863
0.0413499	-0.13351
-0.0405666	-0.133177
-0.044376	-0.141568
-0.0582273	-0.151258
-0.0540168	-0.070261
-0.0350929	-0.0568544
-0.0482377	-0.0859202
-0.00599765	-0.098031
-0.0143794	-0.108324
-0.0240669	-0.116754
0.0350834	-0.0801449
0.0554102	-0.105576
0.0772922	-0.131041
0.0680179	-0.162436
0.0613643	-0.136418
-0.00915947	-0.179199
-0.0145299	-0.191012
-0.0602447	-0.197229
0.000509112	-0.229708
0.0263254	-0.282908
0.0309548	-0.247218
0.0246008	-0.255517
0.0300507	-0.236797
0.00136907	-0.208052
-0.0177681	-0.195448
0.0293272	-0.167745
0.0171693	-0.158955
0.000587815	-0.155929
-0.0541074	-0.237001
-0.0127675	-0.246019
-0.0111588	-0.214602
-0.0144854	-0.129213
-0.0287843	-0.135603
-0.0491707	-0.1115
-0.0727118	-0.062467
-0.0834308	-0.0673772
-0.108068	-0.0771229
-0.101392	-0.0605524
-0.0763989	-0.040582
-0.0730843	-0.102199
-0.0806733	-0.102277
-0.099739	-0.140776
-0.121721	-0.131371
-0.105443	-0.077214
-0.140436	-0.0368019
-0.134614	-0.0296138
-0.111798	-0.0179589
-0.146372	-0.0432272
-0.151607	-0.0606047
-0.15063	-0.0136783
-0.141356	0.00841812
-0.126113	-0.018293
-0.142596	-0.00846948
-0.0704593	-0.0436087
-0.124566	-0.0490517
-0.143656	-0.0306787
-0.148075	-0.0339021
-0.164575	-0.0539856
-0.192247	-0.0764141
-0.214209	-0.0852716
-0.153582	-0.0238998
-0.150962	-0.038187
-0.162944	-0.0479496
-0.1337	-0.0423775
-0.105134	-0.0717033
-0.119712	-0.0919056
-0.138119	-0.0560709
-0.123212	-0.0643072
-0.119408	-0.0573265
-0.105105	-0.0865324
-0.100998	-0.0916148
-0.0881592	-0.10024
-0.04883	-0.0997748
-0.0870097	-0.0735988
-0.0937003	-0.0782291
-0.11616	-0.0642012
-0.125717	-0.0705115
-0.145562	-0.0922025
-0.141405	-0.104467
-0.135874	-0.124329
-0.117131	-0.166852
-0.108606	-0.164607
-0.0838229	-0.159844
-0.0843634	-0.152658
-0.0691503	-0.103471
-0.0599686	-0.11298
-0.0647638	-0.130839
-0.0786734	-0.143498
-0.0994263	-0.178466
-0.111981	-0.11416
-0.0958208	-0.114445
-0.115992	-0.147106
-0.0525504	-0.179696
-0.00562904	-0.222029
-0.0355716	-0.188092
-0.0255055	-0.23005
-0.0696094	-0.185404
-0.0976885	-0.163869
-0.0831132	-0.170057
-0.0354329	-0.19858
-0.088598	-0.204977
-0.0350301	-0.148428
0.0027237	-0.182549
0.0362488	-0.206951
-0.00472438	-0.200331
-0.0128249	-0.204057
0.00640524	-0.162821
0.0375074	-0.18232
0.0258362	-0.195646
0.0236936	-0.237065
0.0469312	-0.2109
0.0480547	-0.178595
0.0322939	-0.23778
0.0446252	-0.221188
0.0122045	-0.159534
0.0261507	-0.173065
0.0517757	-0.156479
0.0205995	-0.126996
0.0152938	-0.155391
0.0686665	-0.127992
0.0528903	-0.121694
0.0544473	-0.116323
0.0272518	-0.161463
0.053171	-0.158772
0.0689625	-0.154131
0.0902157	-0.14851
0.0648718	-0.109837
0.0717421	-0.105281
0.00521582	-0.165223
0.0286694	-0.168557
0.0285451	-0.0936943
0.0864149	-0.155135
0.0914664	-0.144894
0.101286	-0.136735
0.0464252	-0.148209
0.0454765	-0.169774
0.0226818	-0.163278
0.0342867	-0.151047
0.0159655	-0.134419
0.0866927	-0.150255
0.089091	-0.142479
0.0904965	-0.126737
0.149667	-0.0924467
0.157904	-0.11666
0.152927	-0.100554
0.156557	-0.104579
0.0978476	-0.0643842
0.110131	-0.0610795
0.0939655	-0.110424
0.123193	-0.14196
0.121114	-0.104836
0.163019	-0.120714
0.136103	-0.0937896
0.134468	-0.0876111
0.1477	-0.0661846
0.130096	-0.0349763
0.123571	-0.0391639
0.137616	-0.0537706
0.135875	-0.0493194
0.14679	-0.0363465
0.135857	-0.0251501
0.143528	-0.0152961
0.159995	0.00977796
0.157668	0.0137989
0.167616	0.0484029
0.122921	0.0689583
0.202982	0.0870099
0.183469	0.0871354
0.190698	0.0882921
0.19745	0.0835072
0.176693	0.103817
0.177767	0.0511514
0.16785	0.148771
0.124772	0.156553
0.0954929	0.144954
0.0918084	0.126397
0.0927432	0.134029
0.082835	0.155256
0.063107	0.164041
0.122609	0.102213
0.152453	0.100293
0.168394	0.0967785
0.171611	0.112653
0.214241	0.153135
0.211632	0.181085
0.187584	0.175156
0.125078	0.190222
0.147454	0.205131
0.122412	0.193249
0.0808968	0.187748
0.0739118	0.168279
0.0669234	0.128087
0.104522	0.23008
0.0996986	0.211585
0.107687	0.258961
0.112447	0.218893
0.105744	0.201787
0.0913184	0.196001
0.0207047	0.205675
0.0608894	0.214227
0.0614186	0.188448
-0.00777932	0.25137
0.0500086	0.278037
0.0522166	0.253245
0.00110549	0.269063
-0.0385335	0.232817
-0.028186	0.216192
-0.00559895	0.181465
0.0272018	0.177038
0.0636809	0.159043
0.0150775	0.173273
0.00567885	0.136027
0.00158104	0.110336
-0.000464893	0.0499896
0.0424866	0.092857
0.0549311	0.0936692
0.0542077	0.111837
0.0677999	0.118329
0.0182079	0.158865
0.0144946	0.185734
0.0361163	0.179741
0.060568	0.19305
0.0385417	0.200266
0.0781619	0.204016
0.0623311	0.205483
0.0545649	0.162232
0.0590847	0.18705
0.0429837	0.145921
0.0582742	0.157968
0.0565685	0.139874
0.0765548	0.150978
0.103017	0.15092
0.0857013	0.134758
0.127859	0.154303
0.129326	0.110329
0.107067	0.118905
0.0827796	0.122636
0.10366	0.153694
0.141697	0.186775
0.146024	0.16626
0.148439	0.155832
0.149247	0.14572
0.139307	0.188157
0.148201	0.178965
0.119034	0.153045
0.144506	0.157939
0.084638	0.164759
0.0750472	0.157557
0.0661374	0.194298
0.0625921	0.190403
0.0681465	0.168659
0.0518875	0.15917
0.0168099	0.147408
0.00849633	0.165545
0.0504426	0.156109
0.0315637	0.0984305
0.0348972	0.111609
0.0589068	0.108853
0.0897549	0.168566
0.0478654	0.186114
0.0304279	0.189168
0.0163567	0.151616
0.0294541	0.157295
0.0600263	0.133842
0.0648754	0.121567
0.0650514	0.0528583
0.0790035	0.0630565
0.142592	0.0388458
0.164686	0.0286833
0.136325	0.050475
0.128492	0.0362379
0.110541	0.0561443
0.126706	0.0583785
0.0855375	0.0834145
0.109013	0.0766054
0.108787	0.0659301
0.0681186	0.0556706
0.0843797	0.0682062
0.14731	0.0337242
0.123177	0.0282422
0.0747654	-0.0351495
0.0570033	-0.0257766
0.0827743	-0.0094677
0.0799551	-0.00852145
0.0457282	0.0314389
0.0679629	0.0574858
0.080649	0.104192
0.127507	0.101451
0.143084	0.119614
0.127463	0.13933
0.157905	0.096812
0.0974406	0.0983121
0.120068	0.075526
0.109762	0.0808565
0.117178	0.0772847
0.131007	0.0846837
0.0952091	0.0626866
0.128851	0.0791455
0.134628	0.0864583
0.154721	0.0163417
0.164036	-0.00362918
0.208556	0.0455329
0.162183	0.0817959
0.153342	0.102141
0.149133	0.0943984
0.141902	0.126554
0.138795	0.173307
0.136868	0.160556
0.124375	0.142347
0.102109	0.114796
0.157291	0.056691
0.195528	0.0920178
0.174893	0.103803
0.138767	0.112929
0.110805	0.101018
0.100856	0.115944
0.123195	0.13554
0.0929665	0.120656
0.0229689	0.174628
-0.00166154	0.199467
-0.0299127	0.191011
-0.0878433	0.114253
-0.0917961	0.114283
-0.0688462	0.102976
-0.08823	0.102603
-0.106206	0.1098
-0.120709	0.160216
-0.115917	0.151586
-0.0735589	0.197523
-0.0687971	0.184009
-0.088126	0.189046
-0.0820906	0.176511
-0.0852882	0.13878
-0.0579107	0.130946
-0.0741936	0.185797
-0.064357	0.175147
-0.050133	0.184235
0.0342771	0.142957
0.0375942	0.128651
0.0307616	0.194051
0.00394737	0.203706
0.0153873	0.190318
0.0144977	0.194879
0.01576	0.170978
0.0472096	0.0927128
0.0569365	0.0782871
0.0634636	0.0793977
0.0939877	0.0482503
0.0548295	-0.0361348
0.0778872	-0.0606831
0.0808474	-0.0636625
0.098888	-0.0910459
0.139935	-0.177229
0.159391	-0.139096
0.14192	-0.155371
0.123775	-0.150497
0.0908928	-0.154584
0.0890124	-0.144976
0.0797365	-0.14798
0.0263413	-0.173052
0.0910996	-0.184569
0.071223	-0.167426
0.0533208	-0.169862
0.0417954	-0.168887
0.0462841	-0.160198
0.0357883	-0.161458
0.0249562	-0.155083
0.0635356	-0.103544
0.128215	-0.0555445
0.159894	-0.057969
0.170619	-0.0857036
0.118072	-0.108951
0.117686	-0.121114
0.115104	-0.148397
0.0549495	-0.164797
0.0334188	-0.137513
0.030686	-0.143572
-0.0550283	-0.151239
-0.0563001	-0.12904
-0.0404061	-0.105343
-0.0608801	-0.11332
-0.0693928	-0.13528
-0.0366576	-0.133368
-0.0400698	-0.112897
0.0334348	-0.110212
0.00920136	-0.139666
0.0197328	-0.166861
0.0528684	-0.0902985
0.0545691	-0.108838
0.0513183	-0.114761
0.0824993	-0.112478
0.116046	-0.091616
0.152421	-0.0496627
0.204629	-0.087429
0.1663	-0.106591
0.102072	-0.189538
0.117231	-0.172273
0.177489	-0.108689
0.166374	-0.105525
0.193935	-0.0762816
0.160937	-0.047574
0.172231	-0.092957
0.153983	-0.153973
0.13356	-0.15233
0.124008	-0.144719
0.141661	-0.0994721
0.133973	-0.101586
0.125806	-0.0850158
0.141175	-0.0659991
0.151773	-0.0745407
0.115027	-0.0799407
0.103516	-0.068574
0.126659	-0.0633482
0.119695	-0.0689969
0.0997262	-0.0481489
0.00300687	-0.0368917
0.00497552	-0.0622583
0.0355974	-0.0865144
0.0443924	-0.142475
0.0316581	-0.131149
0.0564298	-0.151019
0.110915	-0.170194
0.117587	-0.131062
0.116674	-0.120779
0.135466	-0.120594
0.121186	-0.15044
0.121495	-0.126599
0.125796	-0.148838
0.242709	-0.197905
0.294806	-0.111448
0.265592	-0.104029
0.223811	-0.109497
0.20454	-0.107985
0.194805	-0.107806
0.112343	-0.0873837
0.0815951	-0.100079
0.0217176	-0.0808155
0.0366649	-0.102682
0.0221489	-0.0970162
0.04915	-0.0822485
0.0384931	-0.0911374
0.0546096	-0.0911903
0.0623108	-0.0987072
0.0815246	-0.11277
0.0715468	-0.112253
-0.0119852	-0.171872
0.0227125	-0.182451
-0.00113591	-0.161558
0.00665282	-0.1609
0.020601	-0.213352
0.0938439	-0.20035
0.0726608	-0.210932
0.0802673	-0.187068
0.115564	-0.17513
0.115027	-0.195107
0.116491	-0.182793
0.0790988	-0.168547
0.11608	-0.151146
0.123123	-0.124962
0.108108	-0.140709
0.074042	-0.199292
0.0692632	-0.216405
0.0647129	-0.210623
0.0674692	-0.200975
0.0856671	-0.163142
0.0938175	-0.151315
0.0962431	-0.115182
0.0972226	-0.113858
0.105599	-0.137807
0.0377686	-0.144277
0.0417059	-0.143288
0.0285717	-0.151738
0.0130556	-0.139566
0.0653103	-0.109793
0.0656938	-0.117063
0.0390337	-0.123451
0.0185672	-0.100171
0.0380249	-0.219498
0.0791132	-0.226777
0.0658943	-0.236116
0.0606659	-0.226557
0.102457	-0.194099
0.115783	-0.18653
0.103967	-0.172042
0.0765653	-0.138214
0.0509922	-0.153189
0.17495	-0.19392
0.232769	-0.196633
0.194346	-0.192711
0.142595	-0.197357
0.130354	-0.198337
0.111316	-0.149593
0.0553794	-0.213137
-0.025135	-0.189214
-0.0806088	-0.154291
-0.101587	-0.206536
-0.11409	-0.184376
-0.104779	-0.171517
-0.0969923	-0.153403
-0.112087	-0.166045
-0.0807511	-0.182966
-0.0979329	-0.148027
-0.0871237	-0.128637
-0.0799831	-0.175098
-0.114312	-0.109773
-0.114456	-0.115157
-0.101321	-0.152186
-0.11036	-0.160586
-0.103182	-0.159299
-0.0773918	-0.17835
-0.0710507	-0.160742
-0.0593837	-0.189462
0.0233464	-0.19786
0.0362233	-0.145348
0.0141144	-0.125364
0.0148798	-0.115352
-0.0362264	-0.106725
-0.0756692	-0.0814585
-0.0674737	-0.0843959
-0.0724694	-0.0977412
-0.0622525	-0.0670616
-0.0874023	-0.073568
-0.0691361	-0.0743573
-0.0747361	-0.099571
-0.0774095	-0.106262
-0.0816479	-0.120386
-0.0508499	-0.114028
-0.0374439	-0.0770983
-0.0714345	-0.0765325
-0.0701562	-0.0852183
-0.0789034	-0.0759517
-0.0839456	-0.0831166
-0.201774	-0.0743549
-0.213995	-0.0663467
-0.181151	-0.0927292
-0.162309	-0.0695702
-0.121781	-0.0874834
-0.124573	-0.0997957
-0.121965	-0.106004
-0.11691	-0.113163
-0.108325	-0.0754133
-0.101717	-0.0841622
-0.101367	-0.0937561
-0.0795794	-0.106726
-0.125355	-0.198407
-0.141527	-0.176219
-0.13514	-0.159601
-0.117411	-0.157897
-0.113268	-0.169166
-0.129827	-0.138244
-0.101748	-0.117357
-0.0474912	-0.0655255
-0.0412226	-0.0879961
-0.0276236	-0.103054
-0.033525	-0.114041
-0.00227092	-0.158401
-0.0225149	-0.140594
-0.0211682	-0.185336
-0.0832498	-0.216325
-0.096292	-0.238368
-0.136048	-0.21368
-0.158615	-0.273372
-0.13732	-0.24897
-0.131522	-0.206803
-0.112672	-0.180199
-0.0971997	-0.181896
-0.0864598	-0.175385
-0.105918	-0.179472
-0.096441	-0.191259
-0.0819746	-0.168983
-0.0893317	-0.149859
-0.158056	-0.191692
-0.147133	-0.177469
-0.104029	-0.160099
-0.0991916	-0.180703
-0.077086	-0.177678
-0.0364481	-0.151675
-0.0334918	-0.165755
0.0157748	-0.172867
0.0709386	-0.140819
0.154846	-0.145157
0.181173	-0.0845858
0.165756	-0.109404
0.164152	-0.0854031
0.202133	-0.0942332
0.183465	-0.105999
0.116896	-0.0828274
0.104193	-0.0564836
0.179324	-0.0577442
0.218015	-0.0860272
0.219485	-0.0875372
0.214291	-0.0933877
0.195375	-0.0969868
0.175306	-0.0822849
0.226807	-0.0941875
0.214582	-0.10825
0.234106	-0.0681654
0.22492	-0.0367839
0.175616	-0.0285348
0.134972	-0.0326811
0.191915	-0.0410698
0.137397	-0.0488456
0.105097	-0.0599176
0.0948521	-0.0603407
0.0973767	-0.0827523
0.0986686	-0.0754931
0.155787	-0.128703
0.0879075	-0.184294
-0.0130734	-0.201004
-0.00764642	-0.194747
0.0269764	-0.160158
0.0696744	-0.224902
0.0619627	-0.1976
0.0648147	-0.179841
0.0566777	-0.188317
0.0461799	-0.198362
0.0486221	-0.171706
0.0540311	-0.184872
0.0528854	-0.178073
0.0691292	-0.22026
0.0669902	-0.198569
0.0516053	-0.21189
0.0357616	-0.211172
0.0249502	-0.213386
0.00461058	-0.113086
0.0443339	-0.0829281
0.162422	-0.109246
0.121178	-0.110803
0.107033	-0.181733
0.101686	-0.175034
0.0746929	-0.175519
0.0287316	-0.171154
-0.00570417	-0.192815
0.014651	-0.211057
-0.00180893	-0.184756
0.0101017	-0.169125
0.0357582	-0.107943
0.0367032	-0.12875
0.0459171	-0.217638
0.0636919	-0.178315
0.055844	-0.20111
0.0564792	-0.211822
0.0820241	-0.187852
0.0920024	-0.190326
0.0878522	-0.174379
0.114684	-0.124317
0.129582	-0.132268
0.130029	-0.156666
0.12288	-0.151118
0.0999557	-0.144289
0.102036	-0.158516
0.155791	-0.112364
0.138214	-0.111766
0.124741	-0.085315
0.135284	-0.0598547
0.152375	-0.0651585
0.147937	-0.0785361
0.161431	-0.131196
0.15966	-0.0956727
0.146833	-0.110389
0.149243	-0.129597
0.133111	-0.1369
0.0927878	-0.134633
0.0783129	-0.137864
0.0519996	-0.123355
0.0387157	-0.12626
0.0555838	-0.210056
0.0549588	-0.197874
0.0237828	-0.169346
0.0377963	-0.153558
0.0445884	-0.134291
0.0408935	-0.146661
0.0515162	-0.119815
0.0799119	-0.125206
0.0928978	-0.112147
0.10732	-0.12995
0.129074	-0.123532
0.101393	-0.131431
0.0903524	-0.129076
0.0512149	-0.11841
0.0531373	-0.112279
0.0558447	-0.124774
0.0585471	-0.134268
0.0385702	-0.131152
0.0414868	-0.230934
0.0380217	-0.184958
0.0197115	-0.153956
0.0280882	-0.162934
0.0246964	-0.161787
0.0786834	-0.158095
0.0251552	-0.125631
0.0291264	-0.136423
0.0091733	-0.130014
-0.00927686	-0.0974561
-0.0237124	-0.0700901
-0.00419222	-0.0926712
0.0167962	-0.0789832
0.0313812	-0.0926369
-0.000773941	-0.0798025
0.0053524	-0.0677691
0.00144924	-0.0580819
-0.0177747	-0.207631
-0.00880316	-0.161599
-0.000149056	-0.165202
0.00265953	-0.166936
-0.0383055	-0.15116
-0.0268956	-0.154059
-0.0337226	-0.161367
-0.011031	-0.120816
0.00329905	-0.174118
0.061146	-0.141204
0.0559529	-0.135623
0.0782874	-0.118244
0.0831636	-0.133697
0.088654	-0.0996977
0.00502964	-0.123881
0.0269709	-0.105231
0.015454	-0.116761
0.0208348	-0.123049
0.0264911	-0.127117
-0.00423888	-0.0717333
0.00737322	-0.086894
0.00646054	-0.101684
0.0664302	-0.0563921
0.0739441	-0.0894773
0.0805774	-0.104017
0.0474908	-0.107963
0.0558551	-0.121047
0.0754029	-0.113665
0.0431309	-0.137737
0.0486098	-0.160995
0.0837592	-0.172973
0.00180873	-0.123211
0.00187906	-0.1239
0.0465245	-0.202137
0.0991669	-0.193455
0.0806978	-0.183153
0.0403627	-0.168134
0.0459658	-0.167688
0.0038535	-0.148504
0.00233395	-0.14645
-0.0278485	-0.170835
0.0354981	-0.146765
-0.0157539	-0.153286
-0.0414489	-0.157445
-0.0467529	-0.154783
-0.0047795	-0.125737
-0.0122539	-0.133098
-0.025584	-0.123001
-0.064694	-0.152972
-0.085728	-0.16362
-0.088674	-0.141528
-0.0313485	-0.112824
-0.0323582	-0.103731
-0.0201723	-0.12487
-0.0211511	-0.123289
-0.0210658	-0.138416
-0.0164113	-0.134259
-0.0197379	-0.043436
-0.0733255	-0.0593625
-0.0672356	-0.0676651
-0.0644378	-0.0863833
-0.0636753	-0.0996991
-0.0825449	-0.16075
-0.0861654	-0.151221
-0.0335196	-0.176116
-0.0119369	-0.205023
0.00573564	-0.180445
0.0287761	-0.175331
0.00534908	-0.176876
-0.0349906	-0.224498
-0.0596837	-0.234598
-0.00181499	-0.302083
-0.0184928	-0.266078
-0.0221888	-0.2511
0.0045609	-0.221333
-0.0428295	-0.217032
-0.0368376	-0.206494
-0.023727	-0.225313
-0.0361379	-0.198659
-0.0473088	-0.160492
-0.0529404	-0.162865
-0.0170813	-0.131218
-0.00331515	-0.118589
-0.0169026	-0.113351
0.0350256	-0.153315
0.0979388	-0.129835
0.105692	-0.100703
0.0719609	-0.0823478
0.0728803	-0.104064
0.101355	-0.132109
0.0920785	-0.131229
0.123008	-0.140254
0.106811	-0.212045
0.0976028	-0.200017
0.129465	-0.162637
0.124445	-0.164587
0.109671	-0.139143
0.0384989	-0.219268
0.0468263	-0.209514
0.0515456	-0.208935
0.0438457	-0.211783
0.0854311	-0.180942
0.101672	-0.197875
0.0981376	-0.185667
0.0790763	-0.159521
0.0848292	-0.142225
0.0872933	-0.145656
0.0730575	-0.165999
0.110834	-0.134425
0.110259	-0.119151
0.117487	-0.106638
0.152841	-0.093509
0.137924	-0.0981266
0.140775	-0.100253
0.140814	-0.0797442
0.142659	-0.0682105
0.137426	-0.0838374
0.186206	-0.0544826
0.205456	-0.0690612
0.239154	-0.0378468
0.223237	-0.0360619
0.228934	0.0559235
0.213831	0.0465621
0.196648	0.035344
0.190241	0.0212837
0.233942	0.0262189
0.165396	0.0428661
0.173476	0.0700862
0.171223	0.0571574
0.180751	0.0161024
0.201881	0.0219995
0.202215	0.0134685
0.171531	-0.064285
0.176375	-0.0953165
0.154126	-0.101405
0.140862	-0.0831731
0.132773	-0.0778781
0.123855	-0.0275743
0.085864	-0.0256887
0.143498	-0.0902604
0.157222	-0.0855468
0.160751	-0.111145
0.152065	-0.110035
0.159941	-0.0770949
0.176424	-0.0101887
0.170556	-0.00531266
0.120789	0.0186777
0.132759	-0.051887
0.152122	-0.0296506
0.142571	-0.0275769
0.102124	-0.0414549
0.111976	-0.0205347
0.0840148	0.0286039
0.0915809	0.0340849
0.102819	0.0470667
0.148841	0.0955776
0.164139	0.0710147
0.141691	0.0706508
0.142893	0.0716985
0.134229	0.0748192
0.134708	0.0783397
0.119078	0.0942219
0.12444	0.112789
0.117447	0.103761
0.116854	0.103665
0.146482	0.134353
0.103393	0.14427
0.0694182	0.120536
0.0890221	0.088727
0.091143	0.100463
0.152284	0.119967
0.175894	0.0699953
0.116312	0.0712806
0.0853876	0.105173
0.156416	0.0228535
0.1459	0.060128
0.159689	0.0584157
0.142954	0.0446955
0.0948411	0.0576688
0.122387	0.115118
0.0740331	0.196836
0.0454186	0.185593
0.0484098	0.177546
0.053922	0.191729
0.112939	0.175252
0.153606	0.213285
0.13802	0.192016
0.125645	0.182301
0.153037	0.189484
0.113806	0.226376
0.151404	0.223359
0.11981	0.227117
0.0445038	0.122787
0.108319	0.139692
0.0888505	0.123244
0.120233	0.113092
0.136429	0.127356
0.112642	0.13853
0.180229	0.118082
0.146643	0.154091
0.18379	0.126438
0.20202	0.139213
0.227098	0.106058
0.206027	0.0853306
0.141483	0.163939
0.0849408	0.20387
