0.102255	-0.103122
0.105101	-0.104767
0.125825	-0.137956
0.143369	-0.133709
0.0602069	-0.0749366
0.056472	-0.110455
0.0453992	-0.113081
0.0264988	-0.113945
0.0187207	-0.128597
-0.0390335	-0.0972093
-0.0450843	-0.10392
-0.0484809	-0.112886
-0.0584357	-0.10885
-0.0555482	-0.141027
-0.0519431	-0.130649
-0.0787629	-0.126444
-0.113922	-0.131884
-0.122649	-0.149592
-0.0964618	-0.0935207
-0.125062	-0.095858
-0.161629	-0.0931974
-0.157107	-0.0903508
-0.156371	-0.0953922
-0.105605	-0.123003
-0.104837	-0.100713
-0.153419	-0.11889
-0.14683	-0.0377941
-0.161929	-0.0180716
-0.140528	-0.113077
-0.15356	-0.0593568
-0.172838	-0.0532915
-0.159111	-0.0542845
-0.183907	-0.0496147
-0.190879	-0.0500125
-0.188311	-0.0547612
-0.187091	-0.056737
-0.193992	-0.06037
-0.232786	-0.0900534
-0.222116	-0.0826477
-0.186899	-0.0536609
-0.199312	-0.0259157
-0.198277	-0.00877827
-0.184326	-0.00392893
-0.195505	0.0239766
-0.156391	0.0364334
-0.16534	-0.0182219
-0.159768	-0.0418305
-0.154185	-0.0984266
-0.172792	-0.0852097
-0.176712	-0.067748
-0.171362	-0.0645273
-0.167798	-0.0616779
-0.145941	-0.0705388
-0.136412	-0.0833253
-0.138705	-0.0944883
-0.13227	-0.0865041
-0.0876654	-0.114084
-0.110539	-0.0719277
-0.122388	-0.0953081
-0.136609	-0.0930864
-0.161283	-0.0971253
-0.184633	-0.116222
-0.212652	-0.0759992
-0.210053	-0.0694547
-0.235826	-0.0517426
-0.272232	-0.0856725
-0.256683	-0.108642
-0.209122	-0.0304718
-0.120393	-0.0361566
-0.110952	-0.00482711
-0.120982	-0.0117808
-0.13454	-0.0233336
-0.116701	-0.0100881
-0.191439	0.0673165
-0.208016	0.0514716
-0.221734	0.0477709
-0.251007	0.073217
-0.248512	0.0999315
-0.217493	0.0962256
-0.196631	0.0951317
-0.188108	0.0993654
-0.174525	0.0962832
-0.164604	0.0840787
-0.150229	0.0990828
-0.143384	0.0995064
-0.140176	0.09103
-0.192936	0.0498169
-0.175538	0.00393749
-0.179893	-0.00613871
-0.174411	-0.00682315
-0.171012	-0.0623622
-0.1231	-0.0597641
-0.119644	-0.0392687
-0.159605	-0.00681258
-0.140994	-0.0118307
-0.142204	-0.0134152
-0.101048	-0.0527441
-0.0979834	0.00872885
-0.110788	-0.00661801
-0.109822	-0.0013874
-0.110572	-0.0548274
-0.126313	-0.0743855
-0.128513	-0.0391685
-0.147834	-0.0574003
-0.191352	-0.0314253
-0.202075	-0.089186
-0.172086	-0.107491
-0.163552	-0.114649
-0.157317	-0.105939
-0.13311	-0.141634
-0.0906314	-0.119272
-0.0807198	-0.151724
-0.0953212	-0.0973528
-0.116327	-0.125674
-0.115755	-0.115678
-0.120076	-0.109447
-0.141256	-0.0591526
-0.132129	-0.059625
-0.117751	-0.0516461
-0.0630021	-0.0858119
-0.0285701	-0.0973198
0.00203972	-0.10606
-0.000980729	-0.0595758
0.0128364	-0.133792
0.0517574	-0.125052
0.0680066	-0.12682
0.114157	-0.166356
0.116337	-0.159732
0.117031	-0.156827
0.133561	-0.145109
0.117787	-0.166027
0.129816	-0.149485
0.106636	-0.166725
0.102329	-0.14974
0.108351	-0.141037
0.1092	-0.146163
0.100331	-0.150222
0.116507	-0.124806
0.131938	-0.108436
0.156404	-0.0989837
0.15705	-0.097252
0.136852	-0.193769
0.128453	-0.172383
0.104491	-0.109234
0.106432	-0.110915
0.0925637	-0.123032
0.0842891	-0.0773027
0.0881769	-0.127277
0.0159939	-0.127971
-0.0087865	-0.163062
0.0599123	-0.164348
0.067891	-0.169161
0.0495542	-0.131657
0.01967	-0.241521
0.0568657	-0.224132
0.0653594	-0.200771
0.0594884	-0.201654
0.0611504	-0.194165
0.0391984	-0.201283
0.0352902	-0.191661
0.0296799	-0.152754
0.0320785	-0.166834
0.076906	-0.100033
0.0585537	-0.0662406
0.0474201	-0.0633245
0.0757992	-0.0529663
0.164387	-0.0816623
0.162253	-0.04956
0.200054	0.00944567
0.199954	-0.030919
0.182485	-0.0409271
0.166364	-0.0504901
0.161936	-0.0233658
0.143978	-0.0527721
0.169151	-0.0330906
0.158279	-0.0350531
0.142091	0.00223708
0.176388	0.0563216
0.150149	0.118226
0.198754	0.087512
0.180363	0.0833315
0.168849	0.10335
0.176353	0.117081
0.16927	0.133729
0.142473	0.177026
0.120486	0.151681
0.0833615	0.148618
0.0664014	0.116281
0.0541774	0.144537
0.0584414	0.200971
0.0688388	0.183251
0.0414214	0.150475
0.0592156	0.151536
0.0534238	0.153733
0.0209434	0.161393
-0.0390167	0.131806
-0.0360787	0.152867
-0.0320267	0.166624
0.00737039	0.134509
0.0230684	0.122619
0.00502255	0.161063
-0.0091226	0.149669
-0.0204103	0.152118
-0.00816171	0.112366
-0.0155519	0.0914967
-0.0293448	0.131936
-0.00477351	0.135142
-0.0314308	0.104873
-0.0319051	0.126058
-0.0216157	0.122084
-0.133739	0.183124
-0.149567	0.133427
-0.144149	0.122124
-0.129007	0.160238
-0.167818	0.168915
-0.192611	0.0642352
-0.24866	0.0144248
-0.235329	0.00992832
-0.193564	0.00126456
-0.205937	0.00362065
-0.184694	0.00609247
-0.194707	0.0185728
-0.131509	0.0496647
-0.10927	0.0828929
-0.115146	0.0906728
-0.108605	0.100229
-0.0717516	0.109052
-0.107015	0.119296
-0.0941594	0.0591452
-0.109319	0.0402002
-0.152599	0.0313428
-0.112862	0.0637344
-0.100675	0.113782
-0.091046	0.130564
-0.110821	0.099235
-0.129275	0.0813733
-0.188693	0.0401819
-0.172301	0.0815569
-0.184346	0.105545
-0.17849	0.0964504
-0.0852633	0.112577
-0.0537594	0.162005
-0.0454771	0.153669
-0.033479	0.145137
-0.0695846	0.217667
-0.0373712	0.215044
-0.0285449	0.19703
0.0391406	0.238466
0.0335908	0.222939
0.0324155	0.220545
0.026758	0.263686
0.0611456	0.216853
0.0515176	0.206043
0.0658614	0.170856
0.0626888	0.166422
0.0607951	0.149373
0.0300833	0.168843
0.0347443	0.179159
-0.0127852	0.13366
0.000281434	0.151195
0.0111822	0.175519
0.0860338	0.248741
0.0680267	0.22551
0.0426201	0.192298
0.0391611	0.158251
0.0409584	0.162887
0.0456363	0.158751
-0.00706536	0.144749
0.0116093	0.145559
0.0945509	0.161799
0.0830433	0.144863
-0.00106492	0.185473
0.0156844	0.175673
0.0192423	0.170166
0.0329193	0.162566
0.0537619	0.151399
0.105877	0.168454
0.0644067	0.176085
0.0714951	0.160971
0.0765302	0.15236
0.0787797	0.152767
0.0955314	0.151401
0.196462	0.123402
0.179776	0.116053
0.165285	0.112179
0.158241	0.176424
0.0972224	0.0958589
0.11357	0.101563
0.170868	0.0538611
0.177158	0.0373154
0.152653	0.0493372
0.14451	0.0553987
0.14506	0.0448773
0.139833	0.0595128
0.0830564	0.0652637
0.0386049	0.0449244
0.0414172	0.0712895
0.0501902	0.0830843
0.0529274	0.0445074
0.0423177	0.0803609
0.0668786	0.0538178
0.101367	0.0662885
0.0627213	0.0769235
0.0605689	0.0817784
0.0684154	0.0935851
0.0618139	0.100236
0.0414007	0.0870502
0.0441257	0.0347916
0.0564319	0.0531594
0.042058	0.0905538
-0.00767952	0.096424
0.0452962	0.0981626
0.00755724	0.0840639
0.0274359	0.0868104
-0.0117596	0.162841
0.0244762	0.154609
0.0366656	0.150407
0.0447265	0.137816
0.0317615	0.122985
0.0196138	0.0903139
-0.00271589	0.0757367
0.023779	0.0835683
0.120437	0.139773
0.108932	0.141756
0.133142	0.161434
0.120681	0.165021
0.123902	0.151875
0.116927	0.135348
0.110721	0.137512
0.108132	0.132182
0.111607	0.126599
0.109005	0.0734505
0.114937	0.075664
0.10552	0.0272972
0.114497	0.00406393
0.130222	0.0174057
0.0597101	0.0891796
0.0711601	0.0950583
0.069423	0.0941703
0.0767717	0.0878213
0.0708621	0.0777742
0.0811033	0.0803853
0.0959114	0.09649
0.139069	0.0660474
0.106443	0.109006
0.114179	0.0858972
0.0834334	0.105823
0.101789	0.123576
0.100199	0.0904536
0.0716286	0.099331
0.118328	0.0943454
0.114432	0.0193876
0.0518233	-0.0202374
0.0559872	-0.0330978
0.0357274	-0.0413164
0.0516118	-0.04882
0.0633906	-0.068028
0.0927002	-0.0705237
0.118253	-0.0416651
0.104564	-0.037997
0.128622	-0.0272316
0.129241	-0.0772174
0.0763555	-0.0442094
0.0920693	-0.0408729
0.0865199	0.0550397
0.107942	0.036178
0.0867157	0.0744872
0.0718792	0.0891748
0.0900218	0.117656
0.114964	0.0759851
0.132406	0.0820069
0.158052	0.0408984
0.19005	-0.00964881
0.183153	-0.0163376
0.208695	4.86055e-05
0.194649	0.0253921
0.207141	-0.00925509
0.240658	-0.000868707
0.261143	0.0195806
0.251261	0.0367916
0.203629	0.0318494
0.232107	0.0174146
0.203817	0.0326955
0.205575	-0.000669997
0.248117	0.0207879
0.229358	0.0250055
0.225572	0.0276532
0.235246	0.050763
0.244259	0.105057
0.215651	0.0490232
0.170485	0.0325417
0.16274	0.0632516
0.147809	0.103375
0.22065	0.116411
0.21377	0.0987376
0.198412	0.108516
0.189997	0.0903303
0.127251	0.0882221
0.113299	0.0717644
0.124024	0.0667733
0.170358	0.081935
0.0972406	0.0348312
0.119152	0.0100684
0.187234	0.0156881
0.180842	0.0392704
0.145453	0.0265856
0.101932	0.0365132
0.118614	0.0165472
0.0832832	0.0216689
0.135155	0.00560102
0.0895038	-0.0496665
0.0886116	-0.0554994
0.119407	-0.0592015
0.116167	-0.0178685
0.135874	-0.0317763
0.156405	-0.0339216
0.150167	-0.0500159
0.170849	-0.0184513
0.163024	0.0198406
0.150133	0.0384394
0.148377	0.0309885
0.165381	0.0190827
0.15715	0.0165603
0.161197	0.00771637
0.164944	-0.0318927
0.164635	-0.0225126
0.101158	-0.0748153
0.0416506	-0.0789374
0.0313535	-0.105648
-0.044544	-0.107803
-0.0471579	-0.114359
-0.0270404	-0.0949954
-0.0189473	-0.0671632
7.55942e-05	-0.0750144
-0.0062938	-0.0350749
-0.00524763	-0.0564548
-0.0117889	-0.0196524
-0.04382	-0.115422
-0.047149	-0.126488
-0.0337204	-0.135711
-0.0348508	-0.141359
-0.0401842	-0.135917
-0.00802591	-0.16369
-0.0225244	-0.150589
-0.0558145	-0.149205
-0.0839389	-0.135344
-0.0910754	-0.111178
-0.0857128	-0.104939
-0.0835833	-0.107624
-0.0655254	-0.102859
-0.0850894	-0.0938647
-0.0893581	-0.0713282
-0.0463772	-0.0594545
-0.0565121	-0.0619565
-0.0276907	-0.0780791
-0.0254846	-0.0957944
-0.0086752	-0.0845061
-0.00315941	-0.0268739
0.0462549	-0.0929272
0.0151367	-0.111503
-0.0461227	-0.120873
-0.0475339	-0.131099
-0.0513214	-0.137135
-0.00683716	-0.208841
-0.0373501	-0.140897
-0.0993191	-0.108364
-0.0960569	-0.113521
-0.113709	-0.1608
-0.109841	-0.156593
-0.0889678	-0.250085
-0.077542	-0.221337
-0.0720524	-0.201536
-0.0824957	-0.134555
-0.080858	-0.134817
-0.0946575	-0.152852
-0.0833222	-0.122669
-0.0843166	-0.129147
-0.0825329	-0.130488
-0.0794687	-0.131014
-0.00625349	-0.0764106
-0.0707332	-0.129978
-0.0659794	-0.158642
-0.0616494	-0.160507
-0.128287	-0.193851
-0.144293	-0.165748
-0.143899	-0.0449325
-0.139697	-0.0492311
-0.129198	-0.0776049
-0.131026	-0.0852119
-0.0974344	-0.151264
-0.0657661	-0.139928
-0.0493367	-0.127691
-0.0515179	-0.0862728
-0.0523036	-0.0787408
-0.0731146	-0.0942747
-0.0744694	-0.102602
-0.0620634	-0.170765
-0.062504	-0.16198
-0.0765822	-0.177915
-0.114788	-0.102703
-0.0871565	-0.0552779
-0.0904518	-0.0502201
-0.0761921	0.000371529
-0.072669	-0.00540508
-0.0955987	-0.00141126
-0.125854	-0.0296606
-0.0938356	-0.0362702
-0.100216	-0.0455831
-0.0334765	0.013985
-0.0673902	0.00570894
-0.136299	0.0236822
-0.147811	-0.0263113
-0.149102	-0.0402959
-0.164983	0.0106187
-0.165703	0.0107465
-0.156442	-0.00361841
-0.152831	-0.00707893
-0.139614	-0.0049373
-0.13427	-0.00587371
-0.162025	-0.0131851
-0.144916	-0.0299984
-0.131483	-0.012418
-0.131367	-0.024757
-0.0698304	-0.118941
-0.0811986	-0.108374
-0.0563173	-0.132793
-0.0821766	-0.122891
-0.0785239	-0.127865
-0.105472	-0.17107
-0.108108	-0.171814
-0.09409	-0.148348
-0.0391481	-0.130125
-0.0400672	-0.159716
-0.0373175	-0.158089
-0.0452563	-0.162437
-0.0413169	-0.182398
-0.0318085	-0.154655
-0.01466	-0.191932
-0.0360662	-0.166485
-0.0494782	-0.157456
0.00785966	-0.148088
-0.00428916	-0.134457
-0.0162231	-0.134767
-0.0297103	-0.128864
-0.11043	-0.113449
-0.112684	-0.109855
-0.0999861	-0.154101
-0.0437955	-0.13096
-0.0569922	-0.129272
-0.0654717	-0.197505
-0.0889035	-0.194924
-0.0929816	-0.179181
-0.0121945	-0.184265
-0.0562176	-0.197437
-0.0551415	-0.146541
-0.0553336	-0.163352
-0.0504502	-0.146307
-0.11456	-0.0964994
-0.143173	-0.0712161
-0.148737	-0.0239027
-0.113744	-0.067489
-0.115739	-0.068258
-0.0333325	-0.0332191
-0.0187612	-0.00601047
-0.0539189	-0.0256658
-0.0661492	-0.0776298
-0.0863182	-0.0902008
-0.0847727	-0.118526
-0.126185	-0.148679
-0.14379	-0.216394
-0.0792647	-0.199657
-0.0537008	-0.192059
-0.0939382	-0.116927
-0.0886307	-0.106125
-0.113562	-0.098116
-0.112173	-0.0867581
-0.08562	-0.146404
-0.0958165	-0.149271
-0.0784052	-0.122316
-0.0858952	-0.124858
-0.086229	-0.141239
-0.0706051	-0.134897
-0.0843136	-0.159832
-0.0873542	-0.149934
-0.0909411	-0.143304
-0.10925	-0.135512
-0.080809	-0.124471
-0.200527	-0.118424
-0.184085	-0.11252
-0.207065	-0.0721433
-0.249401	-0.0228565
-0.207751	0.00444621
-0.198073	0.00358024
-0.170765	-0.0292092
-0.182239	0.0177984
-0.156117	0.0151992
-0.11463	0.0160086
-0.131945	-0.0149919
-0.155743	0.0226169
-0.122638	0.0107498
-0.125285	0.0237176
-0.112235	-0.00907415
-0.116847	-0.0185711
-0.154982	0.00438114
-0.141625	0.0756893
-0.147967	0.0545153
-0.14927	0.0613629
-0.104455	-0.0447369
-0.109176	-0.0463419
-0.116527	-0.0434642
-0.139538	-0.0646618
-0.141951	-0.0192594
-0.124668	-0.00782746
-0.136454	-0.00253457
-0.147123	0.0128281
-0.144917	0.0168458
-0.119212	0.0084216
-0.116433	0.0244493
-0.164174	0.050699
-0.132167	0.0327037
-0.112764	0.0496531
-0.116558	0.0511339
-0.0517527	0.045027
-0.0800626	0.0276263
-0.120224	0.0679206
-0.152591	0.152175
-0.147695	0.143849
-0.120694	0.142779
-0.124473	0.102615
-0.0914001	0.100191
-0.0782123	0.0426732
-0.0980923	0.0519657
-0.100365	-0.00560756
-0.126814	-0.0405174
-0.126796	-0.0437823
-0.124738	-0.0446088
-0.0930513	-0.0373112
-0.0452275	-0.049262
-0.0448781	-0.0401147
-0.060323	-0.00331758
-0.0818916	0.0107154
-0.0980728	0.0152112
-0.115585	0.040859
-0.078526	0.00374001
-0.0518017	0.0230819
-0.0332426	0.0307215
-0.00915908	0.0164326
-0.0401593	0.080606
-0.0571899	0.0694908
-0.0634011	0.0681917
-0.0559357	0.122051
-0.0467626	0.120665
-0.0717877	0.116578
-0.0535868	0.117443
-0.0349357	0.155937
-0.0262163	0.165121
-0.0206067	0.155463
-0.0539633	0.185859
-0.0530205	0.199257
-0.00331975	0.170821
-0.00652983	0.150236
-0.0122635	0.141272
-0.00697627	0.166193
-0.000910039	0.164731
0.00236004	0.159048
0.0124806	0.221489
0.0113339	0.217101
-0.0133031	0.203457
-0.0237944	0.236816
-0.0131409	0.225682
0.010303	0.214611
-0.00411473	0.208321
-0.016203	0.214423
0.0290056	0.190991
0.0183972	0.238628
0.0169914	0.235269
-0.00239812	0.219125
0.00957037	0.19455
0.0243478	0.189488
0.031284	0.208469
0.0115729	0.183606
0.0299234	0.19906
0.0423951	0.228376
0.0527579	0.220307
0.0542852	0.152191
0.0489484	0.145584
0.042932	0.117806
0.112472	0.0853415
0.108682	0.117213
0.111399	0.144713
0.110224	0.132773
0.101762	0.159103
0.100455	0.177175
0.0510725	0.117791
0.0256985	0.0870249
0.0346644	0.0887785
0.053071	0.104231
0.0887448	0.0549248
0.114369	0.0399713
0.115094	0.0563604
0.0996519	0.102795
0.0942314	0.0946841
0.106393	0.105761
0.118186	0.099088
0.115293	0.0891805
0.11004	0.0857609
0.189663	0.138557
0.198513	0.12405
0.131516	0.104879
0.0367732	0.105637
0.043721	0.0905052
0.0719407	0.168482
0.0864893	0.152874
0.0872293	0.137694
0.0743401	0.133609
0.0466725	0.119107
0.0153903	0.0880294
0.0278289	0.133866
0.0571029	0.136203
0.0569534	0.119235
0.0663127	0.181032
0.0907434	0.184405
0.0904774	0.0859782
0.11254	0.108335
0.11997	0.117979
0.116099	0.125123
0.0944077	0.106295
0.0702244	0.170789
0.0913907	0.0946393
0.0921615	0.0965606
0.0448607	0.077748
0.0245027	0.0870114
0.03888	0.096457
0.0539844	0.102347
0.0463098	0.199739
-0.0147485	0.142929
-0.00147631	0.135164
0.00395138	0.122696
0.000542287	0.126063
0.00930348	0.16158
-0.0114344	0.161408
-0.0255557	0.146269
0.0164281	0.147059
0.0392996	0.148472
0.0548508	0.18585
0.0869931	0.18585
0.0628434	0.219007
0.0521213	0.183876
0.0557922	0.171117
0.0667416	0.172206
0.118455	0.177421
0.1057	0.166699
0.1115	0.145685
0.138363	0.175433
0.122324	0.172625
0.128731	0.168245
0.128417	0.156001
0.153423	0.109509
0.165206	0.0731341
0.18406	0.0763738
0.264452	0.0151983
0.23631	0.00788193
0.203813	0.00197303
0.210174	0.0331111
0.188409	0.0287821
0.182702	0.0245644
0.204758	-0.0170822
0.22798	-0.0587756
0.201456	-0.0334272
0.213757	0.012682
0.230041	-0.0195412
0.221339	-0.0269723
0.221772	0.0185373
0.183208	0.0169492
0.173828	0.00995016
0.207241	-0.00700265
0.213287	0.0512671
0.144666	0.040291
0.230622	-0.0428703
0.220284	-0.0418362
0.199562	-0.0409992
0.157417	-0.075123
0.0727905	-0.0945028
0.109869	-0.0747421
0.110351	-0.0661444
0.0736937	-0.0456481
0.105263	-0.0439038
0.121179	-0.0454945
0.120973	-0.0277802
0.175771	-0.0483098
0.176592	-0.0847619
0.143644	-0.149882
0.0955031	-0.103718
0.115873	-0.180642
0.118619	-0.162044
0.163076	-0.132802
0.123259	-0.0968772
0.120137	-0.0927487
0.123351	-0.0888098
0.144886	-0.0937802
0.141025	-0.0937791
0.178043	-0.145386
0.169725	-0.134098
0.125582	-0.132891
0.0823895	-0.114463
0.0607998	-0.0530209
0.0449036	-0.0658145
0.0672441	-0.0696129
0.0874148	-0.0594045
0.0724603	-0.0525775
0.072649	-0.0589446
0.0756255	-0.139511
0.0649931	-0.155913
0.0840429	-0.207464
0.0832054	-0.208716
0.10856	-0.165358
0.0939235	-0.170224
0.0696129	-0.192116
0.0482793	-0.258692
0.043447	-0.187835
0.0440235	-0.181647
0.0523661	-0.17777
0.0585226	-0.246314
0.0243919	-0.265092
0.0173545	-0.254853
-0.0141687	-0.160935
-0.01251	-0.15423
-0.00747855	-0.179124
0.00796024	-0.219662
0.0062114	-0.219564
0.0266092	-0.230005
0.0371653	-0.271885
-0.00565857	-0.283096
-0.0169635	-0.210306
0.0164459	-0.26455
-0.00204283	-0.228152
-0.010472	-0.219851
-0.0207508	-0.187228
-0.0434293	-0.20425
-0.0275305	-0.195896
-0.0337962	-0.188022
-0.0594433	-0.167189
-0.12298	-0.209305
-0.11094	-0.186025
-0.0342822	-0.166826
0.00333384	-0.182766
-0.0320509	-0.187053
-0.0879962	-0.179184
-0.0916364	-0.160204
-0.0993212	-0.155414
-0.110401	-0.135697
-0.0885739	-0.0823926
-0.0923945	-0.125999
-0.12436	-0.142746
-0.127066	-0.135692
-0.13516	-0.116305
-0.135399	-0.11051
-0.163183	-0.109528
-0.140123	-0.108018
-0.178133	-0.0919595
-0.246827	-0.0731132
-0.240855	0.000395206
-0.22254	-0.00564466
-0.212328	-0.00618175
-0.184791	0.00471716
-0.173156	-0.00287909
-0.214737	-0.00850527
-0.200493	-0.0170633
-0.169898	-0.0132213
-0.134995	-0.0476982
-0.136195	-0.00865648
-0.0921421	-0.0439283
-0.1065	-0.0703081
-0.148749	-0.098989
-0.133207	-0.079646
-0.122571	-0.0700928
-0.141127	-0.131043
-0.141606	-0.13002
-0.120461	-0.137897
-0.110564	-0.139494
-0.0726548	-0.182577
-0.123938	-0.217882
-0.113657	-0.222732
-0.104772	-0.220445
-0.0865263	-0.23417
-0.0870109	-0.199386
-0.0848265	-0.18144
-0.0862927	-0.231889
-0.107842	-0.167244
-0.126701	-0.139896
-0.130039	-0.137878
-0.0702934	-0.136216
-0.0590844	-0.122808
-0.124754	-0.0220113
-0.115141	0.0248662
-0.0973191	0.0200482
-0.117629	0.0172946
-0.145784	-0.00384443
-0.159075	0.0262665
-0.15727	-0.0269816
-0.158425	-0.0099443
-0.153421	0.00371749
-0.176252	-0.0176745
-0.154535	0.0159668
-0.155826	0.011908
-0.173563	0.0238608
-0.16751	0.0177333
-0.151927	0.0524917
-0.202987	0.0536685
-0.205519	0.0576139
-0.218508	0.099862
-0.165735	0.015609
-0.149782	0.0298937
-0.155118	0.0287136
-0.158751	-0.0107848
-0.208653	0.0435303
-0.1888	0.0581108
-0.187356	0.0421028
-0.183551	-0.000381927
-0.201348	0.0216784
-0.189477	-0.0501944
-0.15777	-0.0533217
-0.186361	-0.0799223
-0.21413	-0.0759764
-0.171002	-0.0611311
-0.165412	-0.0647483
-0.116329	-0.0569351
-0.121606	-0.0350469
-0.163811	-0.0179115
-0.154204	-0.00766451
-0.154195	-0.00931636
-0.15597	-0.0172766
-0.183696	0.00847571
-0.183573	0.00544904
-0.167633	0.00294465
-0.149166	0.0316442
-0.109634	0.0452372
-0.11074	0.0419312
-0.119464	0.0579149
-0.115678	0.0651569
-0.105144	0.0633261
-0.149974	0.0450796
-0.106913	0.0821419
-0.0967045	0.113405
-0.159108	0.0838414
-0.132869	0.0834475
-0.136189	0.0912976
-0.106691	0.162142
-0.112815	0.162428
-0.0896742	0.155891
-0.105303	0.15937
-0.0849053	0.155799
-0.104672	0.138739
-0.08597	0.141927
-0.101913	0.146518
-0.123964	0.135001
-0.0666479	0.15062
-0.0529963	0.152169
-0.0379354	0.1487
-0.0209439	0.143769
-0.0243788	0.0911314
-0.0486648	0.117659
0.0133543	0.110508
0.0252762	0.114591
0.0163907	0.121084
0.0694971	0.127062
0.076831	0.0934712
0.0760979	0.116612
0.0798291	0.201247
0.0663973	0.184708
0.0759629	0.181548
0.0758486	0.234177
0.105468	0.183899
0.0832153	0.184933
0.090733	0.179175
0.116246	0.190703
0.0965169	0.191017
0.127268	0.159165
0.0445358	0.135448
0.0542544	0.135326
0.0106526	0.147884
0.0750535	0.0990406
0.0789268	0.0665587
0.0212798	0.054457
-0.0708536	0.0885926
-0.105764	0.107761
-0.095986	0.104022
-0.0918952	0.109662
-0.0540631	0.0372113
-0.0815156	0.0516075
-0.107393	0.025255
-0.101731	0.0727227
-0.0971862	0.0810061
-0.0762908	0.130491
-0.0371415	0.13993
-0.000836908	0.134935
-0.0210366	0.171717
-0.00950397	0.166743
-0.0388939	0.142345
-0.005915	0.157301
0.0145619	0.139709
0.0272224	0.11024
0.0839795	0.126409
0.068043	0.0948051
0.127081	0.102556
0.161483	-0.0122448
0.218468	-0.0153416
0.194603	-0.0245055
0.175709	-0.0399854
0.178254	-0.0304181
0.211287	-0.0548658
0.211514	-0.0472889
0.221872	-0.00972168
0.241201	-0.0272347
0.208898	0.0039261
0.200077	0.0143622
0.269803	0.0417433
0.233982	0.0697949
0.231138	0.0339252
0.215419	0.0427561
0.209496	0.0402159
0.171782	0.0320454
0.187517	0.00243518
0.192772	0.0451622
0.174597	0.0444883
0.169279	0.103301
0.215399	0.0328835
0.26627	0.0568218
0.225696	0.0372544
0.208979	0.0275372
0.225102	0.0323498
0.312172	0.0517737
0.381393	0.125046
0.352658	0.0708503
0.34215	0.0602661
0.304849	0.00306496
0.270585	0.0350659
0.218334	-0.0509199
0.217132	-0.050055
0.195762	-0.0844086
0.191552	-0.0863708
0.213317	-0.113705
0.241295	-0.0968277
0.229527	-0.0923573
0.2231	-0.0817218
0.207458	-0.0799182
0.16389	-0.132743
0.159724	-0.140184
0.22831	-0.125488
0.20645	-0.101592
0.193489	-0.0679618
0.221708	-0.0589485
0.208613	-0.0541685
0.261976	-0.0428175
0.223994	-0.0188017
0.154189	-0.0233592
0.166156	-0.00825928
0.133533	-0.0173822
0.101991	-0.0121489
0.122452	-0.0101188
0.124333	0.00147688
0.140944	0.00371145
0.172945	0.0316686
0.134907	0.03248
0.154916	0.0494251
0.143624	0.0403725
0.0901639	0.103434
0.0948299	0.10841
0.134687	0.117893
0.133133	0.210097
0.162997	0.19468
0.166633	0.208342
0.171185	0.148696
0.0956248	0.165485
0.0739515	0.155367
0.0713136	0.158233
0.0873468	0.202907
0.0568894	0.25839
0.106148	0.287846
0.111025	0.260638
0.110685	0.243782
0.108577	0.227721
0.0607743	0.235035
0.0366787	0.164801
0.01135	0.182445
0.0109518	0.17468
0.0291067	0.174911
0.0273612	0.189698
0.0256804	0.193079
0.0822819	0.225814
0.0622708	0.174384
0.0649258	0.169794
0.0768486	0.124633
0.0483801	0.151488
-0.00196105	0.220438
0.0253509	0.210972
0.02494	0.269558
-0.0501663	0.241443
-0.0216124	0.237083
-0.0123146	0.220857
0.0676604	0.150505
0.104458	0.133454
0.0900665	0.118672
0.0958752	0.141902
0.106232	0.133265
0.164283	0.171599
0.146986	0.130012
0.143329	0.126158
0.190703	0.108586
0.139197	0.0881391
0.135257	0.0806884
0.155549	0.0788957
0.145245	0.0474138
0.135374	0.00645888
0.131917	-0.0138839
0.139157	-0.0371521
0.148638	-0.0602606
0.151767	-0.0831005
0.154894	-0.0544041
0.151804	-0.0603216
0.161888	-0.0557349
0.18531	-0.055925
0.197116	-0.0640994
0.182877	-0.0608258
0.154822	-0.114694
0.129576	-0.0952814
0.121518	-0.0574807
0.0897255	-0.0545671
0.00680682	-0.0786703
-0.0471102	-0.13202
-0.0269284	-0.143409
-0.0324449	-0.146825
0.00186036	-0.160382
0.0201779	-0.155518
0.0590961	-0.101618
0.0686217	-0.109149
0.0529793	-0.104366
0.0568196	-0.119971
0.0309772	-0.0919789
0.0255781	-0.076245
0.0418914	-0.083952
0.0517102	-0.0943372
0.0492364	-0.0942517
0.0697012	-0.105399
0.0774545	-0.149748
0.0744873	-0.142851
0.0844137	-0.107432
0.0649339	-0.0748041
0.0558166	-0.0861583
0.0607457	-0.0797122
0.0756831	-0.117148
0.0178304	-0.155173
0.000186846	-0.174185
-0.039277	-0.210126
-0.0514359	-0.18554
-0.0573324	-0.19324
-0.077511	-0.15915
-0.131552	-0.160878
-0.110298	-0.129921
-0.0636134	-0.117716
-0.0894577	-0.124316
-0.085695	-0.1034
-0.0853302	-0.0924536
-0.088869	-0.0888331
-0.0285727	-0.150204
0.0270979	-0.159949
0.00367024	-0.202078
0.0737734	-0.246516
0.0674672	-0.231094
0.0340677	-0.208805
0.0187325	-0.201274
-0.00819279	-0.248925
-0.00343856	-0.118752
-0.0176637	-0.121029
-0.0246871	-0.14778
-0.0836324	-0.146338
-0.098958	-0.151871
-0.104136	-0.143002
-0.107911	-0.0994253
-0.0943794	-0.0664098
-0.118872	-0.0913298
-0.0940128	-0.123855
-0.103429	-0.117016
-0.142533	-0.0838515
-0.147499	-0.0702336
-0.157728	-0.0782238
-0.182913	-0.0724474
-0.201619	-0.0894666
-0.171304	-0.0913989
-0.180083	-0.126189
-0.187441	-0.123473
-0.109503	-0.0972328
-0.120614	-0.133249
-0.132869	-0.126327
-0.132344	-0.0969757
-0.132089	-0.0911495
-0.172534	-0.072105
-0.202961	-0.0675963
-0.164366	-0.0569698
-0.182844	-0.088011
-0.13483	-0.0935442
-0.121381	-0.125408
-0.0898669	-0.134341
-0.102849	-0.130252
-0.11107	-0.126982
-0.130874	-0.186801
-0.134785	-0.161805
-0.148274	-0.187469
-0.159733	-0.213314
-0.158187	-0.194657
-0.152192	-0.175923
-0.181766	-0.202587
-0.234991	-0.207901
-0.219272	-0.182181
-0.197508	-0.161596
-0.18401	-0.230279
-0.172365	-0.221148
-0.152756	-0.154324
-0.198379	-0.116158
-0.152547	-0.0630969
-0.161301	-0.0914829
-0.167852	-0.0910905
-0.201475	-0.149228
-0.206801	-0.107576
-0.182038	-0.196738
-0.175923	-0.161249
-0.15486	-0.137313
-0.143322	-0.145285
-0.0837311	-0.0958296
-0.0968444	-0.0992501
-0.0954354	-0.112611
-0.101905	-0.11783
-0.116397	-0.0920702
-0.161671	-0.0557058
-0.109824	-0.102224
-0.101482	-0.10766
-0.0663481	-0.150849
-0.0353916	-0.133257
-0.0840642	-0.0558277
-0.110621	-0.0555887
-0.113748	-0.058912
-0.121751	-0.03874
-0.116563	-0.0359066
-0.115574	0.00877118
-0.119138	0.052904
-0.125867	0.0616483
-0.14851	0.0531479
-0.167972	0.01641
-0.157587	-0.0135151
-0.167041	-0.00103905
-0.183449	0.00451727
-0.177235	0.0022421
-0.142099	0.0506195
-0.174164	0.106454
-0.169473	0.0951998
-0.147636	0.109878
-0.165602	0.0446319
-0.165724	0.0433305
-0.175407	0.0308081
-0.193817	0.0575364
-0.191821	0.0488566
-0.186983	0.0278255
-0.178168	0.022917
-0.191034	-0.00753677
-0.187033	-0.00217176
-0.160234	0.014077
-0.218889	-0.00997558
-0.200968	-0.0120859
-0.191138	-0.013083
-0.184899	-0.0105667
-0.16992	-0.0257938
-0.190528	-0.0880242
-0.167383	-0.0949135
-0.203599	-0.112329
-0.199314	-0.0628695
-0.196843	-0.0574542
-0.210157	-0.0967634
-0.201822	-0.0795272
-0.181141	-0.070006
-0.175229	-0.071789
-0.142821	-0.0643484
-0.141702	-0.0639214
-0.188508	-0.0347289
-0.176538	-0.0319324
-0.178789	0.00391516
-0.162738	-0.0761471
-0.15426	-0.0738731
-0.149353	-0.118523
-0.122592	-0.0587429
-0.118054	-0.0682157
-0.125374	-0.0251621
-0.126881	-0.0250452
-0.152513	0.0243889
-0.145091	0.0737606
-0.125097	0.113165
-0.11401	0.100099
-0.129791	0.117213
-0.118263	0.119809
-0.0948039	0.159538
-0.120645	0.126792
-0.124511	0.117893
-0.0987171	0.135505
-0.0233623	0.124539
-0.0730191	0.0824867
-0.0603649	0.0739356
-0.0449384	0.10208
-0.0378839	0.131944
-0.0479661	0.145806
-0.0648474	0.210656
-0.0106514	0.181855
-0.00301742	0.177647
0.0612321	0.195927
0.0938894	0.116809
0.102029	0.14436
0.0607118	0.123326
0.0597018	0.157554
0.0746496	0.167314
0.0249668	0.127586
0.0366278	0.0993356
0.0481255	0.0998047
0.00103838	0.0786622
0.00785825	0.0715417
0.0226063	0.0488774
0.0388377	0.055027
0.0909192	0.0672141
0.0878112	0.0885397
0.144609	0.0951582
0.0837873	0.103931
0.0753069	0.113581
0.0295875	0.184769
-0.0582665	0.186668
-0.0439188	0.120488
-0.0515304	0.134803
-0.0435257	0.165114
-0.0340599	0.180615
-0.00596068	0.185023
0.0108941	0.167149
0.063991	0.0743321
0.0445871	0.0881237
0.0349338	0.0859489
0.048968	0.079656
0.0665193	0.10676
0.105743	0.141411
0.103428	0.14249
0.137819	0.108236
0.168816	0.0989102
0.164822	0.101106
0.145584	0.0962177
0.130108	0.13643
0.097407	0.128505
0.092904	0.146504
0.0958014	0.14135
0.0946299	0.138932
0.0870426	0.11364
0.0649204	0.163128
0.0717513	0.168215
0.0521654	0.159697
0.0472012	0.147589
0.0824079	0.141746
0.0905615	0.140437
0.100568	0.136282
0.116935	0.13519
0.150614	0.0525761
0.110969	0.00143213
0.158588	-0.0194416
0.154907	-0.0248732
0.151614	-0.0148499
0.165064	0.0565193
0.16005	0.0469673
0.173938	0.0676765
0.193897	0.150904
0.16072	0.144086
0.0949174	0.160651
0.0936141	0.161493
0.120009	0.0894473
0.118142	0.0878809
0.125345	0.116703
0.133983	0.123465
0.175922	0.205948
0.177707	0.220411
0.165781	0.198526
0.162873	0.168219
0.162045	0.151764
0.125207	0.209997
0.134301	0.178755
0.100087	0.156175
0.114534	0.152733
0.111304	0.112712
0.127376	0.0758804
0.0852944	0.0585698
0.135573	0.0863462
0.136183	0.0869631
0.147178	0.0673253
0.0909215	0.064578
0.0824137	0.0953752
0.106278	0.0508563
0.10108	0.11495
0.124686	0.129911
0.112733	0.10591
0.119704	0.113172
0.102382	0.089494
0.115254	0.100889
0.116881	0.0978945
0.142299	0.0786536
0.141519	0.0624174
0.141819	0.0496693
0.134335	0.0651268
0.158795	0.0745343
0.15724	0.1072
0.153274	0.0944727
0.196227	0.0686966
0.168198	-0.0293829
0.12573	-0.0855602
0.127758	-0.087968
0.0471451	-0.0505638
0.0313874	-0.0336951
0.0536647	-0.0264115
0.0341046	-0.0791266
0.0505143	-0.0780778
0.0560896	-0.0880635
0.0794799	-0.0876275
0.0721535	-0.0881467
0.081681	-0.105339
0.0650327	-0.170105
0.0732026	-0.155084
0.071866	-0.1618
0.0691516	-0.1581
0.0951361	-0.144992
0.0835248	-0.180171
0.0908427	-0.191442
0.0855511	-0.181385
0.0684441	-0.230807
0.0708977	-0.220878
0.0604114	-0.215298
0.0306093	-0.137656
0.0321499	-0.130574
0.0321256	-0.141309
0.0277883	-0.147778
-0.0515306	-0.130985
0.0124502	-0.139682
0.0147044	-0.0428856
0.0128511	-0.0660113
0.0592343	-0.118298
0.0380887	-0.133128
0.0445336	-0.133365
0.0609145	-0.137246
0.0605301	-0.160013
0.10401	-0.0901779
0.0268051	-0.107002
0.0364358	-0.133703
0.087972	-0.11836
0.0927827	-0.130956
0.0869918	-0.135105
0.0563918	-0.138849
0.0641478	-0.136748
0.0240901	-0.169674
0.07795	-0.17093
0.0335141	-0.182869
0.0358766	-0.189003
0.055333	-0.177276
0.0526155	-0.173533
0.0336583	-0.140703
0.0463926	-0.127917
0.0706003	-0.0799876
0.0402873	-0.0231691
0.0504313	-0.0419987
0.059397	-0.0451986
0.0219336	-0.0533025
0.0307846	-0.0818462
0.0870466	-0.121609
0.0473814	-0.137177
0.0401773	-0.0997355
0.0309202	-0.113492
0.0979332	-0.101116
0.119962	-0.100211
0.093018	-0.0777959
0.0862733	-0.11107
0.120562	-0.110481
0.111287	-0.108744
0.032226	-0.150799
0.0473574	-0.209654
0.0376968	-0.197484
0.0235132	-0.19931
0.0644161	-0.218887
0.0450402	-0.168277
0.0264597	-0.104897
0.0339551	-0.112739
0.0278455	-0.109616
-0.0368329	-0.103499
-0.0641912	-0.0853487
-0.0520318	-0.0594958
-0.0720264	-0.0801047
-0.104489	-0.113069
-0.112678	-0.113949
-0.118445	-0.0401791
-0.0983402	-0.0777565
-0.114309	-0.076784
-0.1107	-0.0794755
-0.133512	-0.0811012
-0.119564	-0.0881039
