0.0867187	0.116227
0.0843975	0.121608
0.0710772	0.120503
0.0666756	0.111838
0.153362	0.139116
0.144517	0.122212
0.103965	0.142664
0.102797	0.124982
0.099787	0.131019
0.0594711	0.155899
0.0460527	0.105068
0.051498	0.10549
-0.0203296	0.0791833
-0.0141265	0.095431
-0.00507185	0.102075
-0.000788623	0.05623
-0.000693133	0.0768513
-0.0013888	0.0936422
-0.000319822	0.0971877
-0.0126502	0.128038
-0.0962506	0.0723071
-0.0857997	0.079586
-0.0906487	0.088953
-0.0996299	0.103247
-0.0921626	0.0994213
-0.116043	0.108037
-0.152185	0.0941449
-0.226673	0.138011
-0.18574	0.104311
-0.172883	0.115761
-0.163568	0.135296
-0.103921	0.114979
-0.111981	0.171684
-0.0975434	0.159305
-0.0822537	0.163308
-0.082811	0.158237
-0.112491	0.187541
-0.107142	0.178748
-0.12577	0.145353
-0.146091	0.123954
-0.159874	0.131516
-0.178417	0.0785401
-0.168333	0.0779362
-0.155763	0.110837
-0.164148	0.0954851
-0.137377	0.0798385
-0.133761	0.0754845
-0.137566	0.0735891
-0.0945565	0.0865162
-0.148038	0.121246
-0.130202	0.100433
-0.132254	0.0938217
-0.138441	0.0902619
-0.146852	0.0845484
-0.136147	0.0898334
-0.128473	0.0980955
-0.140295	0.049396
-0.143605	0.0348726
-0.142097	0.0176771
-0.191668	0.0647398
-0.173902	0.0505536
-0.156215	0.0340966
-0.179686	0.0399731
-0.189419	0.0214363
-0.230082	-0.0228785
-0.20409	-0.0243314
-0.204757	-0.0467049
-0.194202	-0.0440074
-0.239072	-0.0867521
-0.201843	-0.0672375
-0.173869	-0.0543821
-0.169186	-0.0543916
-0.158924	-0.165943
-0.146281	-0.197989
-0.148596	-0.185681
-0.142032	-0.166536
-0.149323	-0.153138
-0.117563	-0.129471
-0.0401757	-0.129209
-0.0400845	-0.105223
-0.0921491	-0.118134
-0.0630872	-0.0871959
-0.0818276	-0.115331
-0.103107	-0.101179
-0.102522	-0.108363
-0.104473	-0.109486
-0.0958996	-0.0701332
-0.0998176	-0.109909
-0.120814	-0.104995
-0.0364621	-0.166461
0.0197173	-0.132258
-0.00683329	-0.115678
-0.0501553	-0.152361
-0.058541	-0.121839
-0.0406179	-0.107773
-0.067132	-0.125069
-0.0645157	-0.126698
-0.0634214	-0.05144
-0.185536	-0.076371
-0.175616	-0.10227
-0.152589	-0.0998188
-0.182658	-0.0259519
-0.181532	-0.0432176
-0.145916	-0.0301984
-0.147281	-0.0198788
-0.153603	-0.0226289
-0.103557	-0.0844035
-0.108997	-0.0707204
-0.144331	-0.0673264
-0.114482	-0.0873433
-0.137748	-0.0720752
-0.124096	-0.0743991
-0.13635	-0.0575705
-0.111399	-0.0417007
-0.112187	-0.0745287
-0.113758	-0.0776771
-0.0893238	-0.0771252
-0.0938255	-0.0941372
-0.117533	-0.0959095
-0.119706	-0.106628
-0.0807489	-0.0850507
-0.0772296	-0.09875
-0.0835844	-0.0512827
-0.0777549	-0.0518601
-0.0907452	-0.0322157
-0.0930271	-0.0322878
-0.0695903	0.0410129
-0.0947392	0.0507259
-0.11349	0.00706405
-0.12063	-0.0228244
-0.120441	-0.0322161
-0.0919587	-0.0324734
-0.0960393	-0.0303776
-0.106186	-0.0484361
-0.118889	-0.0465869
-0.123492	-0.0670822
-0.10524	-0.101803
-0.060861	-0.0709243
-0.0537968	-0.110529
-0.0152607	-0.13234
0.000439713	-0.166438
0.0119045	-0.177182
-0.00059965	-0.196057
-0.00456131	-0.156471
-0.039812	-0.156681
-0.0280263	-0.165942
-0.0154467	-0.165279
-0.00481002	-0.170089
0.00222256	-0.174165
0.00881645	-0.174037
-0.00392727	-0.148378
0.00461192	-0.14694
0.00586461	-0.153318
-0.0123343	-0.110047
-0.00497439	-0.123023
-0.0123	-0.144945
-0.0255333	-0.134081
-0.0386644	-0.169614
-0.0393359	-0.169541
-0.0324569	-0.205264
-0.0512077	-0.122835
-0.0572713	-0.110966
-0.0572521	-0.121892
-0.0930445	-0.139276
-0.0936634	-0.124478
-0.0763066	-0.140062
-0.0768948	-0.132843
-0.069577	-0.157698
-0.0585096	-0.0544079
-0.0737479	-0.0779756
-0.0678838	-0.135558
-0.130075	-0.074939
-0.108767	-0.0582282
-0.0703208	-0.0823478
-0.0795579	-0.105562
-0.00784279	-0.0682443
0.0286334	-0.0324092
-0.00915746	-0.0626404
0.0225349	-0.0546779
0.052113	-0.0587851
0.0180052	-0.0676621
0.0369347	-0.13184
0.030388	-0.137474
0.012345	-0.191572
0.0256332	-0.20008
0.021287	-0.192624
0.043229	-0.17504
0.0977442	-0.16793
0.0862235	-0.171077
0.0478103	-0.174955
0.0408985	-0.172466
0.0155013	-0.254365
0.043102	-0.206808
0.0175423	-0.180903
0.0725844	-0.188747
0.0883471	-0.210595
-0.0456765	-0.12075
-0.0201117	-0.124979
-0.0074341	-0.143411
0.006524	-0.146569
0.00672318	-0.14231
0.014953	-0.144485
-0.0199064	-0.152035
0.0435099	-0.242143
0.0814166	-0.224465
0.0589338	-0.208909
0.123395	-0.192682
0.109917	-0.186671
0.108083	-0.208255
0.125297	-0.179366
0.198955	-0.0876974
0.164509	-0.082278
0.144449	-0.0901695
0.184516	-0.088035
0.189155	-0.0482595
0.196701	-0.0575193
0.196927	-0.0564855
0.159068	-0.110745
0.201657	-0.0831929
0.188671	-0.0462974
0.174386	-0.0346608
0.166681	-0.0232767
0.138326	0.0348221
0.160511	0.053829
0.158201	0.0398383
0.154925	0.0360369
0.148837	-0.0103259
0.132312	0.0214124
0.171143	0.0188338
0.200086	-0.0363473
0.177571	-0.0551845
0.189359	-0.0676599
0.154895	-0.0681837
0.11966	-0.103882
0.141658	-0.0678811
0.123873	-0.0668777
0.128559	-0.0829324
0.102352	0.00289942
0.109551	-0.0102756
0.0756962	0.00355179
0.112345	0.0652922
0.116313	0.148823
0.054805	0.121153
0.0817985	0.115346
0.0977441	0.177701
0.030891	0.23623
0.0871633	0.288884
0.0764086	0.253093
0.0414155	0.27593
0.0925018	0.255388
0.104918	0.183451
0.147795	0.154171
0.107006	0.15903
0.0731508	0.172762
0.0625282	0.182197
0.0432202	0.225116
0.0397209	0.249652
0.0428544	0.23384
0.0443179	0.191186
0.0779753	0.187745
0.0790239	0.180142
0.0842646	0.17606
0.0613745	0.131304
0.0673276	0.113599
0.0551629	0.129975
0.061246	0.129715
0.0570199	0.127113
0.0443501	0.136547
0.0734358	0.133865
0.0715497	0.10973
0.104406	0.0998912
0.0947938	0.0894765
0.0900138	0.123479
0.0936681	0.0943127
0.127178	0.0802334
0.127819	0.0570072
0.118348	0.0568087
0.131856	0.059669
0.107503	0.077491
0.118072	0.0203272
0.136676	0.0244851
0.126999	0.0881985
0.136963	0.0877811
0.138253	0.0883684
0.106407	0.0620826
0.10909	0.0559922
0.0856027	0.0828419
0.116027	0.120024
0.118896	0.130974
0.0818072	0.14304
0.0925327	0.133597
0.100595	0.124302
0.14592	0.0752742
0.140817	0.0403392
0.155601	0.0724709
0.163126	0.0984504
0.169501	0.140483
0.17002	0.146955
0.135065	0.130615
0.144377	0.133652
0.140654	0.119869
0.138682	0.0868182
0.133542	0.0521122
0.183136	0.0987891
0.191278	0.0768618
0.169954	0.067394
0.215817	0.0882127
0.201193	0.0943066
0.223405	0.0978447
0.15535	0.126273
0.201507	0.0599157
0.187371	0.059677
0.213304	0.0217358
0.205865	0.0196627
0.216486	-0.0310085
0.199424	-0.0166616
0.189103	0.00233889
0.182923	0.0208172
0.121586	0.0742923
0.120704	0.0827361
0.0769519	0.106499
0.0467801	0.0823685
0.140079	0.0947844
0.108881	0.138345
0.0471974	0.148304
0.044278	0.103287
-0.00473241	0.0547623
-0.00721526	0.0823778
0.0137943	0.093026
0.0617352	0.106913
0.0735776	0.120302
0.0835091	0.106804
0.0794977	0.0886137
0.040227	0.0967098
0.029828	0.070496
0.0353338	0.0837524
0.104483	0.112148
0.111995	0.0449058
0.0841604	0.030397
0.0558632	0.0487153
0.0672591	0.0651982
0.0484003	0.104395
0.095373	0.156295
0.0923855	0.150405
0.109451	0.182444
0.084786	0.19722
0.143825	0.203911
0.137198	0.191108
0.129229	0.178413
0.140678	0.275634
0.0901106	0.291024
0.0918222	0.242058
0.0904574	0.234503
0.130225	0.195566
0.117885	0.197395
0.102152	0.165002
0.0867459	0.138195
0.0821462	0.160172
0.0894844	0.14757
0.0804733	0.150495
0.0425372	0.198437
0.098881	0.187738
0.0759694	0.166916
0.0766206	0.150118
0.0740394	0.148474
0.0809401	0.149157
0.0615952	0.173922
0.00762851	0.207859
0.00113277	0.191821
0.0188824	0.218272
-0.060148	0.168214
-0.0484603	0.138281
-0.0613561	0.124644
-0.061835	0.116633
-0.00407827	0.134553
-0.0247599	0.137226
-0.0510212	0.137224
-0.0488514	0.125732
-0.0320738	0.0657481
-0.0447161	0.00331119
-0.0630336	0.0409551
-0.0809082	0.0508691
-0.0692031	0.106948
-0.0741493	0.115926
-0.0707531	0.16581
-0.0701755	0.159925
-0.135612	0.173231
-0.127892	0.157536
-0.121843	0.193325
-0.0426642	0.242034
-0.00211964	0.212599
-0.0233834	0.199389
-0.0117729	0.176054
-0.00984495	0.165414
-0.037205	0.187563
-0.0300733	0.163642
-0.0536739	0.143607
-0.0693902	0.10492
-0.0510887	0.11074
-0.0486556	0.104536
-0.0457638	0.102038
-0.04249	0.0913836
-0.0629864	0.159288
-0.0430393	0.163689
-0.00713612	0.125875
-0.0029374	0.123349
0.0395046	0.131507
0.0251637	0.155449
-0.0870645	0.167364
-0.0689109	0.12286
-0.0578089	0.125147
-0.0367573	0.0708938
0.0130993	0.0900246
0.0543234	0.0520885
0.0727229	0.070651
0.102161	0.0514395
0.134144	0.0184257
0.0964083	-0.00458712
0.105671	-0.021055
0.128481	-0.0690507
0.0902911	-0.0594779
0.0959735	-0.0762066
0.0929754	-0.0887634
0.166673	-0.0849006
0.162931	-0.0893041
0.190413	-0.094194
0.165802	-0.132867
0.203028	-0.105758
0.163168	-0.137014
0.102424	-0.143452
0.0927189	-0.141711
0.0815095	-0.113811
0.0879768	-0.120346
0.0467455	-0.138233
0.0460458	-0.14298
0.039858	-0.142984
0.0395763	-0.145609
0.0593931	-0.147227
0.0762343	-0.116939
0.0668749	-0.119136
0.0669198	-0.0809117
-0.00720335	-0.0904267
-0.0143246	-0.0762964
0.00376906	-0.0756743
0.0240479	-0.12787
-0.0150686	-0.160163
0.0175172	-0.110138
0.050482	-0.171174
-0.00656555	-0.13458
-0.00489611	-0.105748
-0.00717999	-0.0763551
-0.0141358	-0.0908007
-0.0184372	-0.102313
-0.0236856	-0.126611
-0.0288734	-0.134329
-0.0291821	-0.153892
-0.0192028	-0.157831
-0.0242041	-0.15261
-0.0205697	-0.14343
-0.0172218	-0.141763
-0.0640916	-0.132909
-0.0473775	-0.1967
-0.0418555	-0.189277
-0.00418632	-0.228716
0.000896527	-0.210733
0.00580117	-0.206497
0.0104689	-0.146917
-0.0157945	-0.190892
-0.0715887	-0.155045
-0.0784453	-0.178671
-0.0872961	-0.172736
-0.0866604	-0.161591
-0.103768	-0.206286
-0.105831	-0.19076
-0.0875211	-0.154949
-0.0919141	-0.175766
-0.0664425	-0.200004
-0.092361	-0.105641
-0.0918868	-0.0983631
-0.0501955	-0.126266
-0.0476902	-0.129516
-0.081381	-0.0879215
-0.121655	-0.0772548
-0.122693	-0.0906311
-0.11391	-0.102848
-0.110068	-0.0611202
-0.141008	-0.0668683
-0.135368	-0.071825
-0.245161	-0.0939056
-0.238921	-0.137632
-0.239248	-0.129506
-0.213445	-0.158116
-0.203528	-0.157864
-0.253004	-0.179917
-0.271698	-0.20219
-0.237242	-0.180441
-0.209889	-0.168808
-0.182907	-0.159327
-0.172682	-0.227462
-0.17807	-0.214237
-0.166857	-0.190658
-0.128147	-0.169287
-0.14791	-0.127879
-0.121594	-0.146206
-0.1081	-0.123981
-0.125317	-0.0893097
-0.121543	-0.110323
-0.102694	-0.0856295
-0.0648144	-0.084061
-0.0657647	-0.108111
-0.0651163	-0.0634941
-0.0807789	-0.0307681
-0.101669	-0.049241
-0.0895069	-0.102339
-0.10323	-0.103783
-0.101558	-0.141035
-0.141106	-0.134258
-0.134809	-0.144572
-0.133094	-0.136886
-0.0847743	-0.167556
-0.0378357	-0.149856
-0.0602263	-0.140095
-0.0711304	-0.159802
-0.0964525	-0.131072
-0.0860914	-0.156136
-0.117256	-0.168554
-0.124391	-0.15183
-0.122125	-0.155294
-0.148454	-0.116644
-0.208289	-0.0763894
-0.167821	-0.0593955
-0.118732	-0.0946215
-0.140307	-0.102694
-0.097548	-0.0369536
-0.0912042	-0.0259122
-0.10519	-0.0728257
-0.0868388	-0.0659051
-0.175625	-0.116408
-0.189753	-0.113498
-0.195816	-0.190149
-0.208352	-0.216774
-0.202569	-0.177715
-0.19006	-0.158068
-0.172276	-0.175704
-0.166246	-0.178081
-0.159312	-0.166768
-0.188479	-0.15556
-0.162828	-0.0765114
-0.159756	-0.093956
-0.145012	-0.0749767
-0.143731	-0.0802036
-0.134796	-0.0608111
-0.108084	-0.0567198
-0.129802	-0.0506728
-0.0994067	-0.0441434
-0.106336	-0.0576335
-0.115262	-0.0628564
-0.115523	-0.0710014
-0.152257	-0.0910738
-0.14233	-0.0759932
-0.119934	-0.0934165
-0.101031	-0.126236
-0.131437	-0.115123
-0.142936	-0.0966473
-0.150795	-0.113194
-0.140819	-0.139797
-0.140443	-0.134997
-0.145658	-0.0675207
-0.18779	-0.102646
-0.178412	-0.093791
-0.162016	-0.089888
-0.110849	-0.116277
-0.122269	-0.129075
-0.126555	-0.144743
-0.114701	-0.194688
-0.118529	-0.263277
-0.0994555	-0.215718
-0.091399	-0.199032
-0.0919214	-0.17298
-0.0829705	-0.169054
-0.0687519	-0.16727
-0.120902	-0.123837
-0.14346	-0.114835
-0.151796	-0.111918
-0.156897	-0.0872417
-0.154598	-0.0734966
-0.0979523	-0.0256648
-0.101985	-0.00639073
-0.0537421	0.0157066
-0.117145	0.00439676
-0.123087	0.0095987
-0.116396	-0.0224793
-0.157459	-0.0515962
-0.170084	-0.0308271
-0.160998	-0.0117071
-0.153368	-0.0356852
-0.168365	-0.0708866
-0.175508	-0.0553583
-0.140643	-0.0654812
-0.145576	-0.0568098
-0.143135	-0.0490455
-0.114194	-0.0567647
-0.157603	-0.0541312
-0.152161	-0.0494373
-0.160379	-0.03876
-0.233651	-0.0383897
-0.172228	-0.00956577
-0.12017	0.00223579
-0.103714	0.0288886
-0.116119	0.0403384
-0.0894914	0.0552326
-0.0974963	0.0654054
-0.141281	0.0879693
-0.0658524	0.0671854
-0.080717	0.00958137
-0.0462774	0.0490026
-0.0235221	0.0622132
0.00783275	0.131137
0.0299674	0.104684
0.0263483	0.142976
0.0312018	0.10827
0.0583799	0.114011
-0.0110287	0.131607
0.0521222	0.141087
0.0440336	0.151836
0.031687	0.167762
0.0348746	0.164064
0.0439925	0.128371
0.0451159	0.13379
0.0483937	0.149836
0.0531822	0.176375
0.0465804	0.178942
0.0401534	0.175917
0.0638773	0.176304
0.061508	0.16399
0.0246593	0.170091
0.0401228	0.180174
0.037763	0.178614
0.0111201	0.208254
-0.0543431	0.197905
-0.0385215	0.229286
0.0103194	0.250058
0.0627065	0.207552
0.0561387	0.205368
-0.0106117	0.233725
-0.0590546	0.253654
-0.076847	0.255359
-0.0674077	0.290829
-0.0676223	0.270778
-0.0537818	0.210873
-0.0113462	0.200657
0.00516384	0.153392
0.051661	0.143299
-0.0480938	0.11873
-0.0279237	0.12879
-0.014589	0.135341
-0.00456976	0.164865
-0.0631278	0.170805
-0.0618889	0.192816
-0.0417073	0.141535
0.000127451	0.169046
0.0148997	0.173485
0.0153613	0.191237
0.0588649	0.133442
0.0756995	0.137245
0.105791	0.106939
0.107253	0.109854
0.0290994	0.164881
0.0185482	0.235876
0.0169839	0.218556
0.0282825	0.203438
0.0446393	0.184549
0.0549237	0.173595
0.053799	0.147931
-0.0341597	0.149892
-0.031715	0.144459
-0.098589	0.111117
-0.102735	0.104337
-0.100792	0.0794705
-0.0945174	0.0743075
-0.0785258	0.104545
-0.0838055	0.115654
-0.0573197	0.139155
-0.0920633	0.148081
-0.0216093	0.120583
-0.00500135	0.123806
-0.0479396	0.130905
-0.0554383	0.13158
-0.0642694	0.127952
-0.0553058	0.123979
-0.0552112	0.118282
-0.0685155	0.138663
-0.038729	0.148229
-0.0281101	0.14335
-0.00961199	0.118069
0.0255505	0.110746
0.0358534	0.128633
0.0660051	0.0860745
0.0685082	0.144017
0.0825339	0.127352
0.0989074	0.113107
0.0859017	0.0798322
0.100181	0.0707206
0.121811	0.0670286
0.149255	0.0153782
0.161205	0.0265618
0.157934	0.0136516
0.159844	0.00628248
0.167547	0.00669269
0.17143	0.0133455
0.129264	0.00428466
0.150429	0.0524449
0.126288	0.0623239
0.154396	0.0450791
0.1676	0.0341264
0.157615	-0.00107117
0.176307	-0.00555894
0.17424	-0.00644237
0.169275	-0.00609808
0.244505	0.0175286
0.19694	0.01211
0.199607	0.00151411
0.15218	-0.0604127
0.183121	0.000755947
0.201818	0.00667202
0.208364	0.0131218
0.207962	-0.000328112
0.205445	0.00667733
0.209181	0.014676
0.222398	0.10104
0.218708	0.0751296
0.196354	0.0796179
0.129689	0.106216
0.131421	0.115678
0.134711	0.107229
0.158504	0.142646
0.154282	0.147381
0.154009	0.110625
0.137843	0.0610533
0.135974	0.0661114
0.163123	0.0459373
0.15788	0.0518622
0.156309	0.0567867
0.157339	0.0990461
0.155675	0.132437
0.125618	0.185833
0.094902	0.200039
0.077619	0.226525
0.097067	0.245366
0.0813077	0.250826
0.0621328	0.227671
0.0943776	0.238179
0.0820083	0.220419
0.160136	0.224136
0.208365	0.197963
0.235776	0.132255
0.208821	0.161893
0.234624	0.123651
0.195596	0.1345
0.130957	0.0725639
0.0900206	0.0622302
0.087056	0.0733781
0.113577	0.0618658
0.125036	0.015889
0.133958	0.00689732
0.162846	-0.00157607
0.15906	-0.0184969
0.141611	0.0124435
0.101812	0.00124392
0.11206	-0.00352191
0.179486	-0.0321038
0.162045	-0.0908182
0.159046	-0.0852229
0.19586	-0.0713017
0.189764	-0.127986
0.15557	-0.0573158
0.134189	-0.096176
0.179686	-0.0451888
0.226682	-0.0777196
0.206616	-0.0718731
0.167321	-0.0433902
0.157577	-0.0483047
0.118041	-0.0651214
0.114949	-0.0704414
0.118189	-0.0428129
0.117196	-0.0353674
0.108278	0.0253219
0.123367	0.0234816
0.135542	0.0435322
0.137281	0.0704692
0.185465	0.0956986
0.200812	0.12545
0.181085	0.139016
0.147607	0.0582977
0.14945	0.0400484
0.131367	0.0709883
0.142743	0.0533648
0.180466	-0.00822324
0.162405	0.0303554
0.15719	0.000572102
0.121498	0.00440266
0.130716	-0.0170647
0.132411	-0.0416809
0.0985241	-0.0620834
0.111248	-0.0476001
0.100772	-0.000295241
0.0746126	-0.0254675
0.0904134	-0.0343242
0.102028	-0.0401577
0.118035	-0.0387064
0.0866228	-0.0601962
0.0901844	-0.0499966
0.0650156	-0.00108694
0.0691833	-0.00155416
0.072246	0.00303879
0.0694484	-0.0163734
0.12071	-0.0082588
0.0766932	-0.0373534
0.143616	-0.0536318
0.167673	-0.0867819
0.158195	-0.0875347
0.136497	-0.0922002
0.0864378	-0.0581498
0.0833425	-0.0739023
0.0934295	-0.0982196
0.0809411	-0.129535
0.105207	-0.106206
0.080285	-0.0863106
0.0518503	-0.116639
0.0869439	-0.139503
0.082264	-0.0925626
0.0598951	-0.11392
0.0483688	-0.0762843
0.0722644	-0.0909416
0.0122899	-0.0589602
0.0184492	-0.0848261
0.0229521	-0.0991674
0.00691843	-0.110831
0.030133	-0.109991
0.038872	-0.12648
0.01822	-0.117008
-0.0422042	-0.100117
0.0393897	-0.144698
-0.0123677	-0.0859617
-0.0566828	-0.100112
-0.0758987	-0.113439
-0.089688	-0.0923235
-0.0854338	-0.0551307
-0.0641473	-0.0477317
-0.0745806	-0.0602473
-0.0821709	-0.0708629
-0.0686146	-0.0492951
-0.0957208	-0.0302606
-0.0875183	-0.0537442
-0.0974054	-0.0674541
-0.137664	-0.0836329
-0.0824123	-0.0919171
-0.104205	-0.0340469
-0.092757	-0.0523602
-0.104328	-0.050229
-0.124831	-0.0817321
-0.191803	-0.105496
-0.160316	-0.106395
-0.156067	-0.102567
-0.151325	-0.100797
-0.124814	-0.1401
-0.166518	-0.106412
-0.147728	-0.1073
-0.148231	-0.0820586
-0.147458	-0.0804166
-0.145279	-0.0863453
-0.121341	-0.0822985
-0.149667	-0.11409
-0.137319	-0.113921
-0.223504	-0.13433
-0.191108	-0.148826
-0.173049	-0.121357
-0.157597	-0.115995
-0.160441	-0.134047
-0.150186	-0.139835
-0.157652	-0.170899
-0.179149	-0.152082
-0.162893	-0.153092
-0.148228	-0.153047
-0.145101	-0.14576
-0.133492	-0.128443
-0.0628611	-0.0988022
-0.0713549	-0.0995579
-0.0740622	-0.124764
-0.0255314	-0.110857
-0.029863	-0.11872
0.00283147	-0.148215
-0.0705427	-0.0947622
-0.0727922	-0.105944
-0.0411956	-0.0996943
-0.031901	-0.107519
0.0207111	-0.0751331
0.0199331	-0.0897697
-0.00535981	-0.168583
-0.0307195	-0.112929
-0.0937078	-0.125898
-0.13237	-0.116514
-0.0831547	-0.139049
-0.146706	-0.223116
-0.148863	-0.126585
-0.149485	-0.14332
-0.142087	-0.13368
-0.132854	-0.0761695
-0.129145	-0.0826817
-0.161851	-0.0960402
-0.147298	-0.102758
-0.0928296	-0.158669
-0.0923606	-0.156423
-0.0925193	-0.18074
-0.0819917	-0.204934
-0.0522039	-0.164625
-0.0517598	-0.16786
-0.119066	-0.125432
-0.0341994	-0.125361
-0.082185	-0.138192
-0.0840953	-0.137253
-0.0831871	-0.14427
-0.104354	-0.135601
-0.0684522	-0.102546
-0.0719411	-0.108245
-0.0969923	-0.0977466
-0.081508	-0.0778508
-0.0772301	-0.0740088
-0.0931976	-0.0442813
-0.0992822	-0.0499709
-0.0993648	-0.0438689
-0.137784	-0.0546519
-0.151238	-0.0552599
-0.198084	-0.0656006
-0.200964	-0.131266
-0.196579	-0.134202
-0.180649	-0.150521
-0.180974	-0.1611
-0.188774	-0.147916
-0.175756	-0.145389
-0.235333	-0.129031
-0.220243	-0.141799
-0.173684	-0.133169
-0.19473	-0.166029
-0.169105	-0.163933
-0.149863	-0.16299
-0.113799	-0.144805
-0.125468	-0.111279
-0.10765	-0.0831078
-0.113484	-0.0868908
-0.146473	-0.0519162
-0.108776	-0.0274764
-0.135104	-0.0422596
-0.138425	-0.0389452
-0.135725	-0.0385955
-0.147956	0.0048721
-0.153147	0.00375399
-0.175282	0.0250894
-0.162656	0.00704966
-0.0786181	-0.00111755
-0.0588727	-0.0278743
-0.053949	-0.0605926
-0.0769055	-0.0584232
-0.138013	-0.0476732
-0.139046	-0.0375385
-0.106668	-0.0855947
-0.107141	-0.0875968
-0.212856	-0.0651285
-0.198481	-0.00536664
-0.167781	-0.023063
-0.141743	0.0331903
-0.133267	0.0704357
-0.151602	0.0964557
-0.136312	0.140674
-0.137534	0.129138
-0.0982312	0.0929723
-0.125915	0.0639583
-0.130353	0.0589528
-0.095133	0.101796
-0.0883316	0.0560305
-0.0621124	-0.0133448
-0.0950319	-0.0299578
-0.109648	-0.0214156
-0.125239	-0.0431634
-0.13382	-0.0343314
-0.0976695	-0.0452903
-0.0853953	-0.0430439
-0.099901	-0.0796326
-0.102056	-0.0817573
-0.145034	-0.12312
-0.135316	-0.117437
-0.153604	-0.0957925
-0.170027	-0.104421
-0.164912	-0.105869
-0.17788	-0.123782
-0.161487	-0.187753
-0.145642	-0.175948
-0.0164282	-0.146184
-0.00617604	-0.199767
0.00581539	-0.184707
0.0426135	-0.167697
0.0852803	-0.194413
0.101142	-0.181286
0.10819	-0.169377
0.110741	-0.159353
0.15071	-0.149212
0.159178	-0.113497
0.154544	-0.0837671
0.133343	-0.0748619
0.131359	-0.0621697
0.136701	-0.0528918
0.146589	-0.0571477
0.148584	-0.0487599
0.138825	-0.0635366
0.147117	-0.0524559
0.128558	-0.0639487
0.149647	-0.0769143
0.138566	-0.0763289
0.136519	-0.0792231
0.11319	-0.0711549
0.116559	-0.0676487
0.114861	-0.0634193
0.134949	-0.176254
0.0937527	-0.190198
0.0463026	-0.183777
0.0480117	-0.199648
0.0497189	-0.198899
0.0823136	-0.209675
0.0828449	-0.164917
0.138604	-0.128659
0.135306	-0.113571
0.173446	-0.11568
0.198132	-0.128637
0.223466	-0.0950871
0.206976	-0.0736429
0.194139	-0.0683398
0.220066	-0.0174017
0.217121	-0.107436
0.233885	-0.0741065
0.220817	-0.0650879
0.249694	-0.0479789
0.129946	-0.0391632
0.157586	-0.0366081
0.080915	-0.022843
0.0980682	-0.0847318
0.0932684	-0.0558487
0.0690927	-0.0757306
0.0925768	-0.0637682
0.0466961	0.00921446
0.0582543	0.0305079
0.0818079	0.0465708
0.0786209	0.0259178
0.0794745	0.0218602
0.140798	0.0141694
0.124885	0.0669243
0.120813	0.086508
0.132645	0.0986925
0.208625	0.127276
0.217757	0.153552
0.175923	0.17258
0.1971	0.18098
0.171383	0.225498
0.13905	0.22247
0.116382	0.213383
0.105917	0.210766
0.0930646	0.200174
0.09832	0.131741
0.118138	0.106183
0.158395	0.14282
0.150359	0.124518
0.132017	0.133457
0.118574	0.158349
0.13696	0.176136
0.128046	0.16249
0.0799046	0.15179
-0.015807	0.163451
-0.0232642	0.164353
-0.0367998	0.168143
-0.10899	0.199325
-0.114076	0.149973
-0.117643	0.179927
-0.0893707	0.195914
-0.0821624	0.195331
-0.042716	0.156747
-0.0208638	0.133717
-0.0424908	0.116794
-0.00338813	0.0950426
-0.0326847	0.0866966
-0.0831531	0.0750771
-0.125774	0.0321284
-0.0982382	0.051429
-0.106551	0.0523191
-0.0993473	0.0649376
-0.131794	0.0680914
-0.131432	0.0744529
-0.13306	0.0701633
-0.203476	0.089818
-0.196997	0.0997537
-0.259414	0.0441961
-0.232967	0.0727106
-0.204316	0.0499926
-0.182896	0.0471655
-0.187048	0.0191833
-0.179425	0.0198396
-0.195198	-0.00635054
-0.141016	-0.0119532
-0.159815	0.0188333
-0.135181	0.043612
-0.15833	0.0490314
-0.1574	0.0460316
-0.169431	0.0912185
-0.186652	0.0674699
-0.228334	0.0518037
-0.235593	0.0101891
-0.231233	-0.0214915
-0.221454	0.00684261
-0.227068	0.0372142
-0.211121	0.0181256
-0.239855	0.03739
-0.337012	0.00267438
-0.293391	0.0566213
-0.256821	0.0477026
-0.277298	0.105883
-0.284067	0.111943
-0.202459	0.145519
-0.178677	0.140498
-0.163962	0.119799
-0.162807	0.109602
-0.161819	0.151064
-0.188568	0.16869
-0.166815	0.161502
-0.173666	0.163477
-0.140728	0.177963
-0.141506	0.145633
-0.156901	0.134505
-0.149933	0.107928
-0.132978	0.11754
-0.118838	0.129808
-0.1131	0.121853
-0.095759	0.132185
-0.017364	0.133551
0.00457709	0.144578
0.0073761	0.138548
0.0172173	0.141425
0.026379	0.156543
0.0260448	0.155836
0.0730431	0.155273
0.0554323	0.161355
0.0641599	0.153167
0.0494748	0.234383
0.0405166	0.241281
-0.0424582	0.202627
0.0138012	0.209128
0.0595926	0.206554
0.0499286	0.187673
-0.018047	0.173543
-0.0147351	0.169774
0.0607261	0.197726
0.041267	0.190803
0.0178362	0.218977
0.0506747	0.21026
-0.0310137	0.203915
0.0202565	0.248866
0.0638137	0.240398
0.0356949	0.23168
0.0179763	0.218313
0.0313215	0.213312
0.0284048	0.199276
0.0952252	0.1686
0.0964559	0.173966
0.086972	0.0769593
0.108054	0.111409
0.113333	0.107002
0.105338	0.103696
0.117324	0.0893293
0.120684	0.0886581
0.19341	0.0761738
0.179154	0.0726972
0.187062	-0.044662
0.179734	-0.0435539
0.17897	-0.0609799
0.230246	-0.0509438
0.197921	-0.0430331
0.183519	-0.031109
0.164273	0.00853058
0.126453	-0.0227523
0.166734	-0.0331808
0.222007	0.0156278
0.153999	0.0603557
0.152876	0.0572615
0.150274	0.0543419
0.160542	0.0789816
0.193235	0.0930131
0.210062	0.081781
0.187741	0.0796267
0.185496	0.0809504
0.1795	0.0786208
0.116281	0.0533981
0.0840624	0.0887205
0.0896923	0.0914592
0.0837443	0.0950065
0.106429	0.0990969
0.125507	0.0765271
0.0969058	0.0768573
0.0912317	0.146864
0.135016	0.135016
0.109129	0.115837
0.106395	0.118693
0.110058	0.128294
0.0969322	0.138064
0.0779416	0.15537
0.0585568	0.0924395
0.0700971	0.0971989
0.0971739	0.103028
0.101208	0.112474
0.123236	0.117827
0.120864	0.147103
0.111057	0.124118
0.107657	0.12244
0.103915	0.110469
0.0970242	0.128716
0.0970339	0.127963
0.0989807	0.126499
0.0903781	0.139805
0.113395	0.135004
0.141656	0.120084
0.195826	0.037702
0.188254	0.0348046
0.184755	0.0317445
0.196236	0.01259
0.191119	-0.00639378
0.226258	0.0170215
0.236787	0.0154881
0.234327	0.00404939
0.206378	0.0465391
0.19653	0.041642
0.194878	0.0635992
0.188931	0.0572668
0.170623	0.0563042
0.203171	0.0351029
0.270107	0.0610909
0.252944	0.0461628
0.151803	0.0467595
0.148389	0.0406134
0.101744	0.00751664
0.096674	0.0249037
0.108277	0.0278595
0.122773	0.0322125
0.167761	0.0130271
0.2012	0.0381664
0.194335	0.0460635
0.212634	0.0269469
0.17926	0.0247464
0.173034	0.0479887
0.192431	0.0822396
0.174519	0.0690762
0.141711	-0.000124817
0.165787	0.0185868
0.173983	0.0259039
0.209556	0.0584811
0.223448	0.0386315
0.204545	0.027489
0.198199	0.0264575
0.197384	0.0244875
0.2149	0.0203114
0.211488	0.0216564
0.19547	0.0415902
0.259358	0.016791
0.266437	0.0334912
0.250208	0.0415615
0.240184	0.0371902
0.181523	0.0100952
0.14771	-0.0174502
0.181915	-0.0506172
0.171237	-0.17522
0.171869	-0.166569
0.146483	-0.12628
0.121471	-0.090381
0.129545	-0.0885182
0.139983	-0.0877822
0.126507	-0.0884768
0.120246	-0.0946668
0.098718	-0.10464
0.0988635	-0.122483
0.0926232	-0.102454
0.079456	-0.122705
0.0192738	-0.110683
0.00934999	-0.16543
0.0241833	-0.168265
-0.000425283	-0.151806
-0.00316537	-0.133621
-0.00692511	-0.135198
-0.000196704	-0.133173
0.0158325	-0.15457
0.0241073	-0.0610613
0.104918	-0.122105
0.0519918	-0.0895789
0.0648407	-0.100986
0.0614547	-0.101613
0.0371951	-0.0530956
0.0434301	-0.0816469
0.0358338	-0.0517162
0.0724748	-0.115467
0.0180881	-0.102972
-0.00917426	-0.104204
-0.0646245	-0.13505
-0.0832656	-0.153339
-0.0925838	-0.143093
-0.120425	-0.135788
-0.120434	-0.138502
-0.172344	-0.12877
-0.212763	-0.126317
-0.198971	-0.11327
-0.212353	-0.0663471
-0.231408	-0.0634342
-0.221689	-0.0669121
-0.256791	-0.0840809
-0.227761	-0.122632
-0.210478	-0.112304
-0.175928	-0.121118
-0.0998277	-0.0699338
-0.134491	-0.103908
-0.0741804	-0.098439
-0.09775	-0.0864232
-0.103246	-0.102409
-0.102585	-0.101571
-0.142332	-0.138421
-0.147924	-0.154409
-0.147793	-0.142876
-0.136881	-0.194446
-0.13227	-0.177582
-0.146078	-0.163559
-0.150184	-0.136158
-0.116874	-0.158494
-0.125823	-0.180632
-0.15593	-0.147759
-0.156149	-0.165459
-0.129681	-0.19034
-0.124683	-0.177053
-0.101962	-0.164183
0.00771322	-0.125605
0.00286295	-0.139349
0.00456755	-0.16295
-0.0078937	-0.155327
-0.00872412	-0.140622
-0.015492	-0.138908
-0.0278216	-0.139228
-0.0345317	-0.146784
-0.047507	-0.140118
-0.101585	-0.17631
-0.138658	-0.150238
-0.120849	-0.118235
-0.121536	-0.0979642
-0.0897498	-0.0964236
-0.0469403	-0.109951
-0.0575418	-0.0708918
-0.0634609	-0.140047
-0.0812359	-0.116556
-0.0890813	-0.0232296
-0.10115	-0.0266898
-0.0812296	-0.0357693
-0.0927107	-0.0215087
-0.089762	-0.0541889
-0.084053	-0.054491
-0.10796	-0.0626382
-0.0727024	-0.0472421
-0.074575	0.00696723
-0.0329607	0.0339717
-0.037453	0.0561157
-0.0616369	0.0661497
-0.0814623	0.0553579
-0.122673	0.0562477
-0.132685	0.0937985
-0.136304	0.0969242
-0.122926	0.113296
-0.102333	0.114171
-0.102103	0.121511
-0.077916	0.108426
-0.0742162	0.116344
-0.0556206	0.132316
-0.0464268	0.123838
-0.0243911	0.155558
-0.0224828	0.152841
-0.0229242	0.153243
-0.0155573	0.149601
-0.0119862	0.151325
-0.0436035	0.135953
-0.0349186	0.141773
-0.0512951	0.15002
-0.0299212	0.146634
-0.0738382	0.144205
-0.0392302	0.146996
-0.0523011	0.14994
-0.0225249	0.212365
-0.0662846	0.221766
-0.0758698	0.194837
-0.0725929	0.181652
-0.101339	0.247287
-0.0733375	0.214035
-0.0647874	0.20355
-0.0405036	0.198581
-0.0387939	0.189455
-0.0352509	0.209287
-0.0340311	0.200366
-0.0190369	0.189501
-0.0212778	0.184447
-0.0279816	0.159397
-0.0241675	0.165627
-0.0267952	0.164899
-0.0252839	0.120477
-0.0312377	0.129188
-0.0356676	0.101345
-0.0424603	0.110861
-0.0440469	0.12611
-0.0404658	0.14707
-0.0485267	0.140424
-0.0638903	0.214269
-0.0472859	0.204053
-0.0455819	0.17962
-0.0563952	0.168335
-0.0252094	0.184588
-0.0272079	0.201919
-0.0387389	0.185656
-0.0400249	0.179858
-0.0145681	0.167655
-0.0638303	0.234799
-0.0280598	0.166565
-0.0696571	0.112415
-0.112267	0.127763
-0.121024	0.105363
-0.0226966	0.05115
-0.0121258	0.0367193
0.0220757	0.0811502
-0.0420407	0.0159772
-0.0130658	0.0124967
-0.0438762	0.0360369
-0.0696296	0.0809089
-0.0840427	0.11264
-0.0577378	0.137257
-0.0820917	0.154541
-0.0482806	0.127757
-0.0200004	0.0941945
-0.0279535	0.100993
0.0118067	0.200516
0.00860176	0.129099
0.00855296	0.142361
0.0161062	0.133148
0.0463564	0.199743
0.0865564	0.23919
0.107725	0.17775
0.0906732	0.153108
0.089463	0.138852
0.122274	0.127548
0.109951	0.0842677
0.143916	0.10252
0.188189	0.068689
0.133983	0.0554398
0.196812	0.0491365
0.190543	0.0346196
0.181	0.0323587
0.186573	0.0255923
0.216904	0.000109582
0.142818	-0.0272054
0.150938	-0.056207
0.182293	-0.0109848
0.130992	-0.0252034
0.159748	-0.0387586
0.172187	-0.0370373
0.200767	-0.0972758
0.227192	-0.0579534
0.176318	-0.0781498
0.164995	-0.0733356
0.171628	-0.0754105
0.16708	-0.112056
0.134709	-0.139591
0.119756	-0.136977
0.125247	-0.133385
0.16446	-0.107541
0.140169	-0.0917905
0.115149	-0.0617953
0.127367	-0.0797866
0.129662	-0.0819615
0.135358	-0.0709329
0.136896	-0.0750792
0.110727	0.0217684
0.111692	0.0192869
0.137148	0.018768
0.147119	0.0103786
0.144006	0.00751006
0.151153	0.0117456
0.151365	0.0114367
0.132691	0.00318415
0.154204	0.0344618
0.149357	-0.0181288
0.211991	0.0552467
0.187882	0.0341464
0.141086	0.0354431
0.14734	0.0353348
0.148989	0.0279743
0.148964	0.0251191
