-0.0290955	0.0290406
-0.0538388	0.0531026
-0.0749719	0.0734199
-0.0928121	0.0907831
-0.10832	0.105624
-0.122585	0.118486
-0.135329	0.129677
-0.146462	0.139795
-0.157141	0.149162
-0.166804	0.157771
-0.174627	0.165669
-0.181007	0.172714
-0.187341	0.179312
-0.193398	0.18587
-0.199157	0.192007
-0.204833	0.197752
-0.210329	0.20319
-0.215633	0.208023
-0.220866	0.212841
-0.225646	0.217751
-0.230105	0.2223
-0.234283	0.227102
-0.238288	0.231299
-0.242115	0.235344
-0.245724	0.238999
-0.249323	0.242046
-0.253228	0.245395
-0.257022	0.248561
-0.260239	0.251755
-0.262919	0.255316
-0.265362	0.258432
-0.268087	0.262028
-0.270896	0.264922
-0.273355	0.268029
-0.275643	0.271076
-0.277779	0.273066
-0.280811	0.275649
-0.283665	0.278434
-0.286288	0.28141
-0.288769	0.284069
-0.29089	0.286282
-0.29292	0.288853
-0.294916	0.292225
-0.296329	0.295691
-0.29709	0.299836
-0.298005	0.303945
-0.299237	0.306963
-0.300156	0.310375
-0.301143	0.314067
-0.30169	0.318109
-0.302585	0.322194
-0.303214	0.325574
-0.30469	0.328798
-0.306792	0.332075
-0.308908	0.336021
-0.310907	0.340058
-0.312535	0.343866
-0.314221	0.34808
-0.315576	0.352365
-0.31721	0.357414
-0.318897	0.362613
-0.320538	0.368225
-0.322164	0.374416
-0.323843	0.380738
-0.325618	0.386759
-0.326647	0.392783
-0.32797	0.399229
-0.329543	0.40492
-0.331049	0.41092
-0.332856	0.417511
-0.335151	0.424117
-0.33763	0.430835
-0.34028	0.437807
-0.342647	0.444781
-0.344956	0.451796
-0.346818	0.459078
-0.348726	0.466232
-0.350697	0.473677
-0.352492	0.480924
-0.35414	0.487505
-0.355149	0.494472
-0.356424	0.501409
-0.358205	0.507958
-0.359967	0.514505
-0.362068	0.521855
-0.364709	0.529535
-0.367272	0.536994
-0.370764	0.544111
-0.373888	0.550663
-0.376869	0.557148
-0.37999	0.563958
-0.383222	0.570356
-0.386095	0.576864
-0.388802	0.583569
-0.3919	0.589635
-0.394673	0.596231
-0.397351	0.602427
-0.399772	0.608935
-0.402578	0.61478
-0.404813	0.621504
-0.407504	0.627942
-0.409833	0.634402
-0.411991	0.641001
-0.414072	0.647625
-0.416577	0.654531
-0.419005	0.661497
-0.422055	0.668327
-0.425457	0.675145
-0.428599	0.681708
-0.430841	0.688302
-0.43266	0.694991
-0.434367	0.701669
-0.436227	0.708511
-0.438042	0.716224
-0.439676	0.72382
-0.441371	0.731486
-0.443109	0.739248
-0.444291	0.746988
-0.445427	0.75456
-0.446285	0.762181
-0.44709	0.769872
-0.448075	0.777464
-0.448911	0.784858
-0.449874	0.792042
-0.451092	0.799325
-0.452385	0.806677
-0.453844	0.814073
-0.455365	0.82173
-0.456968	0.829577
-0.458585	0.837187
-0.460224	0.844738
-0.461913	0.852493
-0.463323	0.860517
-0.464909	0.868195
-0.465755	0.875879
-0.466376	0.883837
-0.46783	0.892404
-0.468465	0.900904
-0.469472	0.909569
-0.470669	0.918104
-0.471591	0.926648
-0.472427	0.934705
-0.473684	0.942883
-0.47568	0.951201
-0.47701	0.959711
-0.478138	0.968883
-0.479978	0.977164
-0.481659	0.985617
-0.482344	0.993655
-0.483538	1.00148
-0.484745	1.01001
-0.485054	1.01819
-0.485268	1.02701
-0.485659	1.0359
-0.486615	1.04432
-0.488226	1.05247
-0.490352	1.06072
-0.493477	1.06852
-0.496415	1.07602
-0.499306	1.08301
-0.502008	1.09033
-0.505642	1.09727
-0.509004	1.10384
-0.512871	1.11041
-0.517234	1.11707
-0.52175	1.12372
-0.526179	1.12918
-0.530365	1.1354
-0.53432	1.14166
-0.538807	1.14772
-0.544061	1.15352
-0.549243	1.15924
-0.55397	1.16542
-0.558033	1.17121
-0.562364	1.1772
-0.566812	1.18276
-0.571549	1.18835
-0.575848	1.19391
-0.580544	1.19941
-0.585056	1.20562
-0.589996	1.21184
-0.594841	1.21804
-0.600089	1.22445
-0.605374	1.23049
-0.610621	1.23579
-0.615734	1.24232
-0.620408	1.24841
-0.624938	1.2541
-0.629244	1.25989
-0.63409	1.26577
-0.639106	1.27163
-0.644506	1.27759
-0.650167	1.28336
-0.656432	1.2884
-0.662637	1.29355
-0.668174	1.29821
-0.673853	1.30291
-0.679698	1.3079
-0.685582	1.31284
-0.691563	1.31758
-0.697025	1.32202
-0.702822	1.32667
-0.708731	1.33131
-0.714074	1.33586
-0.719399	1.34065
-0.725302	1.34584
-0.73134	1.3504
-0.738467	1.35487
-0.745918	1.35938
-0.753372	1.36505
-0.7605	1.37081
-0.76756	1.37657
-0.774878	1.38203
-0.781746	1.38785
-0.788599	1.39355
-0.795413	1.39938
-0.80234	1.4049
-0.809466	1.41015
-0.817331	1.41514
-0.82471	1.42095
-0.832062	1.42667
-0.839409	1.43281
-0.84654	1.43873
-0.853787	1.44413
-0.860538	1.44945
-0.866665	1.45449
-0.87245	1.45951
-0.878	1.46445
-0.883635	1.4694
-0.889378	1.47436
-0.895165	1.47961
-0.900845	1.4853
-0.90634	1.4909
-0.911765	1.49668
-0.91736	1.50232
-0.923068	1.50781
-0.927822	1.51272
-0.933252	1.51839
-0.939099	1.52411
-0.944533	1.52901
-0.949357	1.53414
-0.954076	1.53979
-0.959198	1.54523
-0.964845	1.5505
-0.97106	1.55524
-0.977342	1.56008
-0.983996	1.56516
-0.990565	1.57059
-0.996517	1.57549
-1.00227	1.58049
-1.00837	1.58517
-1.01449	1.58928
-1.0205	1.59357
-1.02686	1.59762
-1.0332	1.60136
-1.04025	1.60575
-1.047	1.61044
-1.05389	1.6152
-1.06081	1.61893
-1.06786	1.6233
-1.0745	1.62751
-1.08102	1.63197
-1.08723	1.63665
-1.09319	1.64143
-1.09837	1.64623
-1.10437	1.65095
-1.10997	1.65598
-1.11536	1.66089
-1.12078	1.66569
-1.12651	1.67054
-1.13177	1.67519
-1.13764	1.67983
-1.14325	1.68418
-1.14906	1.68863
-1.15522	1.69347
-1.16144	1.69867
-1.16744	1.70336
-1.17349	1.70785
-1.18003	1.71264
-1.18642	1.7179
-1.19247	1.72254
-1.19856	1.7268
-1.2049	1.73092
-1.21131	1.73519
-1.21782	1.73965
-1.22413	1.74425
-1.23018	1.74896
-1.23621	1.75378
-1.24202	1.75865
-1.24732	1.76392
-1.25271	1.76919
-1.25825	1.77438
-1.26446	1.77984
-1.2711	1.78424
-1.27758	1.78871
-1.28398	1.79267
-1.2902	1.79654
-1.29659	1.80064
-1.30286	1.80485
-1.3087	1.80892
-1.31446	1.81272
-1.32006	1.81721
-1.3259	1.82291
-1.33154	1.82887
-1.33712	1.83439
-1.34279	1.83941
-1.34886	1.84451
-1.35504	1.84948
-1.36119	1.85457
-1.3672	1.85902
-1.37334	1.86353
-1.3796	1.8685
-1.38556	1.87354
-1.39152	1.87888
-1.39789	1.88413
-1.40405	1.88949
-1.40993	1.89477
-1.41589	1.89993
-1.42202	1.90502
-1.42807	1.91006
-1.43407	1.91518
-1.43994	1.92038
-1.44475	1.92601
-1.44921	1.9314
-1.45413	1.93694
-1.45916	1.94244
-1.4646	1.9484
-1.47009	1.95397
-1.47546	1.95962
-1.48099	1.96548
-1.48627	1.97119
-1.49124	1.97689
-1.4964	1.98224
-1.50117	1.98744
-1.50609	1.99285
-1.51118	1.99753
-1.51666	2.00283
-1.52247	2.00834
-1.52935	2.01361
-1.53606	2.01894
-1.54211	2.02401
-1.54835	2.02905
-1.55479	2.03368
-1.56122	2.03838
-1.56746	2.04332
-1.57375	2.04898
-1.57996	2.055
-1.58613	2.0609
-1.59273	2.06662
-1.59941	2.07156
-1.60593	2.07661
-1.61308	2.08185
-1.61992	2.08725
-1.62697	2.09346
-1.63375	2.09953
-1.64043	2.10484
-1.64691	2.11011
-1.65315	2.11544
-1.65937	2.12092
-1.66546	2.12604
-1.67137	2.13105
-1.67679	2.13602
-1.68221	2.14025
-1.68745	2.14484
-1.69278	2.1495
-1.69823	2.1548
-1.70356	2.16035
-1.70915	2.16618
-1.71409	2.17042
-1.71916	2.17493
-1.72404	2.17951
-1.72887	2.18422
-1.73348	2.18863
-1.73782	2.1931
-1.74261	2.19798
-1.74757	2.20278
-1.75268	2.20687
-1.7581	2.2109
-1.76353	2.215
-1.76921	2.21973
-1.77506	2.2249
-1.781	2.23
-1.78701	2.23504
-1.7927	2.24029
-1.79869	2.24552
-1.80513	2.25107
-1.81143	2.25675
-1.81763	2.26272
-1.82345	2.26919
-1.82932	2.27536
-1.83527	2.28125
-1.84174	2.28683
-1.84808	2.29182
-1.8541	2.29679
-1.86015	2.30151
-1.8662	2.30592
-1.87239	2.31116
-1.87866	2.31629
-1.88445	2.32037
-1.8902	2.32439
-1.89613	2.32875
-1.90218	2.33313
-1.90814	2.33764
-1.91385	2.34194
-1.91954	2.34654
-1.92493	2.35126
-1.93009	2.35569
-1.93531	2.36087
-1.94068	2.36611
-1.94651	2.3717
-1.95245	2.37732
-1.95846	2.38305
-1.9647	2.38885
-1.97103	2.39459
-1.97737	2.40042
-1.98331	2.40632
-1.98937	2.41259
-1.9947	2.41882
-1.99989	2.42479
-2.00524	2.43045
-2.01058	2.43619
-2.01551	2.44221
-2.02045	2.4484
-2.02536	2.45444
-2.0304	2.461
-2.03553	2.46762
-2.04075	2.47381
-2.04599	2.48003
-2.05127	2.48587
-2.05646	2.49139
-2.06154	2.49626
-2.06648	2.50115
-2.07137	2.50663
-2.07608	2.51215
-2.08067	2.51784
-2.08512	2.52358
-2.08944	2.52946
-2.09375	2.53545
-2.09823	2.5416
-2.10316	2.54814
-2.10774	2.55474
-2.1124	2.56047
-2.11726	2.56697
-2.12222	2.57393
-2.12646	2.58053
-2.13033	2.58671
-2.13421	2.5928
-2.13787	2.59858
-2.14317	2.60487
-2.14803	2.61045
-2.15341	2.61596
-2.15856	2.62127
-2.16287	2.62716
-2.16704	2.63309
-2.17128	2.63867
-2.17566	2.64414
-2.18004	2.64976
-2.1844	2.65571
-2.18873	2.66171
-2.19294	2.6679
-2.19651	2.67441
-2.20019	2.68068
-2.20375	2.68684
-2.20753	2.69294
-2.21081	2.70036
-2.21491	2.70695
-2.21877	2.71284
-2.22279	2.71873
-2.22716	2.72449
-2.23158	2.7302
-2.23556	2.73601
-2.23919	2.74213
-2.24203	2.74804
-2.24547	2.75397
-2.2492	2.76009
-2.2531	2.76608
-2.25706	2.77215
-2.26136	2.77794
-2.26581	2.78367
-2.27093	2.78914
-2.27674	2.79402
-2.28231	2.79893
-2.28762	2.80378
-2.29299	2.80825
-2.29832	2.81289
-2.30306	2.81752
-2.30805	2.82227
-2.31308	2.82708
-2.3182	2.83186
-2.32322	2.83672
-2.32883	2.84134
-2.33413	2.84655
-2.33894	2.85169
-2.34406	2.85661
-2.34937	2.86149
-2.35461	2.8663
-2.35994	2.87102
-2.36535	2.87567
-2.37086	2.88017
-2.3762	2.88503
-2.38133	2.88958
-2.38689	2.89337
-2.39248	2.8973
-2.39911	2.90198
-2.40621	2.90657
-2.41258	2.91117
-2.41864	2.91572
-2.42414	2.92005
-2.42983	2.92413
-2.43595	2.92822
-2.44195	2.93169
-2.44793	2.93563
-2.4542	2.9401
-2.461	2.94516
-2.46734	2.94991
-2.47356	2.95457
-2.47978	2.95906
-2.48553	2.96406
-2.49089	2.9683
-2.49639	2.97323
-2.50212	2.97823
-2.50755	2.98337
-2.51298	2.98835
-2.51794	2.99352
-2.52303	2.99826
-2.52834	3.00273
-2.53383	3.00719
-2.53926	3.01154
-2.54448	3.01602
-2.54995	3.01956
-2.55545	3.02352
-2.56063	3.0277
-2.566	3.03111
-2.57224	3.03494
-2.57883	3.03856
-2.58588	3.04245
-2.59253	3.04656
-2.59924	3.05054
-2.60526	3.05509
-2.61113	3.05972
-2.61749	3.06432
-2.62344	3.06917
-2.62887	3.07343
-2.63437	3.07799
-2.63972	3.08262
-2.64471	3.08717
-2.64881	3.09195
-2.65286	3.09626
-2.65707	3.10079
-2.66163	3.10517
