0.0732275	0.092054
0.0780153	0.0979356
0.0837189	0.102807
0.074469	0.108579
0.0800523	0.112557
0.0836883	0.102662
0.0626103	0.0954038
0.064187	0.101616
0.0521917	0.095393
0.0556805	0.101283
0.0544446	0.103491
0.0572028	0.105441
0.0628103	0.115213
0.0649712	0.116593
0.0660451	0.121232
0.0803476	0.116958
0.0817591	0.119562
0.0865505	0.146113
0.0864766	0.154183
0.0888461	0.153557
0.0867438	0.149153
0.100479	0.154217
0.0987828	0.149863
0.0896681	0.149019
0.0912797	0.145363
0.0899001	0.142752
0.0875453	0.13962
0.0873223	0.147438
0.0858638	0.154418
0.0889815	0.14912
0.0979219	0.138911
0.0898231	0.13202
0.0756156	0.131614
0.0851655	0.124618
0.0979419	0.129368
0.115044	0.123493
0.12564	0.10443
0.113065	0.0944573
0.121121	0.0940075
0.124971	0.0948652
0.122968	0.0856564
0.126515	0.0882541
0.127582	0.0855614
0.117505	0.0723337
0.129596	0.070447
0.126287	0.0638995
0.130399	0.0711475
0.133593	0.0740276
0.135282	0.0737224
0.12404	0.0698008
0.12079	0.0817317
0.114385	0.085612
0.109949	0.0866676
0.11644	0.0912307
0.121972	0.0887511
0.114774	0.0918303
0.112221	0.0936593
0.112706	0.109208
0.11121	0.0985948
0.110406	0.111923
0.113381	0.113432
0.113507	0.113256
0.111512	0.112799
0.112646	0.108281
0.109187	0.116996
0.116774	0.125843
0.110619	0.104584
0.113837	0.0983732
0.103518	0.0868572
0.108538	0.0752341
0.114882	0.0800341
0.117252	0.0779573
0.124761	0.0846236
0.120239	0.0951251
0.12883	0.0943206
0.144606	0.103892
0.140258	0.105238
0.126828	0.108739
0.12514	0.107946
0.117275	0.109443
0.116682	0.109433
0.114525	0.107544
0.113695	0.112113
0.113573	0.111372
0.133326	0.110073
0.124931	0.108727
0.112567	0.109057
0.117743	0.0953251
0.107114	0.101526
0.103163	0.110804
0.104648	0.111751
0.105814	0.112376
0.103722	0.120783
0.101637	0.120616
0.102112	0.109452
0.103284	0.110767
0.111969	0.11662
0.112435	0.117542
0.12005	0.106318
0.119618	0.106783
0.116572	0.112646
0.115112	0.108515
0.132589	0.11833
0.138932	0.117398
0.133861	0.113442
0.13875	0.107768
0.128813	0.122508
0.129355	0.117535
0.13002	0.113679
0.127855	0.111244
0.128363	0.111446
0.127371	0.108681
0.125891	0.110481
0.125596	0.109539
0.137748	0.101797
0.140887	0.0953911
0.126401	0.0999503
0.128035	0.0875636
0.132677	0.0862444
0.121704	0.0840883
0.123475	0.0899669
0.125613	0.0892212
0.128244	0.0918796
0.130245	0.092839
0.13127	0.0901827
0.140543	0.0985917
0.136808	0.110147
0.137159	0.107405
0.134769	0.105528
0.133978	0.101493
0.128734	0.101618
0.125744	0.0980539
0.11553	0.0994419
0.120315	0.103632
0.121271	0.105421
0.10272	0.086004
0.107432	0.0885413
0.113143	0.0951531
0.116178	0.0951412
0.117271	0.0973759
0.116244	0.0999575
0.117633	0.102004
0.125176	0.101683
0.128195	0.0967785
0.127478	0.096746
0.131549	0.0909179
0.106713	0.114465
0.104697	0.11613
0.0854137	0.118218
0.0898577	0.120958
0.0807891	0.115858
0.082772	0.118835
0.0847386	0.118537
0.0860736	0.121067
0.0995127	0.118096
0.0911687	0.114248
0.100269	0.118415
0.119031	0.119106
0.117495	0.117856
0.11796	0.114863
0.117786	0.113911
0.10793	0.0983507
0.110167	0.100063
0.105239	0.0948743
0.110104	0.0966765
0.114561	0.101968
0.11548	0.104356
0.104035	0.104151
0.096603	0.110108
0.0946329	0.108159
0.105563	0.118358
0.123795	0.116773
0.13308	0.115156
0.121961	0.10955
0.111345	0.111406
0.10431	0.12225
0.114985	0.122178
0.105596	0.110847
0.11063	0.112481
0.12231	0.12479
0.126119	0.124736
0.132456	0.114339
0.126524	0.112353
0.117067	0.111056
0.126861	0.10814
0.120871	0.106292
0.119361	0.113669
0.112387	0.11359
0.110431	0.126134
0.118675	0.124871
0.127254	0.126118
0.120461	0.134384
0.104182	0.138945
0.10137	0.139289
0.0981425	0.150532
0.100625	0.146335
0.100383	0.150589
0.09994	0.152809
0.0932601	0.143141
0.0614636	0.136799
0.0663618	0.119103
0.0739776	0.119262
0.0840275	0.122031
0.0843422	0.122922
0.101742	0.115588
0.107929	0.114502
0.108071	0.116748
0.113742	0.116451
0.102526	0.131563
0.109495	0.13488
0.10384	0.110633
0.099972	0.107393
0.114417	0.093345
0.120499	0.0848713
0.114438	0.0847296
0.111653	0.09284
0.113457	0.0974171
0.136467	0.1056
0.136694	0.109757
0.132753	0.0961695
0.131902	0.0952073
0.125051	0.0938185
0.115204	0.095967
0.111308	0.0958816
0.11368	0.0969583
0.107253	0.0956443
0.101112	0.0965314
0.105067	0.0973023
0.0902218	0.112144
0.0953293	0.10862
0.077525	0.117963
0.0911505	0.12441
0.0949988	0.125344
0.100199	0.128141
0.100875	0.124173
0.100216	0.128317
0.0960654	0.117946
0.0937352	0.122381
0.0947537	0.119164
0.103244	0.126717
0.102436	0.127372
0.0968388	0.125436
0.0979469	0.130762
0.0835253	0.128824
0.0772892	0.128484
0.07785	0.130734
0.0934908	0.125432
0.101786	0.132635
0.100965	0.129567
0.107789	0.131846
0.110444	0.125295
0.109182	0.117346
0.0957957	0.118567
0.0969561	0.117634
0.0938179	0.112727
0.0933206	0.116299
0.099866	0.114116
0.106334	0.104251
0.10741	0.106337
0.119005	0.113548
0.117186	0.112827
0.111464	0.114402
0.102864	0.131772
0.111874	0.132875
0.115437	0.117503
0.115205	0.116369
0.112032	0.121565
0.10334	0.135997
0.104869	0.114851
0.107352	0.121607
0.105386	0.118373
0.104803	0.118658
0.106356	0.121855
0.102861	0.113546
0.101081	0.112391
0.105743	0.115013
0.104535	0.120635
0.10605	0.121623
0.111371	0.127982
0.114324	0.135256
0.10923	0.127534
0.122806	0.125816
0.120586	0.118985
0.112052	0.111911
0.107497	0.115188
0.109534	0.111067
0.102904	0.1094
0.100855	0.111281
0.102029	0.115038
0.112769	0.109979
0.0924233	0.110128
0.0932253	0.109083
0.0865666	0.109721
0.0902176	0.114697
0.0919701	0.118291
0.0858952	0.10854
0.0871132	0.119175
0.0927615	0.107472
0.0848975	0.105544
0.102555	0.106669
0.106766	0.107428
0.109568	0.121816
0.109268	0.119669
0.107702	0.112904
0.105017	0.114658
0.107634	0.112925
0.108255	0.112263
0.11321	0.123533
0.119526	0.107316
0.123207	0.10373
0.124206	0.10089
0.124138	0.101171
0.130229	0.100683
0.127954	0.0964502
0.133111	0.0988672
0.144287	0.0950574
0.141246	0.0908337
0.139478	0.0922175
0.144608	0.0820531
0.142368	0.0804587
0.136982	0.0740544
0.144091	0.071781
0.14605	0.0841206
0.149365	0.0888846
0.143901	0.0794285
0.141003	0.0770288
0.148	0.0699204
0.144722	0.074117
0.152478	0.0702034
0.147012	0.0809687
0.146515	0.0811307
0.146167	0.0815255
0.129838	0.0778798
0.134091	0.0747411
0.137447	0.0733604
0.138531	0.0696601
0.142287	0.0789114
0.153087	0.0897319
0.14911	0.0905127
0.147005	0.0893085
0.142732	0.0877461
0.140848	0.0993311
0.11537	0.0927763
0.116461	0.0970403
0.121577	0.100455
0.129211	0.108304
0.125844	0.113199
0.129793	0.114482
0.136114	0.14446
0.128535	0.136028
0.117546	0.119446
0.116542	0.118416
0.109924	0.115579
0.116708	0.141733
0.113755	0.140832
0.110457	0.134032
0.105168	0.127767
0.104496	0.126958
0.106017	0.125252
0.103441	0.121669
0.103169	0.119414
0.109873	0.118161
0.10333	0.116139
0.104897	0.134078
0.101194	0.135348
0.0977043	0.139202
0.10625	0.140817
0.119428	0.127088
0.120841	0.12086
0.13154	0.124092
0.122005	0.111784
0.110926	0.116935
0.104279	0.119197
0.098304	0.123542
0.0984591	0.123908
0.130571	0.129396
0.135717	0.129643
0.126986	0.124242
0.123781	0.121262
0.124682	0.119916
0.125032	0.117164
0.128597	0.108342
0.127366	0.107423
0.129435	0.110953
0.133445	0.104577
0.135319	0.101096
0.136549	0.099456
0.128891	0.102166
0.126377	0.0972016
0.125466	0.0744235
0.125176	0.0745519
0.11603	0.0702739
0.112878	0.072652
0.115814	0.0763053
0.121928	0.0819092
0.127181	0.0810841
0.126897	0.0769779
0.136369	0.0659462
0.139156	0.0694998
0.142932	0.0819138
0.140141	0.0826865
0.141654	0.0853831
0.141364	0.091503
0.142951	0.084661
0.146286	0.079896
0.153875	0.084966
0.151519	0.082538
0.158614	0.0919249
0.156015	0.0900444
0.155772	0.0856431
0.144886	0.0747387
0.144457	0.0762563
0.139937	0.0726037
0.13866	0.0788482
0.140848	0.0667851
0.136772	0.0592037
0.140195	0.062297
0.143803	0.0593214
0.136486	0.04729
0.138467	0.0366722
0.139628	0.0350729
0.148173	0.0331463
0.150407	0.0288765
0.148588	0.0278917
0.14492	0.0252807
0.156097	0.0237806
0.157176	0.0241317
0.167308	0.015237
0.158585	0.0118373
0.15737	0.00869449
0.164903	0.0129281
0.156937	0.00758603
0.155336	0.00774604
0.161823	-0.00269737
0.152051	0.00338412
0.153241	0.00193537
0.152581	0.00168685
0.160107	0.00231053
0.167711	0.00651829
0.166051	0.00656133
0.173341	0.0166582
0.170631	0.0155747
0.166056	0.0123338
0.150603	0.0139438
0.157161	0.0176997
0.176117	0.017959
0.17608	0.0160995
0.171693	0.0311245
0.169352	0.0298049
0.177927	0.0298953
0.170144	0.0407829
0.184366	0.0441653
0.178708	0.0428428
0.169052	0.0429624
0.166092	0.0412469
0.153949	0.0297839
0.156897	0.0247446
0.167389	0.0396031
0.165393	0.039064
0.16872	0.039929
0.160159	0.0304459
0.146364	0.0252457
0.145397	0.0223051
0.141356	0.0289435
0.151932	0.027432
0.144866	0.0206755
0.143199	0.0206844
0.142809	0.0173941
0.148297	0.0286277
0.142384	0.031962
0.148106	0.0331447
0.141995	0.0429877
0.143209	0.0433991
0.143785	0.0466565
0.137953	0.0398519
0.13961	0.0377642
0.14374	0.0418004
0.136268	0.0537412
0.137218	0.0375427
0.142009	0.0389048
0.143119	0.0399666
0.146199	0.0396382
0.143861	0.0396322
0.154448	0.0430462
0.156373	0.0376931
0.14397	0.0292448
0.150771	0.0318997
0.158166	0.0331292
0.158626	0.027852
0.157409	0.0283829
0.157778	0.0299045
0.158456	0.0353992
0.146861	0.0513646
0.152654	0.0522186
0.157421	0.0517476
0.166	0.0461943
0.169837	0.0512576
0.163274	0.0477552
0.161531	0.0474182
0.171446	0.050174
0.162426	0.0525297
0.154531	0.0415001
0.154152	0.0417363
0.140235	0.0365341
0.143329	0.0371668
0.132621	0.0464506
0.13785	0.0508142
0.136741	0.0517575
0.137655	0.0552311
0.133226	0.0576997
0.121162	0.0587956
0.134837	0.0689886
0.138637	0.0669032
0.153779	0.0581251
0.147479	0.0576745
0.14039	0.0553167
0.137525	0.0642665
0.12893	0.0766584
0.124327	0.08469
0.125357	0.0929891
0.137845	0.10189
0.134623	0.104902
0.131674	0.0991466
0.132401	0.0984142
0.132213	0.09781
0.142946	0.104492
0.131966	0.107638
0.149499	0.101997
0.135609	0.0972925
0.129499	0.107068
0.134892	0.115738
0.133566	0.102536
0.143305	0.0939334
0.143076	0.0933865
0.140436	0.0932629
0.130737	0.0855824
0.145512	0.0745987
0.144715	0.0733784
0.148231	0.0762876
0.135899	0.0765855
0.139108	0.0795514
0.138599	0.0786544
0.115427	0.0882547
0.105486	0.092531
0.10168	0.0982844
0.10301	0.111067
0.102961	0.117476
0.102359	0.105443
0.105236	0.10519
0.112978	0.0977686
0.108819	0.100865
0.112536	0.0994133
0.130717	0.0848858
0.122778	0.0886223
0.127956	0.0662642
0.130977	0.0677567
0.129295	0.0783984
0.127246	0.0756994
0.139052	0.0692588
0.155814	0.0665641
0.15286	0.0635874
0.149566	0.0701392
0.15	0.0686514
0.150636	0.0693709
0.154059	0.0759435
0.161697	0.0871146
0.157085	0.0885186
0.162875	0.0935
0.144779	0.0856157
0.145894	0.0800447
0.147821	0.0772014
0.143322	0.0749984
0.126433	0.077223
0.153539	0.0663469
0.14915	0.0580658
0.146736	0.0540002
0.141631	0.0462673
0.143754	0.0470655
0.152744	0.0377859
0.150228	0.0378003
0.150387	0.0390709
0.16124	0.0590425
0.173418	0.071793
0.163584	0.0774072
0.157742	0.0804566
0.154041	0.07835
0.14279	0.0946112
0.151769	0.0949034
0.148481	0.092968
0.15655	0.0875946
0.150593	0.0958587
0.147205	0.0946076
0.147215	0.090836
0.148683	0.0907971
0.152008	0.0850748
0.153765	0.0910682
0.15371	0.100326
0.149992	0.0976867
0.138163	0.0863511
0.145111	0.0845457
0.143421	0.08373
0.143233	0.0808454
0.14554	0.0836358
0.154575	0.082823
0.155963	0.0725715
0.150374	0.0695998
0.148134	0.0708829
0.148351	0.0710357
0.140637	0.0562252
0.145814	0.069088
0.143216	0.0584962
0.136331	0.0576197
0.139411	0.0536275
0.144965	0.0610684
0.144743	0.0634044
0.144357	0.0625912
0.147529	0.0854153
0.145249	0.0805315
0.14953	0.0826094
0.149545	0.0771207
0.14954	0.0747472
0.14107	0.0625948
0.146001	0.0440239
0.148183	0.0401028
0.150861	0.0403796
0.153733	0.0439301
0.14239	0.0243457
0.154328	0.0286958
0.159947	0.021861
0.164178	0.0147466
0.17003	0.0134592
0.152401	0.0111606
0.165085	0.0102885
0.165638	0.0200045
0.162673	0.0118874
0.147264	0.00568426
0.147364	0.0237324
0.166419	-0.00252621
0.158445	-0.00586154
0.156346	-0.00729499
0.157122	-0.00733421
0.160629	-0.00935861
0.161225	-0.0188069
0.165227	-0.00584392
0.154389	-0.0151469
0.157391	-0.0114424
0.160914	-0.0205499
0.158558	-0.0198043
0.153734	-0.0198178
0.143358	-0.0276056
0.14574	-0.0293192
0.149757	-0.0306452
0.166359	-0.0194366
0.172785	-0.0234848
0.163803	-0.0282528
0.153226	-0.0159667
0.158349	-0.000969615
0.159198	-0.00474316
0.148284	0.00392529
0.158209	-0.000431788
0.151688	-0.00328923
0.156599	-0.00808167
0.148601	-0.00785118
0.151525	-0.00778812
0.153069	-0.00794272
0.16011	-0.0195473
0.146282	-0.0219314
0.133021	-0.0171395
0.132554	-0.0186416
0.144174	-0.0290412
0.13469	-0.0294457
0.145412	-0.0225785
0.147979	-0.0243954
0.152151	-0.0257059
0.159735	-0.0300124
0.161141	-0.0292989
0.173795	-0.0359279
0.170955	-0.0357507
0.165899	-0.0385536
0.168505	-0.039874
0.162015	-0.0413901
0.163247	-0.0353605
0.164445	-0.0415702
0.151356	-0.0501433
0.156574	-0.059142
0.143415	-0.0454385
0.130897	-0.0437291
0.135238	-0.0442026
0.135766	-0.0359933
0.116603	-0.0384771
0.114279	-0.0454214
0.116593	-0.0514423
0.132817	-0.0527216
0.135957	-0.0544903
0.141979	-0.0514977
0.153354	-0.0568695
0.152745	-0.0567899
0.150224	-0.0577259
0.149432	-0.0483541
0.149489	-0.0456773
0.170291	-0.0202144
0.167073	-0.0272638
0.177538	-0.0307991
0.167829	-0.032971
0.171291	-0.0328785
0.161282	-0.0318875
0.157586	-0.0331129
0.160481	-0.0455429
0.158924	-0.0443754
0.161083	-0.0448467
0.160868	-0.0467367
0.164975	-0.0519175
0.166225	-0.0488455
0.168131	-0.0444693
0.167583	-0.0457274
0.161578	-0.0349431
0.160055	-0.0268567
0.160181	-0.026945
0.177538	-0.012326
0.174987	-0.0141144
0.174782	-0.0161149
0.17247	-0.0174393
0.168591	-0.0219653
0.179579	-0.022843
0.176265	-0.0255689
0.171565	-0.0243965
0.161769	-0.0264918
0.165675	-0.0258664
0.15337	-0.0214871
0.154149	-0.0270048
0.173905	-0.0189708
0.189809	-0.00743049
0.192559	-0.00155655
0.185971	-0.00171983
0.180035	-0.0153104
0.172636	-0.00491407
0.159782	0.0066342
0.157621	0.0158899
0.167357	0.00349625
0.162093	0.0055567
0.168098	0.00301237
0.154214	0.000120719
0.161173	0.00737288
0.160999	0.00787926
0.167639	0.00607292
0.165974	0.00610696
0.179624	0.0138312
0.175519	0.0134091
0.185864	0.00961087
0.184809	-0.00334061
0.185824	0.00311087
0.185975	-0.00347089
0.179103	-0.00653052
0.191177	0.00796991
0.176934	0.0112132
0.178205	0.0034574
0.170191	0.00970735
0.156233	0.0162136
0.152749	0.00468609
0.167464	0.00364945
0.167392	0.00270725
0.167047	0.00787776
0.167976	0.0123793
0.16698	0.00247096
0.15763	0.00443856
0.162939	0.0147746
0.161467	0.0132883
0.159499	0.00700087
0.168591	0.0213849
0.164054	0.0215676
0.168017	0.0332441
0.166054	0.0247459
0.167831	0.0220875
0.163013	0.0241414
0.162517	0.0400177
0.161156	0.0397645
0.166204	0.0462959
0.176013	0.0528495
0.170386	0.0502558
0.166177	0.0500266
0.163718	0.0490515
0.162873	0.051731
0.168047	0.0519162
0.164722	0.0509037
0.177584	0.0475915
0.164686	0.0425026
0.156364	0.0457631
0.155819	0.0455934
0.154431	0.0489506
0.172491	0.0534619
0.171638	0.0584952
0.165024	0.0649998
0.1507	0.0703441
0.160292	0.0769939
0.154517	0.0764028
0.152523	0.0732511
0.151185	0.070144
0.148414	0.0763458
0.145713	0.0739565
0.14219	0.0780366
0.141845	0.0777424
0.142785	0.0885957
0.145771	0.0851818
0.142882	0.0808066
0.140901	0.092965
0.143466	0.0878154
0.139258	0.0806478
0.140246	0.0797804
0.145647	0.0810216
0.145653	0.0797306
0.156674	0.0782897
0.153917	0.0750522
0.138076	0.0732175
0.138792	0.0735695
0.148383	0.0779834
0.144623	0.0839391
0.136841	0.0773323
0.135694	0.0754971
0.143374	0.0713493
0.146562	0.0798393
0.133908	0.0918454
0.143313	0.100936
0.139322	0.0895045
0.132248	0.083791
0.134741	0.0847802
0.132523	0.0879683
0.13135	0.0884655
0.130928	0.0856126
0.131415	0.0850147
0.134691	0.10401
0.133942	0.102097
0.114482	0.111321
0.113035	0.108422
0.111148	0.0941866
0.112108	0.0955583
0.119816	0.0956014
0.109706	0.0753119
0.0987192	0.076458
0.102059	0.0713248
0.107163	0.061849
0.1155	0.0592228
0.122898	0.059288
0.124	0.0520988
0.131715	0.0492993
0.148283	0.0511564
0.151466	0.0554195
0.149016	0.0558086
0.149987	0.0533608
0.144293	0.0412647
0.142846	0.0306841
0.144917	0.0318569
0.158599	0.0345516
0.163116	0.0348541
0.144298	0.0356976
0.137335	0.0360296
0.15397	0.0390258
0.154452	0.0283944
0.151398	0.0268837
0.150862	0.0266758
0.15894	0.0194335
0.155734	0.0151807
0.158115	-0.00460238
0.174537	-0.004295
0.169831	-0.000637146
0.167756	-0.000298006
0.169089	-0.00221063
0.166249	-0.000805442
0.162142	-0.000791643
0.161334	-0.00158553
0.158502	-0.00302994
0.159478	-0.0139676
0.162608	-0.00250329
0.170758	0.002403
0.147726	0.00912689
0.167636	0.0159587
0.176572	0.0138489
0.171652	0.0185656
0.174468	0.0151103
0.174883	0.0151076
0.176333	0.00655543
0.156275	0.00259341
0.154871	0.00356465
0.154386	0.00251343
0.161688	-0.00609415
0.154585	-0.00407398
0.142835	-1.93404e-05
0.141446	0.0177841
0.14512	0.0174617
0.153414	0.0174469
0.155822	0.0188577
0.159084	0.0128885
0.157098	0.0143928
0.154644	0.0216391
0.135989	0.0165532
0.13162	0.0128906
0.130143	0.0161355
0.136027	0.0114465
0.146725	0.00788798
0.144942	0.00603798
0.148075	0.00526137
0.149679	0.00372384
0.149997	-0.00390665
0.151086	-0.00690228
0.154511	-0.00436514
0.159022	-0.00551721
0.154063	-0.00997232
0.151485	-0.00644462
0.151182	-0.00389865
0.153956	0.00603127
0.170604	-0.00035447
0.170311	-0.00183117
0.175167	-0.000630255
0.182733	0.00277122
0.177105	0.00646293
0.171805	0.00969638
0.17585	0.0129724
0.178032	0.0171839
0.185805	0.0143553
0.183005	0.00822176
0.165556	0.00788136
0.164397	0.00794362
0.156231	-0.0022389
0.155452	0.0093001
0.162388	0.00115718
0.184813	0.00827775
0.183546	0.0100008
0.192072	0.0123044
0.183858	0.0135081
0.191592	0.020859
0.184213	0.0217106
0.183909	0.028326
0.182507	0.0132801
0.177763	0.0139718
0.179567	0.0229598
0.172827	0.0353504
0.167116	0.0345404
0.174868	0.0306048
0.168492	0.0256991
0.168775	0.0195141
0.168559	0.0121042
0.17625	0.00635913
0.180997	0.00469715
0.179719	-0.00285318
0.159443	-0.00304502
0.158596	-0.00112625
0.182621	0.0106997
0.181479	0.00984178
0.176628	0.00818882
0.168081	0.0130796
0.172169	0.00851882
0.165176	0.0255101
0.162665	0.0293346
0.1616	0.0308162
0.160661	0.0308275
0.149846	0.0353316
0.146335	0.0438049
0.145718	0.0412019
0.1555	0.0395648
0.154194	0.0400733
0.154826	0.0462864
0.150688	0.0465987
0.141696	0.0626547
0.138978	0.0695727
0.146281	0.0712956
0.148303	0.0730161
0.153753	0.069897
0.156096	0.0671884
0.159655	0.067366
0.16415	0.06627
0.156894	0.0725691
0.147965	0.0784996
0.144269	0.075548
0.145212	0.0677621
0.14527	0.0669439
0.150243	0.0599262
0.147804	0.053326
0.15077	0.0555301
0.155225	0.0585695
0.161066	0.0576914
0.155196	0.050342
0.154142	0.0497303
0.148427	0.045066
0.140231	0.0417781
0.166956	0.0292412
0.167892	0.0274972
0.155314	0.0229283
0.160779	0.0312633
0.150696	0.0243667
0.15261	0.0260326
0.157644	0.0299279
0.162275	0.0381592
0.157057	0.0308933
0.156749	0.0346255
0.156482	0.0367299
0.171673	0.0366596
0.172506	0.0322902
0.16714	0.0356595
0.171387	0.0227753
0.168192	0.0237161
0.180909	0.00917791
0.175157	0.00587834
0.176524	0.00117093
0.158144	-0.00432147
0.156717	-0.00485628
0.159812	-0.00833123
0.158267	-0.00928051
0.145492	-0.00357957
0.153294	0.00179432
0.155698	0.00138351
0.173933	0.0127536
0.165522	0.0206119
0.164683	0.0185368
0.16116	0.00974124
0.16238	0.00713981
0.162701	-0.0190738
0.162816	-0.0245491
0.167296	-0.0299978
0.176864	-0.0257729
0.175928	-0.0182011
0.180321	-0.0181082
0.175795	-0.0160804
0.169687	-0.0121595
0.169833	-0.00968815
0.165575	-0.0113986
0.167139	-0.00542405
0.170467	0.00126811
0.173056	0.0161039
0.165637	0.00847203
0.170223	0.0206781
0.158397	0.0131089
0.156634	0.0201924
0.147259	0.0134213
0.167748	0.0202106
0.159308	0.020771
0.158831	0.0203912
0.154987	0.0232337
0.147604	0.0311919
0.152585	0.0213698
0.154729	0.0213163
0.163702	0.0181797
0.164426	0.0209203
0.168198	0.0297178
0.160389	0.0368426
0.151664	0.0462555
0.150933	0.0609829
0.150506	0.0623999
0.148929	0.0624936
0.137797	0.0624497
0.137696	0.0680094
0.148706	0.0661788
0.145597	0.076194
0.151256	0.080134
0.14567	0.0732408
0.138822	0.079347
0.130355	0.0793272
0.136257	0.0781059
0.135621	0.0945522
0.138933	0.101844
0.130108	0.0980787
0.125133	0.0852745
0.131004	0.0786712
0.132093	0.0794806
0.128453	0.0809674
0.131754	0.0814778
0.133168	0.0845827
0.131966	0.0820858
0.13794	0.0798841
0.136484	0.0790428
0.137036	0.0814189
0.138269	0.0837162
0.122959	0.0815369
0.123986	0.084123
0.119308	0.0879457
0.122355	0.0886346
0.126112	0.0829289
0.140073	0.080657
0.127912	0.0717853
0.150128	0.0637664
0.152043	0.0537867
0.145291	0.0593813
0.152776	0.0587524
0.147511	0.0603418
0.14032	0.0705662
0.13593	0.0677035
0.132669	0.0728911
0.13423	0.0736903
0.137711	0.0716034
0.13595	0.0706281
0.141797	0.0603957
0.145003	0.058882
0.144993	0.0570534
0.143929	0.0590562
0.144102	0.0567928
0.147396	0.0510831
0.1391	0.04738
0.154538	0.0292771
0.154737	0.033416
0.154701	0.032739
0.153951	0.0409947
0.15616	0.0505531
0.157575	0.0482421
0.145911	0.0438966
0.139445	0.0351404
0.122807	0.0407656
0.134369	0.0502333
0.137019	0.0490681
0.151891	0.0515119
0.162654	0.050709
0.160571	0.0501244
0.156018	0.046881
0.164639	0.0448939
0.154878	0.0559764
0.153947	0.0555657
0.159107	0.0647694
0.156183	0.0650117
0.15708	0.0642548
0.155932	0.0634281
0.153028	0.0591033
0.152043	0.0613043
0.170894	0.0376714
0.157084	0.0324103
0.15575	0.0399342
0.165734	0.0586676
0.146184	0.0603481
0.14582	0.0532972
0.150565	0.0477204
0.149519	0.0520929
0.143761	0.044852
0.148926	0.052733
0.141772	0.061857
0.151706	0.0686183
0.149926	0.0657886
0.134866	0.0649449
0.135351	0.0642408
0.134148	0.0673063
0.118911	0.0623923
0.126158	0.0624567
0.13249	0.0685118
0.148353	0.0678824
0.147085	0.0596959
0.134153	0.0606186
0.136909	0.0692015
0.151982	0.0774876
0.142912	0.0751051
0.137615	0.0697858
0.131769	0.0716155
0.133281	0.0728464
0.136469	0.0900262
0.130666	0.0829562
0.133503	0.0951695
0.13326	0.0921609
0.133094	0.0918007
0.129278	0.102693
0.149201	0.0990053
0.141101	0.0992824
0.129683	0.0939728
0.128327	0.101809
0.125912	0.108841
0.123203	0.105912
0.12366	0.107568
0.125546	0.110181
0.128451	0.103777
0.127841	0.107097
0.121886	0.111588
0.126575	0.0939618
0.127308	0.103644
0.127836	0.0960621
0.123937	0.0960351
0.129013	0.0973187
0.118298	0.0932844
0.134298	0.101965
0.133079	0.101457
0.133601	0.0985205
0.143118	0.0990479
0.138975	0.100466
0.137799	0.100509
0.134852	0.0948362
0.126974	0.108376
0.132993	0.106888
0.129825	0.103759
0.144948	0.096986
0.140828	0.097285
0.140253	0.0968994
0.135605	0.104467
0.12719	0.11056
0.124397	0.115839
0.114817	0.1142
0.117702	0.112697
0.117124	0.107237
0.116751	0.115448
0.123875	0.1143
0.12092	0.11429
0.120713	0.116118
0.110338	0.113371
0.114842	0.111759
0.106013	0.0943556
0.109479	0.0891793
0.108723	0.0966144
0.110889	0.0937792
0.108685	0.0911664
0.107401	0.0922587
0.110673	0.0965952
0.11278	0.0986898
0.112511	0.0985373
0.114338	0.0988167
0.106598	0.0907211
0.110017	0.0888745
0.109449	0.0905034
0.111732	0.107595
0.110256	0.113778
0.108275	0.116307
0.108426	0.116479
0.108638	0.116038
0.102185	0.111985
0.100982	0.117974
0.107121	0.122265
0.106747	0.113434
0.107865	0.111497
0.107208	0.114319
0.107775	0.10681
0.117013	0.120597
0.119822	0.113974
0.12043	0.113101
0.118112	0.112939
0.137188	0.120667
0.145122	0.124596
0.134861	0.138441
0.122076	0.117524
0.120786	0.125002
0.118902	0.122266
0.115582	0.123947
0.117168	0.115812
0.115924	0.117369
0.116092	0.116651
0.110893	0.11088
0.118941	0.106208
0.119173	0.104843
0.110606	0.105505
0.110847	0.10619
0.112397	0.107449
0.111458	0.106445
0.114868	0.105167
0.124538	0.0985613
0.144762	0.0986226
0.137002	0.0968114
0.147048	0.093077
0.146009	0.0970131
0.138034	0.0896944
0.137465	0.0860637
0.139734	0.090558
0.134543	0.0851543
0.141024	0.0869149
0.13617	0.0902399
0.128997	0.0944972
0.132496	0.0903798
0.150267	0.101796
0.146691	0.0992905
0.147948	0.0928989
0.1434	0.0898176
0.143532	0.077448
0.13694	0.0715693
0.134784	0.0762578
0.13639	0.0766997
0.134644	0.0796766
0.141049	0.0764979
0.140527	0.068138
0.135485	0.0659797
0.148751	0.0674779
0.135934	0.0727313
0.141304	0.0599556
0.14754	0.0506749
0.148603	0.0494687
0.162361	0.0655481
0.16345	0.0653758
0.163318	0.064195
0.160321	0.0630109
0.152097	0.0634506
0.154048	0.0627935
0.160242	0.0670716
0.158603	0.064866
0.144811	0.0685821
0.141721	0.0722213
0.145951	0.0805479
0.149825	0.0554704
0.146308	0.0496503
0.147111	0.0592234
0.147031	0.0639636
0.149851	0.0582261
0.149668	0.0585817
0.152248	0.0636504
0.156591	0.0691663
0.160027	0.0793656
0.164553	0.073177
0.162525	0.0617588
0.161558	0.0558132
0.149403	0.0360583
0.152969	0.0350839
0.15625	0.0396938
0.155526	0.0405502
0.159578	0.0278313
0.163887	0.0305038
0.165709	0.0268853
0.163155	0.0272046
0.15933	0.0223419
0.15805	0.0228587
0.163674	0.0260395
0.146474	0.0307601
0.153227	0.0319585
0.156251	0.0331234
0.161244	0.0336541
0.163287	0.0381299
0.164834	0.0374596
0.151609	0.0310658
0.158325	0.0353767
0.156647	0.04159
0.14834	0.0481145
0.147829	0.048848
0.139827	0.0642429
0.137435	0.0603794
0.146829	0.0616236
0.143992	0.0513702
0.153198	0.0436743
0.152295	0.0458218
0.153473	0.0462681
0.146698	0.0533338
0.151388	0.0556638
0.142416	0.06149
0.136306	0.0620079
0.135696	0.0751661
0.136229	0.0760433
0.132806	0.0834501
0.137103	0.0906739
0.133827	0.0822
0.128567	0.0751705
0.130791	0.076455
0.132298	0.0773016
0.130418	0.0761481
0.130802	0.0754981
0.130199	0.0758711
0.131039	0.0832801
0.139673	0.0754325
0.134925	0.0692749
0.139979	0.071163
0.141485	0.0706461
0.144784	0.0707175
0.149711	0.0712888
0.155669	0.057327
0.143749	0.0511915
0.132372	0.0482933
0.126019	0.046244
0.117669	0.0508006
0.125699	0.0516197
0.136987	0.0551582
0.151463	0.0726321
0.142767	0.0686846
0.144331	0.071519
0.14782	0.0687686
0.144254	0.073942
0.135165	0.0653589
0.144332	0.0568955
0.145735	0.0574802
0.150828	0.0521458
0.137585	0.0617765
0.141191	0.0628822
0.142106	0.0633742
0.134706	0.0587964
0.138682	0.063368
0.137361	0.0733156
0.132791	0.0673808
0.135105	0.0688823
0.133576	0.0798566
0.132286	0.102395
0.141776	0.117324
0.129135	0.124867
0.12276	0.128162
0.119261	0.114252
0.118023	0.1284
0.131192	0.134022
0.127422	0.129584
0.124152	0.126162
0.122503	0.127577
0.137065	0.115385
0.134354	0.113854
0.131652	0.111691
0.114948	0.110434
0.111572	0.114173
0.104545	0.123618
0.100452	0.132737
0.100557	0.128205
0.0933959	0.115926
0.099167	0.117977
0.100382	0.122593
0.0789387	0.142554
0.088936	0.150614
0.0817491	0.159802
0.0815375	0.160871
0.0798424	0.157726
0.0799586	0.151414
0.0708422	0.145652
0.0707124	0.141073
0.0680945	0.150154
0.0701236	0.150871
0.0700092	0.13552
0.0703849	0.137695
0.0685603	0.137626
0.0727178	0.127825
0.0760257	0.132753
0.0769452	0.144827
0.0801753	0.135247
0.0784339	0.143848
0.0738845	0.150833
0.0713162	0.149041
0.0680177	0.150331
0.0727331	0.133838
0.0740903	0.136975
0.0684833	0.119877
0.0754492	0.120568
0.0744545	0.128093
0.0685164	0.127755
0.0852094	0.14136
0.0834917	0.139843
0.0838495	0.141647
0.0857777	0.133712
0.087441	0.129484
0.0908035	0.125859
0.0819619	0.119713
0.0852854	0.114609
0.0890342	0.114102
0.0815381	0.115137
0.0901062	0.104713
0.0810181	0.115831
0.091715	0.0991357
0.0926193	0.105304
0.0816186	0.108954
0.0831594	0.111498
0.0837658	0.107384
0.0856018	0.102887
0.0916712	0.107485
0.101833	0.1206
0.102224	0.120977
0.0889618	0.120801
0.0922432	0.129304
0.0907841	0.129881
0.0936414	0.132894
0.0844906	0.131396
0.084793	0.134924
0.0893873	0.130564
0.0994864	0.126036
0.109406	0.10608
0.107507	0.0992698
0.116502	0.0969431
0.1208	0.0954469
0.126065	0.0888002
0.126463	0.101285
0.123084	0.0946564
0.123539	0.0951193
0.126718	0.0973241
0.125956	0.0980567
0.134128	0.107967
0.13328	0.111886
0.139555	0.114759
0.141941	0.106663
0.135545	0.100997
0.134806	0.106572
0.137959	0.113151
0.134111	0.109373
0.137386	0.0948614
0.133028	0.0901004
0.131609	0.0866326
0.132028	0.0891761
0.135908	0.0878895
0.137272	0.0855276
0.140613	0.089721
0.143008	0.0725395
0.128293	0.0724166
0.123138	0.0816377
0.119922	0.0806703
0.126941	0.0828538
0.126129	0.0818787
0.134405	0.0775212
0.131136	0.0869378
0.116253	0.0684606
0.127127	0.0733498
0.129816	0.0734199
0.132403	0.0736504
0.136557	0.0690776
0.152728	0.0806085
0.149389	0.086602
0.144258	0.0877876
0.133148	0.07771
0.130715	0.0808611
0.13198	0.0766311
0.134319	0.0807043
0.13422	0.0812099
0.138675	0.0860778
0.149039	0.0960227
0.154013	0.100193
0.148407	0.097323
0.140284	0.0945727
0.138775	0.093566
