-0.582807	0.584928
-0.487492	0.489831
-0.409542	0.417659
-0.348856	0.352785
-0.29834	0.293463
-0.26177	0.25749
-0.227652	0.231464
-0.209472	0.205025
-0.19183	0.190179
-0.18163	0.174402
-0.161647	0.177188
-0.146657	0.171061
-0.13873	0.164994
-0.116002	0.142303
-0.113315	0.132992
-0.10615	0.124732
-0.102164	0.116822
-0.0991964	0.11249
-0.0763654	0.117689
-0.0717585	0.110383
-0.0633103	0.0885804
-0.085963	0.090863
-0.0823394	0.0863722
-0.0759282	0.0818082
-0.072617	0.0851582
-0.0521734	0.0808402
-0.0467447	0.0796338
-0.0601877	0.0708408
-0.0579582	0.0680317
-0.0536665	0.0553132
-0.0520998	0.0552254
-0.0491733	0.0459847
-0.0553387	0.0379539
-0.056411	0.052314
-0.0464161	0.0472411
-0.0456016	0.0418662
-0.0452793	0.0413888
-0.0607274	0.0427457
-0.0545688	0.0368891
-0.0533095	0.0416527
-0.0502035	0.0484518
-0.0495553	0.0514768
-0.0473425	0.0611052
-0.0354437	0.0691023
-0.029536	0.0650758
-0.032907	0.0594082
-0.0212369	0.0596471
-0.0227901	0.0640425
-0.0298176	0.0863955
-0.033174	0.0859527
-0.034932	0.0971744
-0.0372503	0.093921
-0.0339858	0.0946787
-0.0177997	0.100904
-0.0249769	0.0920755
-0.029422	0.101082
-0.0322157	0.107683
-0.0307688	0.10425
-0.0240212	0.106778
-0.023291	0.111916
-0.0208639	0.114642
-0.0217566	0.117526
-0.026279	0.114017
-0.0243236	0.115905
-0.0301779	0.116446
-0.0433598	0.111402
-0.0459486	0.115476
-0.0550176	0.116765
-0.0531482	0.114217
-0.0409442	0.111607
-0.0410149	0.111112
-0.049827	0.117274
-0.0566227	0.119734
-0.0506371	0.125656
-0.0496692	0.127175
-0.0538151	0.118098
-0.0506823	0.11005
-0.0495593	0.112275
-0.0494309	0.128854
-0.0476774	0.133537
-0.057332	0.118304
-0.0553642	0.111776
-0.0512986	0.10957
-0.0460165	0.121019
-0.0574929	0.131692
-0.0528363	0.124329
-0.0506477	0.124995
-0.0506822	0.132316
-0.0499017	0.135706
-0.0620008	0.144265
-0.0600098	0.144038
-0.0551575	0.131042
-0.0543683	0.13349
-0.0648579	0.135411
-0.0666639	0.128886
-0.0733169	0.132764
-0.0698951	0.134491
-0.0696817	0.122581
-0.0620425	0.121775
-0.0596437	0.130982
-0.0554883	0.136636
-0.0383413	0.142514
-0.0324928	0.145322
-0.0419738	0.151752
-0.0390668	0.153556
-0.0419957	0.165416
-0.0349519	0.157588
-0.0344432	0.158876
-0.0495706	0.180177
-0.0614601	0.185332
-0.0564228	0.165712
-0.06346	0.153642
-0.0573012	0.151263
-0.0620052	0.133121
-0.0549382	0.133841
-0.0465952	0.131308
-0.0439957	0.136576
-0.0296596	0.151921
-0.0467276	0.158741
-0.0350321	0.16065
-0.0368127	0.158238
-0.0381545	0.162083
-0.0324075	0.149573
-0.0376488	0.146651
-0.0264881	0.148897
-0.0305495	0.1562
-0.0264479	0.146377
-0.0282947	0.149562
-0.0264028	0.154186
-0.0326902	0.141109
-0.0464411	0.14562
-0.0481525	0.147695
-0.0395063	0.148858
-0.0373219	0.160956
-0.0345155	0.147856
-0.0295384	0.146841
-0.0292713	0.151145
-0.0262832	0.15672
-0.0255168	0.155086
-0.0276525	0.155475
-0.0429396	0.159794
-0.0481422	0.172944
-0.0420421	0.164472
-0.0415584	0.162633
-0.0333889	0.149948
-0.0322069	0.151804
-0.0185716	0.15027
-0.0185689	0.14915
-0.0222974	0.149602
-0.0257025	0.150867
-0.0351974	0.148149
-0.063057	0.152198
-0.0600627	0.155411
-0.0561157	0.157561
-0.0594603	0.156695
-0.0562747	0.154191
-0.0497438	0.14875
-0.0308161	0.179636
-0.0480175	0.179742
-0.0588009	0.168932
-0.059241	0.163292
-0.0608683	0.15784
-0.0653648	0.154197
-0.0725639	0.154011
-0.0633304	0.145787
-0.0690805	0.14167
-0.0740678	0.143815
-0.0747895	0.142605
-0.0788399	0.16814
-0.0695038	0.155408
-0.0646846	0.14317
-0.0711606	0.140621
-0.0703961	0.13692
-0.076437	0.130447
-0.0751398	0.129816
-0.0814004	0.121286
-0.0799057	0.130495
-0.0831506	0.126657
-0.079555	0.105404
-0.0838514	0.119513
-0.0812555	0.117936
-0.0969859	0.112519
-0.114178	0.110237
-0.113949	0.109989
-0.107171	0.110517
-0.106479	0.115563
-0.104191	0.131438
-0.106106	0.129364
-0.110414	0.115917
-0.11147	0.115668
-0.119929	0.122018
-0.124558	0.119064
-0.122985	0.112233
-0.122929	0.108063
-0.121119	0.100924
-0.120548	0.0800059
-0.122736	0.0837263
-0.134476	0.0903987
-0.12891	0.0885616
-0.132739	0.091858
-0.132178	0.0910243
-0.145798	0.0773446
-0.141603	0.0739331
-0.137985	0.0710198
-0.147508	0.07363
-0.146197	0.0843559
-0.156975	0.105701
-0.130593	0.114476
-0.135021	0.109727
-0.132562	0.1072
-0.116692	0.104623
-0.127796	0.103896
-0.129512	0.100981
-0.124553	0.0995657
-0.12522	0.102847
-0.124671	0.0989217
-0.121633	0.102115
-0.114478	0.0951725
-0.100163	0.096323
-0.103342	0.100672
-0.109916	0.108674
-0.121464	0.0917293
-0.119978	0.0841024
-0.132632	0.096133
-0.133276	0.108151
-0.126322	0.105531
-0.137264	0.112661
-0.128939	0.106073
-0.113336	0.106262
-0.100867	0.107839
-0.0974371	0.107642
-0.115292	0.114043
-0.116441	0.0963906
-0.115409	0.0977109
-0.116141	0.0992769
-0.129881	0.113579
-0.129928	0.113636
-0.133898	0.0960954
-0.130254	0.0988688
-0.136719	0.103653
-0.143198	0.115661
-0.133668	0.120621
-0.130796	0.124621
-0.115416	0.116781
-0.115956	0.122879
-0.117063	0.11894
-0.117559	0.11659
-0.114525	0.115285
-0.114086	0.113912
-0.11199	0.112371
-0.112657	0.109637
-0.114054	0.108979
-0.118444	0.101019
-0.125915	0.106041
-0.126655	0.104726
-0.129391	0.124677
-0.127981	0.125293
-0.114132	0.119746
-0.108145	0.122266
-0.124338	0.12103
-0.133916	0.139582
-0.134097	0.134492
-0.132582	0.127072
-0.129654	0.125032
-0.118558	0.111679
-0.115438	0.110754
-0.124947	0.108829
-0.12285	0.102272
-0.12636	0.0930218
-0.13084	0.0882769
-0.139061	0.0785653
-0.153629	0.0800443
-0.151434	0.089412
-0.139786	0.0895775
-0.134304	0.0886427
-0.139103	0.0899941
-0.142795	0.0987998
-0.135213	0.0947563
-0.132017	0.0959456
-0.133923	0.100957
-0.140937	0.106787
-0.140856	0.110189
-0.111944	0.092438
-0.114967	0.095027
-0.112103	0.0935205
-0.11906	0.0767965
-0.11765	0.0692151
-0.11575	0.0684024
-0.110187	0.081587
-0.103962	0.0936432
-0.108386	0.0777859
-0.111413	0.0811399
-0.114917	0.0844984
-0.115928	0.0882116
-0.11683	0.0902373
-0.116991	0.0929621
-0.116564	0.0960307
-0.113289	0.0950948
-0.12905	0.0945201
-0.127443	0.0958636
-0.113586	0.101962
-0.113716	0.111208
-0.111977	0.122957
-0.11557	0.129517
-0.114746	0.118249
-0.111438	0.109294
-0.121258	0.106813
-0.122376	0.110547
-0.128389	0.121456
-0.138349	0.12627
-0.135668	0.123157
-0.122664	0.113718
-0.128813	0.103215
-0.125592	0.110006
-0.120268	0.111784
-0.119515	0.113637
-0.117642	0.111433
-0.124967	0.112403
-0.130531	0.125306
-0.140345	0.106378
-0.135505	0.106921
-0.121611	0.111819
-0.124292	0.11382
-0.127351	0.11147
-0.128878	0.105757
-0.129121	0.0995609
-0.129786	0.104977
-0.133009	0.100591
-0.125316	0.103691
-0.134662	0.092329
-0.1294	0.104824
-0.115097	0.0994361
-0.108907	0.0981086
-0.127419	0.104401
-0.119583	0.106881
-0.113806	0.103787
-0.11206	0.113989
-0.111994	0.10869
-0.118749	0.107336
-0.13011	0.12067
-0.113271	0.12186
-0.109927	0.127142
-0.109671	0.11996
-0.106667	0.118361
-0.104359	0.120938
-0.100812	0.113802
-0.0937494	0.122094
-0.0779258	0.122115
-0.0853192	0.13497
-0.0862828	0.116959
-0.0862844	0.113794
-0.0943928	0.110207
-0.105069	0.110564
-0.117816	0.112431
-0.110465	0.11018
-0.107305	0.112543
-0.115601	0.106701
-0.120631	0.10416
-0.121087	0.0999974
-0.122958	0.0984446
-0.127637	0.0941394
-0.129015	0.0947358
-0.130509	0.0929187
-0.125699	0.0933221
-0.137547	0.0908311
-0.137206	0.0921644
-0.135613	0.0920065
-0.129207	0.0863499
-0.130536	0.0812478
-0.13773	0.0823759
-0.136712	0.0844348
-0.121068	0.102453
-0.111584	0.0978356
-0.123242	0.10213
-0.142545	0.0922686
-0.126807	0.0949876
-0.121383	0.0932593
-0.132106	0.0919679
-0.128677	0.0893725
-0.116953	0.0940953
-0.114596	0.097256
-0.117135	0.101144
-0.123466	0.101852
-0.120656	0.105243
-0.120039	0.107178
-0.112151	0.103381
-0.127808	0.0942395
-0.131547	0.0943417
-0.120396	0.106093
-0.127824	0.119454
-0.126559	0.116591
-0.119163	0.119373
-0.128755	0.130255
-0.130195	0.143466
-0.118457	0.136223
-0.114004	0.133402
-0.114503	0.127962
-0.09034	0.137159
-0.0906132	0.133149
-0.0926052	0.125438
-0.0956998	0.122843
-0.10316	0.124003
-0.109517	0.123601
-0.108075	0.118268
-0.114487	0.122823
-0.118013	0.100242
-0.143742	0.116117
-0.138237	0.129914
-0.147326	0.137592
-0.153968	0.150796
-0.14111	0.139793
-0.15245	0.139711
-0.151661	0.132469
-0.152835	0.132221
-0.144572	0.124919
-0.132944	0.124782
-0.132767	0.126722
-0.129968	0.114911
-0.119502	0.11099
-0.116905	0.108982
-0.113266	0.10496
-0.0981035	0.10985
-0.0950915	0.114931
-0.0819507	0.104653
-0.0907654	0.123462
-0.10088	0.132273
-0.0898567	0.112583
-0.0848446	0.111218
-0.0820282	0.111588
-0.087814	0.122138
-0.0949539	0.122851
-0.0904749	0.120822
-0.0864131	0.122137
-0.0888076	0.129406
-0.0850425	0.130222
-0.0897139	0.117529
-0.0828934	0.11759
-0.0885782	0.119824
-0.0882371	0.117261
-0.0938131	0.121916
-0.0927898	0.121936
-0.090199	0.120501
-0.102987	0.124822
-0.0834099	0.110123
-0.0825442	0.114027
-0.0682275	0.122731
-0.0707786	0.11641
-0.0663324	0.130725
-0.0712852	0.120468
-0.08321	0.135273
-0.0891369	0.133342
-0.0888911	0.131371
-0.0949455	0.126818
-0.0890287	0.122855
-0.0906121	0.120777
-0.0857251	0.118025
-0.0794158	0.110478
-0.0923105	0.11692
-0.0930831	0.105511
-0.0968647	0.118947
-0.0890136	0.104718
-0.090721	0.100227
-0.104364	0.105195
-0.102604	0.10928
-0.10226	0.110726
-0.109031	0.109131
-0.114794	0.114167
-0.113509	0.121537
-0.109191	0.127279
-0.113829	0.135097
-0.115102	0.131299
-0.112434	0.127851
-0.112541	0.127518
-0.118082	0.136627
-0.103868	0.124245
-0.116746	0.133755
-0.116588	0.128634
-0.114731	0.130631
-0.138768	0.1208
-0.138148	0.11478
-0.136327	0.111838
-0.134154	0.110024
-0.143031	0.110197
-0.148777	0.127158
-0.123713	0.101207
-0.123395	0.0948249
-0.108874	0.0898813
-0.112133	0.0853773
-0.132431	0.0946774
-0.132932	0.0956804
-0.136635	0.100266
-0.143138	0.0899444
-0.139942	0.0908751
-0.133863	0.0953638
-0.132046	0.098241
-0.128087	0.103265
-0.127373	0.102041
-0.129046	0.0985053
-0.126316	0.100946
-0.125353	0.0904534
-0.142955	0.0946383
-0.142734	0.0884411
-0.133485	0.0658045
-0.144001	0.0829075
-0.130408	0.0851251
-0.126949	0.0865613
-0.12895	0.0972353
-0.127764	0.0997385
-0.128425	0.102914
-0.120049	0.0978094
-0.122464	0.104745
-0.11905	0.106045
-0.120914	0.10653
-0.126715	0.106202
-0.134902	0.119317
-0.134386	0.117841
-0.128365	0.125461
-0.118108	0.120364
-0.109624	0.114594
-0.109946	0.112047
-0.110894	0.107798
-0.111866	0.101266
-0.10477	0.0925247
-0.111771	0.0944599
-0.105595	0.0901488
-0.109386	0.0853431
-0.123824	0.0915339
-0.133566	0.0908708
-0.133745	0.0978274
-0.122202	0.099572
-0.123656	0.101575
-0.123786	0.105321
-0.123761	0.10746
-0.119127	0.105263
-0.128074	0.106267
-0.127286	0.109623
-0.124486	0.110866
-0.108238	0.108943
-0.0835685	0.127481
-0.102306	0.116879
-0.103031	0.122861
-0.102353	0.116522
-0.0908361	0.126886
-0.0983702	0.128657
-0.0984809	0.126306
-0.103545	0.111996
-0.101326	0.116671
-0.0979978	0.123596
-0.0854893	0.131082
-0.0899047	0.140212
