0.0109285	0.0114208
0.0254078	0.0229184
0.0390642	0.0337932
0.0516495	0.0449829
0.0626644	0.0562561
0.0740155	0.0667464
0.0877749	0.073706
0.101766	0.0809054
0.11704	0.0857994
0.130477	0.09247
0.14367	0.0995221
0.157033	0.108253
0.172116	0.118855
0.188212	0.126256
0.201761	0.132881
0.212261	0.140705
0.22362	0.150837
0.234888	0.160817
0.246752	0.172859
0.258735	0.186238
0.272218	0.201886
0.279432	0.217069
0.286974	0.232156
0.289937	0.242885
0.293985	0.253544
0.294863	0.264238
0.29706	0.277282
0.30051	0.291834
0.304751	0.31088
0.305587	0.328266
0.30406	0.344555
0.305366	0.359277
0.306162	0.3723
0.306918	0.385902
0.307231	0.398054
0.310499	0.408118
0.312076	0.419927
0.313372	0.430391
0.313525	0.439267
0.315546	0.448023
0.31377	0.457089
0.310634	0.463598
0.310512	0.46955
0.311316	0.47652
0.313603	0.487623
0.315806	0.498033
0.31828	0.510391
0.31914	0.524081
0.318191	0.533539
0.317047	0.54344
0.316334	0.553859
0.317643	0.564786
0.321808	0.57893
0.324585	0.592177
0.32591	0.606885
0.325986	0.622788
0.327003	0.637609
0.326516	0.651664
0.324412	0.665172
0.322602	0.679565
0.31978	0.692627
0.316148	0.705649
0.312109	0.718342
0.305549	0.728915
0.2982	0.73867
0.286588	0.749971
0.272572	0.759927
0.25781	0.768701
0.243951	0.777989
0.227995	0.786153
0.213081	0.790271
0.198513	0.792768
0.184166	0.793987
0.169614	0.792988
0.157421	0.789586
0.145799	0.783882
0.135388	0.774221
0.125151	0.76635
0.113312	0.755558
0.102387	0.744494
0.0924015	0.734195
0.0839876	0.722522
0.0756223	0.709304
0.0676113	0.696224
0.0601912	0.685141
0.0554759	0.674339
0.0515295	0.661338
0.0467324	0.647052
0.0433165	0.631071
0.0395636	0.615255
0.0363209	0.599736
0.0345284	0.580801
0.0285284	0.560704
0.0221207	0.544668
0.0178473	0.52752
0.0135562	0.509829
0.0088116	0.49147
0.006933	0.477545
0.00445208	0.464224
0.00547497	0.45137
0.00632511	0.43782
0.00777975	0.423269
0.0100091	0.404565
0.012958	0.385897
0.0184536	0.369851
0.0220088	0.350142
0.0216929	0.333455
0.0222518	0.316619
0.026751	0.299083
0.0327979	0.281639
0.0409343	0.267611
0.0504885	0.252755
0.0615289	0.237323
0.0747653	0.224758
0.0871181	0.209588
0.0971961	0.195884
0.107655	0.181956
0.117689	0.168578
0.128855	0.156782
0.140191	0.145766
0.152413	0.132903
0.162182	0.118797
0.171341	0.104335
0.18196	0.0917777
0.19197	0.08002
0.203614	0.0698372
0.217496	0.0628274
0.234612	0.056847
0.249088	0.0519424
0.264275	0.0490709
0.279557	0.0491668
0.295014	0.0505918
0.311359	0.0523251
0.32725	0.053985
0.343411	0.0565047
0.358312	0.0636022
0.374208	0.0694873
0.389494	0.0739583
0.405335	0.0789533
0.423315	0.0855918
0.440146	0.0920275
0.45588	0.0967005
0.471386	0.100016
0.487228	0.102611
0.501132	0.106116
0.516531	0.105693
0.53015	0.104474
0.544711	0.102749
0.559926	0.0993231
0.574246	0.0957308
0.589164	0.0919204
0.603296	0.0886184
0.618401	0.0848894
0.633687	0.0806516
0.650309	0.0773828
0.667324	0.0740798
0.685141	0.0703231
0.702246	0.064672
0.716336	0.0596817
0.731111	0.0561998
0.746661	0.0536404
0.763459	0.0508333
0.778988	0.0470618
0.794455	0.043697
0.809165	0.0408358
0.824227	0.0390512
0.840877	0.0364
0.857116	0.0360508
0.873247	0.0328816
0.890673	0.0311561
0.907434	0.0333876
0.92439	0.0346395
0.939094	0.0391302
0.95432	0.0430491
0.969701	0.04644
0.98125	0.0523917
0.995336	0.0567488
1.00968	0.0586824
1.02669	0.0628954
1.04095	0.0712776
1.05752	0.075681
1.07464	0.0813593
1.09158	0.0833936
1.10841	0.0834164
1.12458	0.0832043
1.13991	0.0825175
1.15501	0.0833057
1.16988	0.0825264
1.1853	0.0849549
1.20331	0.0864176
1.22222	0.0894903
1.2401	0.0917663
1.2576	0.0933513
1.27481	0.0905356
1.29331	0.091135
1.31104	0.0928098
1.3284	0.0943101
1.34323	0.0975819
1.35966	0.1008
1.37374	0.105775
1.39076	0.109812
1.40876	0.113424
1.4286	0.116218
1.44725	0.118926
1.46612	0.118992
1.48404	0.120781
1.50041	0.122531
1.51743	0.127669
1.53392	0.131124
1.55049	0.134498
1.56891	0.140267
1.58564	0.150267
1.60174	0.157601
1.61764	0.164425
1.63312	0.169197
1.64878	0.173663
1.66523	0.177732
1.68011	0.186761
1.69522	0.193839
1.71088	0.201022
1.72657	0.207186
1.74135	0.2148
1.7554	0.222949
1.7703	0.230385
1.78547	0.235009
1.80144	0.240194
1.81734	0.246365
1.83329	0.255437
1.84964	0.26363
1.86667	0.271097
1.88439	0.275871
1.90171	0.281224
1.91867	0.285912
1.9341	0.290904
1.94927	0.293643
1.96825	0.296952
1.98464	0.302278
1.99995	0.307878
2.0117	0.313618
2.02425	0.319856
2.03726	0.32739
2.05149	0.337216
2.06452	0.348471
2.07757	0.358978
2.0911	0.368503
2.10378	0.375801
2.11769	0.384215
2.13198	0.392188
2.14661	0.401122
2.15949	0.40867
2.17277	0.415468
2.1873	0.421047
2.20352	0.426863
2.21908	0.432321
2.23632	0.438567
2.25308	0.446055
2.27113	0.450133
2.29289	0.452052
2.31129	0.453796
2.33153	0.455714
2.35003	0.459079
2.36672	0.464599
2.38286	0.470014
2.40092	0.475604
2.41837	0.479565
2.43495	0.482476
2.45338	0.485182
2.47223	0.487305
2.48899	0.490906
2.50602	0.492935
2.52336	0.495134
2.53935	0.497018
2.55545	0.500833
2.57122	0.505161
2.586	0.510275
2.60355	0.517373
2.61994	0.524035
2.63374	0.531886
2.64896	0.540274
2.66252	0.547306
2.67672	0.552102
2.69131	0.557712
2.7065	0.566709
2.72366	0.577111
2.73715	0.587627
2.75094	0.60021
2.76377	0.610412
2.77653	0.619233
2.79201	0.627145
2.80912	0.632138
2.82567	0.636043
2.84155	0.641882
2.85427	0.647617
2.86853	0.653794
2.8836	0.659742
2.89808	0.666049
2.90701	0.671041
2.9186	0.676782
2.93023	0.682572
2.94308	0.688925
2.95777	0.694718
2.97165	0.699561
2.98492	0.703637
2.99602	0.709173
3.00841	0.714342
3.02507	0.718765
3.0417	0.723776
3.05695	0.726722
3.07747	0.727108
3.09543	0.727613
3.11333	0.727331
3.12731	0.730378
3.14178	0.733762
3.15678	0.736069
3.17214	0.73816
3.18752	0.737751
3.20194	0.737868
3.21725	0.737834
3.23257	0.738667
3.24682	0.739244
3.26241	0.740937
3.27767	0.741864
3.29384	0.743216
3.30902	0.745169
3.32622	0.746659
3.34411	0.750077
3.36144	0.751937
3.37597	0.75318
3.39246	0.753957
3.40619	0.754111
3.42072	0.753547
3.43709	0.751483
3.4518	0.748006
3.46679	0.746397
3.48466	0.745701
3.50318	0.744644
3.52165	0.745877
3.53958	0.745247
3.55732	0.740972
3.57284	0.736573
3.58668	0.733271
3.60049	0.73088
3.61577	0.729613
3.63075	0.727585
3.64853	0.723543
3.66612	0.719556
3.68412	0.715487
3.70066	0.714886
3.71577	0.711341
3.73038	0.706645
3.74421	0.70184
3.76226	0.698706
3.78051	0.697065
3.79741	0.695789
3.81659	0.692794
3.83455	0.690618
3.85181	0.68853
3.86693	0.688291
3.88285	0.688232
3.90034	0.685865
3.9197	0.684458
3.93772	0.683596
3.95723	0.681758
3.9766	0.68078
3.99469	0.68031
4.0114	0.679461
4.02741	0.678269
4.04299	0.674693
4.05715	0.672772
4.07361	0.668623
4.08984	0.665285
4.10642	0.662959
4.12247	0.65887
4.13889	0.656904
4.15476	0.654601
4.17212	0.652861
4.18812	0.651289
4.20501	0.648703
4.22095	0.648675
4.23552	0.649806
4.24859	0.654198
4.26138	0.656686
4.27657	0.660099
4.29354	0.659985
4.31002	0.656722
4.32673	0.653989
4.3426	0.651271
4.35921	0.646614
4.37547	0.644564
4.39358	0.640216
4.41019	0.634204
4.42829	0.62968
4.44306	0.629416
4.45832	0.629409
4.47372	0.628919
4.49145	0.628245
4.50802	0.625028
4.52304	0.621988
4.53887	0.618982
4.55568	0.616189
4.5719	0.618898
4.5886	0.619015
4.60544	0.617813
4.62498	0.617508
4.64089	0.615471
4.65831	0.616079
4.67467	0.616191
4.69105	0.616604
4.70738	0.617025
4.72453	0.618011
4.74117	0.618815
4.75638	0.619953
4.7726	0.619299
4.78759	0.618057
4.80382	0.616923
4.81922	0.61764
4.83617	0.618115
4.85186	0.62116
4.86618	0.623064
4.88032	0.626446
4.89498	0.628954
4.9072	0.633874
4.92083	0.637188
4.93661	0.639038
4.95424	0.637821
4.96687	0.639343
4.97883	0.640472
4.99377	0.64221
5.00487	0.642946
5.01785	0.64118
5.03224	0.640522
5.04466	0.640718
5.05977	0.641522
5.07538	0.642489
5.08943	0.640702
5.10372	0.639751
5.11869	0.639039
5.13315	0.63502
5.1472	0.630401
5.16256	0.624641
5.17539	0.618673
5.18955	0.613176
5.20391	0.606018
5.21923	0.600273
5.23453	0.596087
5.25124	0.592401
5.267	0.590414
5.28257	0.588
5.29939	0.585453
5.31398	0.58381
5.32615	0.581347
5.34269	0.577555
5.35877	0.573688
5.3746	0.569154
5.38727	0.562154
5.40197	0.554687
5.41568	0.54823
5.43272	0.538035
5.44812	0.531111
5.46326	0.521418
5.47824	0.514117
5.49194	0.50775
5.50631	0.503312
5.5207	0.501158
5.53531	0.498302
5.55033	0.494941
5.56541	0.490666
5.57996	0.484858
5.59826	0.47931
5.61635	0.472703
5.63463	0.46161
5.6503	0.452972
5.66636	0.442673
5.6817	0.434206
5.69694	0.426301
5.71181	0.419088
5.72703	0.411891
5.74256	0.404351
5.75696	0.39642
5.76977	0.387156
5.78706	0.378004
5.80385	0.369257
5.81993	0.359288
5.83342	0.348638
5.84507	0.338181
5.85995	0.330265
5.87194	0.322434
5.88339	0.313634
5.8957	0.303146
5.90574	0.291789
5.91699	0.282545
5.92916	0.273034
5.9409	0.263481
5.95176	0.253227
5.9631	0.242615
5.97499	0.232322
5.98793	0.221808
5.9988	0.212887
6.00979	0.203766
6.02058	0.196681
