0.0844969	-0.0447102
0.0957785	-0.0504619
0.108817	-0.0373022
0.117748	-0.0555016
0.123249	-0.0571289
0.126848	-0.0691525
0.127767	-0.0685267
0.130653	-0.0671327
0.135701	-0.0717145
0.129088	-0.0768679
0.130885	-0.0806984
0.136859	-0.067508
0.138313	-0.0662118
0.124596	-0.0693801
0.127597	-0.0691073
0.132441	-0.0709169
0.135841	-0.0712009
0.124101	-0.0771118
0.122107	-0.0800771
0.112837	-0.0903161
0.102698	-0.10337
0.116402	-0.117904
0.114541	-0.118118
0.102608	-0.10964
0.102072	-0.10883
0.105134	-0.108867
0.104814	-0.121273
0.109235	-0.118309
0.107948	-0.11665
0.110324	-0.121382
0.109914	-0.120565
0.107466	-0.119561
0.113216	-0.121349
0.119982	-0.120551
0.123898	-0.117308
0.12033	-0.111963
0.117726	-0.107601
0.128489	-0.108534
0.11407	-0.114798
0.121146	-0.112548
0.119476	-0.111573
0.119875	-0.103953
0.125289	-0.102683
0.146226	-0.114398
0.156512	-0.105777
0.15306	-0.106639
0.143862	-0.107427
0.146384	-0.102772
0.140764	-0.0988153
0.141184	-0.0932454
0.143471	-0.0938945
0.158908	-0.0819403
0.154818	-0.0864247
0.144804	-0.086671
0.131155	-0.0836994
0.140266	-0.061468
0.155798	-0.0651572
0.153129	-0.0460235
0.149119	-0.0483156
0.151249	-0.0517892
0.154973	-0.036148
0.154746	-0.029733
0.164607	-0.0299931
0.170889	-0.0322358
0.185525	-0.0419373
0.175118	-0.0440813
0.169585	-0.0415312
0.167298	-0.0413305
0.169227	-0.0389326
0.177257	-0.0323677
0.170378	-0.0311196
0.168135	-0.032778
0.163334	-0.0475962
0.159979	-0.0427561
0.159269	-0.0424152
0.153034	-0.0435805
0.161574	-0.0441913
0.15775	-0.0327962
0.163009	-0.03122
0.158819	-0.0354425
0.155812	-0.040287
0.158157	-0.0369818
0.160124	-0.0449178
0.162106	-0.0424318
0.151246	-0.0419157
0.154798	-0.0455061
0.156147	-0.0503496
0.164877	-0.0579979
0.162772	-0.0564595
0.158772	-0.062238
0.167027	-0.0743757
0.171739	-0.0803771
0.172539	-0.0725782
0.165834	-0.0738486
0.155626	-0.0788857
0.160065	-0.0819915
0.16152	-0.0748477
0.171511	-0.0769039
0.166318	-0.074231
0.169917	-0.0673609
0.158411	-0.0650269
0.153604	-0.0691329
0.145579	-0.0739403
0.151944	-0.0709442
0.148865	-0.0708845
0.148544	-0.0735782
0.148389	-0.0589565
0.149044	-0.0573506
0.136617	-0.0664218
0.127718	-0.0671799
0.125202	-0.0510901
0.12451	-0.0519259
0.139167	-0.0556342
0.143968	-0.0516996
0.164917	-0.0408017
0.162957	-0.0405857
0.155662	-0.0272464
0.160015	-0.0280554
0.160134	-0.0255288
0.153573	-0.0350543
0.157527	-0.0430958
0.158381	-0.035245
0.157006	-0.047817
0.158583	-0.0493512
0.155997	-0.0412137
0.160134	-0.043076
0.163681	-0.0484164
0.170931	-0.0441233
0.158522	-0.0441052
0.157639	-0.0436927
0.157074	-0.0430168
0.152064	-0.0359502
0.15068	-0.0400444
0.148266	-0.0213819
0.150345	-0.017182
0.145103	-0.0178842
0.170852	-0.0456661
0.167852	-0.0344608
0.169419	-0.0319076
0.16287	-0.016113
0.1613	-0.00816774
0.16267	-0.00589179
0.162127	-0.00571196
0.166721	-0.00122871
0.161953	0.00748777
0.173676	0.0125263
0.166123	0.0147136
0.168322	0.0175656
0.16261	-0.00064036
0.160507	-0.00515672
0.161361	-0.00409659
0.161677	-0.0054434
0.166205	0.000583483
0.166238	0.00220164
0.162446	-0.00021314
0.164574	-0.00201836
0.163744	-0.000667795
0.165852	0.00354531
0.164939	0.00266073
0.159982	0.00261318
0.160412	-0.00318204
0.162081	0.00433274
0.167173	0.011736
0.159108	0.0241941
0.160087	0.0306267
0.158181	0.0312975
0.144431	0.0168693
0.152953	0.0140559
0.165505	0.0313364
0.163849	0.0213613
0.161702	0.0234694
0.169494	0.0215677
0.156965	0.0231901
0.153489	0.0379014
0.16289	0.0596279
0.164089	0.0446864
0.149935	0.037567
0.145271	0.063003
0.139213	0.0694604
0.143836	0.0699358
0.137989	0.0616962
0.132679	0.0509908
0.136566	0.0526833
0.154553	0.0457168
0.153021	0.0454727
0.155658	0.0374073
0.155009	0.0391786
0.155332	0.0347032
0.159435	0.0305674
0.158975	0.0293805
0.172598	0.0311915
0.176855	0.0519907
0.168536	0.0485591
0.163084	0.0512178
0.155983	0.0504288
0.166202	0.0561738
0.148181	0.0706423
0.147252	0.0704232
0.140713	0.0763042
0.122656	0.0824631
0.128879	0.0884102
0.13193	0.0923183
0.127427	0.0897137
0.12304	0.0852878
0.129317	0.0730292
0.133067	0.070307
0.14169	0.0829059
0.1438	0.0805785
0.138597	0.0647116
0.135451	0.0681186
0.128471	0.0562629
0.144847	0.052561
0.138407	0.0524574
0.146253	0.0321783
0.154964	0.023583
0.154533	0.00512223
0.150081	0.0132565
0.132451	0.0158627
0.129596	0.0134988
0.134992	0.0146992
0.143009	0.0145466
0.145349	0.0215753
0.154611	0.0267968
0.157321	0.0190311
0.154582	0.0173288
0.167974	0.0121458
0.162285	0.0199371
0.164913	0.0253983
0.140945	0.0283748
0.129972	0.0354419
0.144118	0.0636291
0.159041	0.0809839
0.156256	0.0816583
0.156435	0.0787168
0.131841	0.0743348
0.133132	0.0754042
0.134091	0.0761741
0.123983	0.0850977
0.126638	0.0823242
0.132867	0.0863509
0.14036	0.0895445
0.143801	0.0851043
0.116986	0.0734054
0.121637	0.0694147
0.130764	0.0865844
0.128995	0.101257
0.115962	0.0880219
0.131599	0.0935814
0.128856	0.111163
0.120754	0.118793
0.119427	0.11777
0.119206	0.120357
0.12496	0.135131
0.119137	0.129691
0.121792	0.135527
0.111057	0.123848
0.110224	0.12291
0.11807	0.118668
0.121392	0.117997
0.115373	0.125486
0.105407	0.114321
0.105354	0.116344
0.106138	0.108735
0.0894459	0.117539
0.0917257	0.1219
0.0918312	0.122948
0.0957112	0.128207
0.0997176	0.135267
0.101253	0.12844
0.0975414	0.120336
0.0918117	0.132539
0.0776473	0.124557
0.0829303	0.132604
0.101667	0.129866
0.100649	0.127369
0.10044	0.12287
0.0973372	0.126067
0.0971558	0.12148
0.089081	0.112267
0.0952338	0.116115
0.0943658	0.11792
0.0899531	0.119915
0.088319	0.131455
0.0897422	0.13591
0.0884169	0.12999
0.100179	0.108129
0.101524	0.110209
0.103985	0.110582
0.106353	0.111203
0.108164	0.114077
0.103614	0.111034
0.104081	0.113889
0.0921424	0.108475
0.0955257	0.106633
0.0976291	0.108864
0.0982326	0.106188
0.105279	0.106689
0.108623	0.112199
0.101733	0.111014
0.107589	0.112425
0.109203	0.119582
0.108095	0.118865
0.106662	0.119054
0.103644	0.113754
0.101637	0.116824
0.103835	0.118772
0.0992433	0.118759
0.0849403	0.122024
0.0826319	0.123408
0.0797733	0.135152
0.0801625	0.135574
0.0735427	0.137126
0.0709622	0.148579
0.0733266	0.148856
0.0827404	0.135027
0.0862539	0.139691
0.0884403	0.139002
0.0860636	0.13803
0.0936586	0.143056
0.105247	0.1438
0.102271	0.140568
0.09921	0.135235
0.0987144	0.12963
0.0988754	0.131358
0.0988717	0.130005
0.0969326	0.128014
0.0946275	0.124959
0.0936841	0.123966
0.0963951	0.122876
0.0985545	0.124157
0.0968646	0.129134
0.0944214	0.12934
0.0819505	0.132973
0.0830781	0.129918
0.0840684	0.130816
0.0751873	0.119877
0.0664046	0.130214
0.0602037	0.12689
0.0607803	0.130474
0.0570386	0.147096
0.0576194	0.147689
0.0561035	0.14267
0.050501	0.145384
0.0493825	0.144161
0.0501226	0.142171
0.0499883	0.14772
0.0521508	0.144934
0.0431837	0.149874
0.0524129	0.142461
0.0529418	0.143871
0.0372151	0.163521
0.0342597	0.159294
0.0362973	0.156331
0.0356342	0.157785
0.0396864	0.169182
0.0366203	0.153539
0.0392531	0.147571
0.0378736	0.150824
0.0489884	0.161247
0.0690216	0.164593
0.0681737	0.156911
0.0651816	0.167753
0.0686729	0.15957
0.0686306	0.160014
0.0775265	0.157743
0.0775856	0.151698
0.0766045	0.149385
0.0708289	0.16223
0.069667	0.158756
0.0618176	0.153255
0.0844917	0.162638
0.0807484	0.130142
0.0794513	0.120592
0.0803582	0.120992
0.075062	0.145116
0.0718856	0.14861
0.0753419	0.148527
0.0783434	0.144705
0.0833413	0.145048
0.0796103	0.153444
0.0774041	0.157561
0.0754611	0.156551
0.0658198	0.157784
0.0712333	0.181146
0.0688939	0.174164
0.0643309	0.170343
0.0602352	0.171175
0.0561115	0.154204
0.0583092	0.138357
0.062482	0.131911
0.0763752	0.156847
0.0891249	0.145736
0.0961451	0.157305
0.0936102	0.153171
0.0984457	0.147193
0.0985626	0.138719
0.0887455	0.1312
0.090784	0.132775
0.120454	0.134923
0.119077	0.133357
0.106466	0.133828
0.0976657	0.128273
0.0940507	0.133171
0.10028	0.121349
0.0933283	0.116859
0.0911955	0.106682
0.0991976	0.118411
0.107789	0.113539
0.113958	0.125444
0.106269	0.119666
0.105929	0.120088
0.109026	0.11295
0.119678	0.0920131
0.118069	0.0860486
0.115538	0.0844396
0.117021	0.0847922
0.120691	0.0824575
0.118313	0.0848105
0.124594	0.0913497
0.13209	0.115082
0.128858	0.119936
0.132901	0.121976
0.13604	0.110012
0.128995	0.113774
0.127265	0.102044
0.147409	0.0985082
0.145247	0.0968664
0.136125	0.0926379
0.126939	0.112758
0.12535	0.119461
0.142058	0.115501
0.128189	0.11797
0.126733	0.113084
0.126171	0.112249
0.135838	0.106527
0.139322	0.105632
0.135132	0.112541
0.130401	0.113238
0.128588	0.115041
0.130203	0.112612
0.126029	0.101711
0.107903	0.0892303
0.109578	0.0936712
0.111892	0.103475
0.105226	0.109742
0.10006	0.115502
0.108602	0.121992
0.104263	0.139656
0.0858312	0.149462
0.0666165	0.150816
0.0316911	0.168285
0.0146133	0.174451
-0.00143112	0.178655
-0.0187398	0.182171
-0.0356696	0.17931
-0.0372293	0.180919
-0.0502579	0.18151
-0.0585067	0.178696
-0.0765801	0.173774
-0.0867527	0.171817
-0.0813156	0.173033
-0.0733855	0.170494
-0.0537241	0.156211
-0.0499887	0.144893
-0.0437834	0.144881
-0.0373311	0.145296
-0.0322534	0.146889
-0.0385672	0.146285
-0.0347728	0.146233
-0.0273132	0.150663
-0.0126341	0.14888
0.00451884	0.152283
0.010606	0.152306
0.0237599	0.158759
0.0190357	0.154396
0.0304814	0.160556
0.0264161	0.156026
0.0438397	0.158115
0.0545504	0.145668
0.0614857	0.139123
0.0645319	0.142027
0.0615237	0.132355
0.053119	0.141637
0.0604914	0.135747
0.0709859	0.128789
0.081435	0.123488
0.0830547	0.126547
0.0862726	0.125844
0.0890679	0.126087
0.0940021	0.124126
0.081388	0.119406
0.0854562	0.120315
0.089108	0.121525
0.0926372	0.122409
0.0946966	0.121602
0.103458	0.121185
0.109585	0.124062
0.104399	0.123571
0.103482	0.123883
0.090634	0.116609
0.101896	0.120445
0.100614	0.111766
0.102857	0.108107
0.10315	0.114617
0.0999325	0.110851
0.101094	0.112543
0.091791	0.103212
0.0970227	0.105458
0.0925464	0.11253
0.095628	0.112876
0.088546	0.0892892
0.0982843	0.0926114
0.106778	0.092879
0.109197	0.0987395
0.114182	0.104233
0.110316	0.0975725
0.113379	0.10191
0.107131	0.106835
0.113027	0.123832
0.11088	0.121858
0.10251	0.127353
0.107707	0.11938
0.1078	0.110893
0.0960713	0.124911
0.102496	0.108876
0.0953028	0.0993001
0.0948539	0.104718
0.0964654	0.105984
0.0991263	0.109802
0.101152	0.109039
0.100653	0.110856
0.105728	0.112445
0.105984	0.114022
0.106365	0.114891
0.11255	0.113272
0.110092	0.12139
0.107964	0.124292
0.122757	0.122757
0.115732	0.126381
0.102822	0.120398
0.10486	0.135428
0.109327	0.124367
0.110797	0.122171
0.105709	0.124301
0.0886633	0.125383
0.105294	0.13111
0.107151	0.129269
0.107998	0.132407
0.125173	0.142506
0.108232	0.131477
0.0988315	0.134016
0.0990274	0.130682
0.0841086	0.118439
0.0862177	0.122852
0.0887398	0.123501
0.08901	0.126561
0.0889253	0.137427
0.0928895	0.134875
0.0961227	0.140196
0.0884278	0.136996
0.0906851	0.135511
0.0958674	0.136508
0.0898461	0.134355
0.0926398	0.133935
0.101627	0.124727
0.0970024	0.134444
0.099614	0.148273
0.110284	0.144614
0.100224	0.147814
0.0995203	0.137299
0.0891674	0.155541
0.0905282	0.152834
0.093227	0.139422
0.114898	0.144262
0.108729	0.146634
0.110555	0.13565
0.111167	0.133723
0.106813	0.139385
0.106164	0.148312
0.0877571	0.13672
0.0868984	0.139992
0.100051	0.132331
0.0905747	0.122109
0.096993	0.126341
0.113866	0.12768
0.113477	0.127733
0.105511	0.122829
0.10711	0.127894
0.104699	0.131289
0.1049	0.130762
0.11072	0.148028
0.108912	0.144222
0.113322	0.143481
0.113781	0.127053
0.112227	0.134389
0.106084	0.147231
0.105256	0.140824
0.101877	0.139874
0.0960075	0.139886
0.0933583	0.137806
0.108102	0.13644
0.0922367	0.130779
0.0782736	0.12733
0.0723214	0.121118
0.082542	0.122343
0.0808341	0.123725
0.0788471	0.127581
0.0637766	0.127719
0.0510782	0.135271
0.0576587	0.137989
0.0678369	0.148263
0.0693713	0.148748
0.064647	0.145312
0.0771709	0.14888
0.0773349	0.147833
0.0760719	0.146496
0.0726039	0.153352
0.0748008	0.153173
0.095921	0.153856
0.102392	0.143625
0.0980267	0.144216
0.0935789	0.144754
0.095044	0.141597
0.0763514	0.157098
0.0794288	0.150039
0.0906307	0.150535
0.0877575	0.146766
0.08745	0.142916
0.0854304	0.144295
0.0693212	0.150054
0.0782965	0.160773
0.066813	0.158254
0.0702271	0.152058
0.0644985	0.159059
0.0727299	0.15635
0.0734887	0.157255
0.0632479	0.16224
0.0627401	0.15875
0.0579439	0.158975
0.0543778	0.159165
0.060215	0.157112
0.0562437	0.156026
0.0459059	0.167724
0.0434389	0.14574
0.0443663	0.148168
0.0401913	0.136555
0.0387967	0.148981
0.0317333	0.139862
0.037532	0.135204
0.0401693	0.136594
0.0456392	0.14176
0.0497443	0.142297
0.0545087	0.147032
0.0513187	0.143537
0.0609056	0.145514
0.057064	0.160204
0.0502857	0.164485
0.0494453	0.162848
0.0469283	0.161367
0.0364069	0.164922
0.0319471	0.16412
0.0345442	0.162721
0.0312772	0.150042
0.0352947	0.144858
0.0382337	0.146201
0.0363983	0.14486
0.0281422	0.159182
0.0305921	0.154778
0.0167451	0.162874
0.0199258	0.159555
0.0283101	0.151567
0.0282204	0.152587
0.0290787	0.154734
0.033821	0.154717
0.0329769	0.150735
0.0376984	0.15024
0.0489285	0.159027
0.0434242	0.155519
0.0617685	0.155194
0.0601115	0.151087
0.0616618	0.155318
0.0650216	0.156766
0.0565562	0.143149
0.0612228	0.143104
0.0745144	0.137844
0.0649966	0.12868
0.076136	0.129616
0.0701971	0.136286
0.0741862	0.123231
0.0767012	0.129707
0.0879747	0.141438
0.0721223	0.127021
0.0576673	0.11539
0.0704033	0.10354
0.077567	0.111746
0.0846533	0.11655
0.0866156	0.119448
0.0881122	0.123389
0.0880922	0.112427
0.0891061	0.115923
0.0882294	0.122009
0.0884517	0.120664
0.0647954	0.111475
0.0706775	0.118869
0.0715291	0.109125
0.0773565	0.114168
0.0829269	0.112182
0.086122	0.118735
0.0914783	0.116048
0.0983098	0.102257
0.094368	0.0892927
0.0996549	0.10305
0.119294	0.10836
0.0959589	0.107496
0.0992046	0.115195
0.0979921	0.120279
0.0810422	0.124395
0.088141	0.13198
0.0852761	0.137935
0.0871298	0.136945
0.0976539	0.152748
0.0985616	0.149516
0.103586	0.149266
0.103876	0.144665
0.105141	0.144261
0.113053	0.143953
0.107549	0.135877
0.0980259	0.139157
0.0874426	0.146549
0.102147	0.126035
0.0936996	0.131235
0.103467	0.129687
0.106543	0.132148
0.104251	0.131795
0.107979	0.13373
0.109304	0.146751
0.107363	0.127816
0.105291	0.129307
0.106248	0.124137
0.0933877	0.125671
0.0935024	0.124312
0.093367	0.125944
0.0843874	0.12567
0.0915222	0.129152
0.0757617	0.126323
0.0649719	0.128455
0.0650227	0.140747
0.069209	0.157194
0.0714819	0.155597
0.0736688	0.153082
0.0721659	0.153705
0.0624552	0.137828
0.0564625	0.142936
0.0543558	0.156647
0.0515633	0.153143
0.0633557	0.161425
0.0646414	0.158047
0.0693316	0.163815
0.0603538	0.159262
0.0673002	0.15952
0.0708765	0.153678
0.0638848	0.165925
0.0711834	0.173262
0.065931	0.163553
0.0706233	0.15872
0.0634148	0.152674
0.0618498	0.158823
0.059082	0.158523
0.0616878	0.159675
0.062841	0.163232
0.0636925	0.155887
0.066546	0.153531
0.063158	0.151096
0.0694462	0.149273
0.064018	0.152542
0.0589872	0.154327
0.0532961	0.141995
0.0588463	0.144536
0.0409564	0.155436
0.042484	0.155233
0.0452737	0.153822
0.0456451	0.154108
0.0460357	0.154236
0.0420659	0.151729
0.0425656	0.151463
0.0395426	0.148066
0.0559666	0.141172
0.0337911	0.149741
0.0358055	0.151183
0.0372198	0.149548
0.0392644	0.147415
0.0372623	0.163555
0.0376243	0.163696
0.0198651	0.161759
0.0235653	0.160521
0.0288595	0.161391
0.0336056	0.148374
0.0444059	0.162167
0.0475754	0.174713
0.0279595	0.160799
0.0344171	0.156849
0.036425	0.158389
0.0447786	0.140537
0.0490591	0.140165
0.0468957	0.136461
0.0489331	0.136687
0.0490768	0.123972
0.04636	0.126615
0.0440505	0.129192
0.0436369	0.14639
0.0366874	0.143485
0.0328455	0.14723
0.0300853	0.151716
0.0250394	0.155297
0.0233573	0.145267
0.0214626	0.146917
0.0164771	0.139211
0.00758318	0.148587
-0.00759411	0.157593
-0.00398382	0.158811
-0.0212962	0.145704
-0.0156419	0.149649
-0.0115636	0.149333
-0.00804168	0.151508
0.000599253	0.14627
-0.00153269	0.15373
0.00281795	0.158444
0.00415547	0.159673
-0.00211574	0.148499
0.0239285	0.165918
0.0193527	0.165989
0.0182197	0.160351
0.0138046	0.17153
0.013953	0.178458
0.00985145	0.175483
-0.000932574	0.175687
0.0018566	0.171313
0.00152518	0.17005
-0.0143519	0.160616
-0.023391	0.159603
-0.0178163	0.161284
-0.0164906	0.154723
-0.0186564	0.153397
-0.0260574	0.159425
-0.0196047	0.157569
-0.0128383	0.163804
-0.0122387	0.158476
-0.00736999	0.158017
0.0177319	0.158542
0.00424011	0.1647
0.00663491	0.159385
0.0151095	0.1621
0.0132904	0.161369
0.0182987	0.162737
0.016744	0.167809
0.010218	0.159341
0.00984032	0.167581
0.0106175	0.165331
0.00789399	0.16697
0.00353558	0.169598
0.00263448	0.166724
-0.00983062	0.161522
-0.0130298	0.160177
-0.00976544	0.160726
-0.000254357	0.158484
0.00073293	0.157625
-0.00330063	0.157906
-0.00949835	0.160665
-0.0123513	0.168216
-0.0135559	0.166542
-0.0249639	0.167819
-0.023883	0.176208
-0.0214121	0.175426
-0.0155166	0.170448
-0.0173269	0.175789
-0.0171575	0.177527
-0.023521	0.171839
-0.0208224	0.169872
-0.0200262	0.166955
-0.0269063	0.166727
-0.0303585	0.162274
-0.0343735	0.165569
-0.0371067	0.164281
-0.0545308	0.15916
-0.0532977	0.158233
-0.0434549	0.158732
-0.0491644	0.150977
-0.0507607	0.143906
-0.0552245	0.137927
-0.0413713	0.142777
-0.0445206	0.140598
-0.0521533	0.142014
-0.0607043	0.144722
-0.0567881	0.142934
-0.0716669	0.147632
-0.07785	0.150365
-0.0741951	0.154673
-0.0758517	0.157561
-0.0598935	0.164391
-0.0676239	0.16419
-0.0737807	0.157187
-0.0846678	0.154638
-0.0834439	0.145854
-0.0829183	0.138911
-0.092135	0.123464
-0.0892008	0.136183
-0.0971675	0.133416
-0.0906089	0.127655
-0.0982616	0.123193
-0.10225	0.12235
-0.102739	0.120169
-0.101362	0.106088
-0.105407	0.103211
-0.118001	0.093118
-0.124132	0.0947552
-0.122325	0.102916
-0.122125	0.10376
-0.125729	0.102628
-0.127521	0.104666
-0.136256	0.117321
-0.135231	0.103275
-0.122161	0.116602
-0.115007	0.111587
-0.124949	0.112293
-0.141907	0.109419
-0.137248	0.0988838
-0.12549	0.0981041
-0.123212	0.0970413
-0.118886	0.094287
-0.122125	0.0939477
-0.134203	0.0780806
-0.135484	0.0916743
-0.137458	0.0931275
-0.136533	0.0859747
-0.135977	0.0939393
-0.131417	0.0900469
-0.126378	0.102126
-0.125589	0.100418
-0.123344	0.0931233
-0.123789	0.0859957
-0.130413	0.0888403
-0.114022	0.0845033
-0.119774	0.0880243
-0.132576	0.113346
-0.137064	0.107314
-0.136034	0.101311
-0.137478	0.100656
-0.138663	0.096738
-0.145992	0.0833612
-0.161783	0.0791814
-0.161583	0.0639045
-0.15783	0.0711381
-0.156435	0.0774893
-0.140919	0.102511
-0.13989	0.098227
-0.139159	0.10384
-0.146541	0.0967395
-0.141232	0.0839593
-0.147773	0.0907663
-0.150972	0.0970268
-0.1611	0.105978
-0.156858	0.10063
-0.152423	0.0933423
-0.152664	0.0807229
-0.151703	0.0824915
-0.146538	0.0827801
-0.152055	0.0806113
-0.151455	0.0866077
-0.152167	0.101991
-0.130733	0.091522
-0.124281	0.108781
-0.120387	0.0985754
-0.129493	0.0846991
-0.121313	0.0774845
-0.128198	0.0895861
-0.133279	0.096883
-0.137034	0.0869878
-0.140196	0.0832852
-0.133958	0.076
-0.137933	0.0843858
-0.122847	0.0816157
-0.121276	0.0890681
-0.113236	0.0813067
-0.111596	0.0832715
-0.11822	0.0806557
-0.122912	0.0799715
-0.12633	0.0837636
-0.127059	0.0861913
-0.132123	0.0868571
-0.122299	0.0782035
-0.126841	0.0935894
-0.142505	0.0848978
-0.147796	0.0835316
-0.13287	0.076209
-0.141187	0.0606989
-0.148951	0.0643276
-0.150945	0.0609379
-0.147719	0.0610526
-0.142683	0.0648867
-0.146394	0.0811708
-0.143531	0.069785
-0.132537	0.0661421
-0.12673	0.0568086
-0.126972	0.0413241
-0.132762	0.0579714
-0.125646	0.0669626
-0.129739	0.0668095
-0.130374	0.0818341
-0.133044	0.0786822
-0.130536	0.0785465
-0.132588	0.0744644
-0.134918	0.0603025
-0.143737	0.0746403
-0.150901	0.080485
-0.155285	0.0805292
-0.153064	0.0792189
-0.153496	0.0873247
-0.143665	0.0800502
-0.141922	0.0824184
-0.143653	0.0865578
-0.140136	0.08784
-0.137923	0.0908316
-0.150367	0.091954
-0.139772	0.0880465
-0.150913	0.0794987
-0.152329	0.078639
-0.147131	0.0848699
-0.140057	0.0930854
-0.128934	0.0914332
-0.128464	0.0930351
-0.127756	0.105718
-0.103547	0.109422
-0.10428	0.117412
-0.10312	0.130695
-0.0953721	0.123934
-0.0821998	0.127655
-0.0880221	0.142392
-0.100256	0.147341
-0.0997567	0.145172
-0.101475	0.148536
-0.0915737	0.142742
-0.097025	0.145534
-0.0972599	0.146562
-0.101503	0.13745
-0.102982	0.126814
-0.105576	0.1217
-0.10473	0.113118
-0.110824	0.108823
-0.114703	0.0984707
-0.124777	0.0793081
-0.131934	0.0695664
-0.146139	0.0813542
-0.153488	0.0741826
-0.151494	0.0677704
-0.14849	0.062202
-0.146948	0.0608605
-0.142088	0.0708716
-0.156636	0.0554435
-0.161333	0.0498361
-0.1622	0.0367348
-0.151895	0.0358427
-0.154191	0.0373041
-0.164747	0.0358005
-0.161331	0.0287102
-0.158531	0.0419189
-0.160608	0.0400937
-0.153953	0.0375519
-0.162876	0.0304145
-0.163044	0.040102
-0.158108	0.0403972
-0.151807	0.0405254
-0.149915	0.0414472
-0.150282	0.0346492
-0.145429	0.0422242
-0.151027	0.0400852
-0.160568	0.0372234
-0.162975	0.0338307
-0.154742	0.0255367
-0.150482	0.0246799
-0.152305	0.021107
-0.155836	0.0402076
-0.156389	0.0342731
-0.163471	0.0259941
-0.162283	0.0297712
-0.162849	0.0242951
-0.164411	0.0240973
-0.168578	0.0305279
-0.175034	0.0264573
-0.172138	0.0224498
-0.172763	0.0162009
-0.168529	0.00647619
-0.161026	-0.00548904
-0.140562	-0.0293643
-0.145499	-0.0242967
-0.148586	-0.0191308
-0.149522	-0.0146313
-0.153246	-0.00926694
-0.143852	0.00415331
-0.146507	-0.000147233
-0.152059	0.00534829
-0.154115	0.00112493
-0.155293	0.00175455
-0.158931	0.00410328
-0.151812	-0.00453494
-0.154433	0.000947659
-0.15615	-0.0114402
-0.15326	0.00116829
-0.150223	0.00780045
-0.154027	0.0062535
-0.15592	0.00487751
-0.149284	0.0180468
-0.149073	0.0275867
-0.145785	0.0236682
-0.154455	0.0217963
-0.155245	0.0249139
-0.156949	0.0183516
-0.157511	0.015238
-0.160097	0.00301601
-0.156047	0.00452001
-0.15662	0.00530007
-0.163811	-0.00384696
-0.15824	0.00143678
-0.150587	-0.00159796
-0.152398	-0.00457456
-0.153534	-0.00419797
-0.15267	-0.00443372
-0.150395	-0.0107956
-0.157648	-0.0142535
-0.162448	-0.0269637
-0.16424	-0.0371656
-0.160294	-0.0326486
-0.161295	-0.0315557
-0.158894	-0.0243454
-0.14513	-0.00899794
-0.147395	-0.0114836
-0.141982	-0.00665232
-0.152439	-0.0122176
-0.160357	-0.0120279
-0.159396	0.00529291
-0.144278	0.00527768
-0.134188	-0.00335575
-0.145044	-0.000661571
-0.159235	-0.00852235
-0.163592	-0.00835855
-0.167815	-0.0134305
-0.164503	-0.0186287
-0.152441	-0.0273981
-0.141288	-0.0302221
-0.145386	-0.0374654
-0.145058	-0.0411094
-0.150109	-0.0413205
-0.148054	-0.0415123
-0.150684	-0.0411781
-0.153668	-0.0484879
-0.15555	-0.0536522
-0.153888	-0.0484002
-0.15531	-0.051078
-0.146083	-0.0496252
-0.147544	-0.0440899
-0.149578	-0.0432949
-0.152941	-0.0356035
-0.152153	-0.0297203
-0.152716	-0.0322188
-0.142013	-0.0428417
-0.157207	-0.0420521
-0.151007	-0.0424765
-0.144264	-0.0521841
-0.133196	-0.0448513
-0.134708	-0.0433663
-0.1369	-0.05043
-0.137038	-0.0508765
-0.152786	-0.0449084
-0.172507	-0.0608071
-0.175305	-0.0591919
-0.181262	-0.0493912
-0.165418	-0.0523307
-0.162671	-0.0517317
-0.156022	-0.0496989
-0.153179	-0.0458854
-0.154393	-0.0407795
-0.151411	-0.053277
-0.146511	-0.0509278
-0.135246	-0.04327
-0.137032	-0.0478159
-0.130275	-0.0455373
-0.140122	-0.0341855
-0.156246	-0.0390422
-0.149556	-0.0425697
-0.156701	-0.0439673
-0.161433	-0.0505294
-0.156738	-0.0504268
-0.155829	-0.0525076
-0.153194	-0.0520029
-0.157026	-0.0508361
-0.154025	-0.0554917
-0.132379	-0.0715296
-0.13479	-0.0709873
-0.146002	-0.080219
-0.140765	-0.0799754
-0.141353	-0.0783217
-0.149622	-0.0711625
-0.146772	-0.0828787
-0.148383	-0.0716794
-0.145958	-0.0772927
-0.152654	-0.0846746
-0.149855	-0.0820711
-0.149104	-0.0777825
-0.139463	-0.0692109
-0.149826	-0.0719034
-0.158932	-0.072894
-0.14757	-0.078253
-0.143768	-0.0821044
-0.129878	-0.0798387
-0.126133	-0.0763553
-0.125753	-0.0826943
-0.113958	-0.0903689
-0.131398	-0.0929563
-0.128034	-0.0869562
-0.120521	-0.0907569
-0.138663	-0.092748
-0.136512	-0.0929086
-0.139275	-0.0914842
-0.141862	-0.0937223
-0.123045	-0.0924914
-0.107501	-0.0974217
-0.108159	-0.0993058
-0.120584	-0.109695
-0.121254	-0.108505
-0.121637	-0.107152
-0.118198	-0.107629
-0.11813	-0.106217
-0.116551	-0.106492
-0.116858	-0.105966
-0.119872	-0.105746
-0.118752	-0.100392
-0.114192	-0.102049
-0.114792	-0.103429
-0.123827	-0.0999272
-0.122808	-0.100503
-0.116258	-0.102762
-0.120192	-0.110839
-0.116414	-0.116444
-0.117288	-0.115581
-0.127289	-0.124501
-0.125129	-0.121711
-0.129285	-0.11453
-0.108106	-0.122564
-0.0968943	-0.124361
-0.0966458	-0.121537
-0.0958249	-0.119314
-0.104417	-0.10623
-0.0986088	-0.103414
-0.102315	-0.103798
-0.121641	-0.107523
-0.117848	-0.0995039
-0.112314	-0.106229
-0.116682	-0.108723
-0.121457	-0.10214
-0.116415	-0.112382
-0.127031	-0.105153
-0.123132	-0.101923
-0.116338	-0.114053
-0.114483	-0.121341
-0.113008	-0.0974071
-0.0982816	-0.111067
-0.0991698	-0.113114
-0.0916381	-0.114946
-0.0884579	-0.114223
-0.0912163	-0.115743
-0.0904022	-0.114704
-0.0931007	-0.111731
-0.0936982	-0.109531
-0.0827269	-0.111348
-0.0825839	-0.130345
-0.095954	-0.147346
-0.0936509	-0.145973
-0.0802557	-0.152216
-0.0826988	-0.14842
-0.0853038	-0.129988
-0.0882245	-0.135578
-0.103733	-0.130287
-0.100315	-0.132013
-0.0973415	-0.136801
-0.0911756	-0.128453
-0.0964674	-0.132721
-0.0923146	-0.132718
-0.0856106	-0.137056
-0.0888653	-0.135436
-0.0800863	-0.134114
-0.0849043	-0.136293
-0.0922202	-0.133503
-0.0855637	-0.147419
-0.0841812	-0.139925
-0.0843879	-0.13431
-0.0887906	-0.135658
-0.0829847	-0.130342
-0.0867998	-0.127621
-0.0946561	-0.129222
-0.095668	-0.128081
-0.0984915	-0.117592
-0.0938481	-0.118156
-0.0965293	-0.118099
-0.109024	-0.110599
-0.114718	-0.122242
-0.114543	-0.107789
-0.109878	-0.11034
-0.104207	-0.113085
-0.112786	-0.128965
-0.11522	-0.120707
-0.112142	-0.1235
-0.110762	-0.133292
-0.107788	-0.132227
-0.116997	-0.132529
-0.116369	-0.140529
-0.11338	-0.136636
-0.122855	-0.142164
-0.126167	-0.140161
-0.132651	-0.156144
-0.120795	-0.150336
-0.112555	-0.15236
-0.103735	-0.141343
-0.106266	-0.13159
-0.120935	-0.129179
-0.119353	-0.12571
-0.113855	-0.122119
-0.11291	-0.115765
-0.103389	-0.12282
-0.105529	-0.123479
-0.116439	-0.121119
-0.132701	-0.120607
-0.14712	-0.110069
-0.135969	-0.105246
-0.101026	-0.123193
-0.103147	-0.119487
-0.107784	-0.104225
-0.11405	-0.104425
-0.114804	-0.105352
-0.106522	-0.0936129
-0.105614	-0.0840259
-0.111142	-0.0828837
-0.112406	-0.0889236
-0.123971	-0.0962512
-0.121377	-0.103448
-0.123227	-0.10208
-0.123672	-0.101675
-0.121745	-0.10659
-0.12382	-0.104777
-0.126125	-0.104831
-0.124584	-0.0998338
-0.123272	-0.107212
-0.13832	-0.117251
-0.122023	-0.121382
-0.117729	-0.121051
-0.106347	-0.12107
-0.108096	-0.11957
-0.101137	-0.11638
-0.102004	-0.112641
-0.105025	-0.106168
-0.106391	-0.108525
-0.102868	-0.099373
-0.116768	-0.0978627
-0.126064	-0.0942755
-0.124487	-0.102107
-0.0984012	-0.096251
-0.101927	-0.100784
-0.120488	-0.0984375
-0.127115	-0.0958443
-0.121497	-0.105726
-0.127953	-0.109158
-0.134434	-0.0945791
-0.129724	-0.0915667
-0.128677	-0.0991291
-0.123551	-0.113957
-0.121988	-0.113074
-0.124151	-0.122214
-0.121066	-0.123021
-0.115759	-0.121663
-0.101145	-0.123857
-0.0933846	-0.121116
-0.0968569	-0.119983
-0.0827143	-0.115514
-0.0846266	-0.11804
-0.0848188	-0.122155
-0.100905	-0.123773
-0.0960629	-0.126607
-0.0909815	-0.128134
-0.0918861	-0.137908
-0.0789222	-0.133432
-0.0822169	-0.131355
-0.0848391	-0.132761
-0.0962126	-0.139776
-0.0981643	-0.143648
-0.0977953	-0.142788
-0.100144	-0.138163
-0.0960344	-0.138224
-0.0870597	-0.139306
-0.089353	-0.134736
-0.0904656	-0.13905
-0.0885021	-0.140155
-0.0888474	-0.136374
-0.0948233	-0.135113
-0.0876176	-0.136306
-0.0832105	-0.138163
-0.0695741	-0.143329
-0.069204	-0.146822
-0.0712892	-0.145257
-0.0790548	-0.149107
-0.0700608	-0.151981
-0.0801552	-0.158505
-0.0754507	-0.160591
-0.0839166	-0.162824
-0.0925609	-0.164173
-0.0896632	-0.159796
-0.0922161	-0.156691
-0.0896445	-0.156495
-0.0795172	-0.153339
-0.0728986	-0.152586
-0.0707372	-0.154221
-0.0723751	-0.150531
-0.0784962	-0.152405
-0.0820703	-0.148189
-0.0883049	-0.145507
-0.0625029	-0.135517
-0.0581725	-0.128039
-0.06956	-0.119925
-0.0681594	-0.121703
-0.0588743	-0.129527
-0.0717692	-0.127572
-0.0762437	-0.124612
-0.0833985	-0.121594
-0.0757658	-0.118095
-0.080806	-0.11886
-0.0862536	-0.122556
-0.0899546	-0.121782
-0.0862909	-0.123831
-0.0838606	-0.135719
-0.0835877	-0.127803
-0.0698892	-0.12951
-0.0942471	-0.137597
-0.0929739	-0.124361
-0.102183	-0.121603
-0.101393	-0.125062
-0.11611	-0.125351
-0.127713	-0.121594
-0.125833	-0.120261
-0.122557	-0.118511
-0.131491	-0.119125
-0.127537	-0.112618
-0.125685	-0.111633
-0.125415	-0.110863
-0.11569	-0.110422
-0.112503	-0.106167
-0.110566	-0.104228
-0.118467	-0.100491
-0.123579	-0.0949538
-0.121352	-0.0952021
-0.126681	-0.102123
-0.0988631	-0.104023
-0.09468	-0.106535
-0.0950948	-0.108649
-0.100727	-0.110285
-0.095212	-0.118539
-0.0980092	-0.121688
-0.10611	-0.12018
-0.109094	-0.119093
-0.105798	-0.100568
-0.107144	-0.102513
-0.111931	-0.100317
-0.114276	-0.0996605
-0.115177	-0.100714
-0.107696	-0.117278
-0.117993	-0.112375
-0.116468	-0.112475
-0.115843	-0.107048
-0.107455	-0.111365
-0.106367	-0.114618
-0.104417	-0.114609
-0.106565	-0.11394
-0.0952444	-0.113402
-0.103588	-0.118766
-0.103682	-0.101609
-0.108688	-0.107847
-0.111903	-0.104424
-0.117156	-0.117718
-0.118118	-0.123996
-0.118525	-0.116224
-0.106076	-0.11841
-0.117276	-0.105419
-0.120415	-0.0865896
-0.119197	-0.0896995
-0.114255	-0.083156
-0.114774	-0.101341
-0.103923	-0.104273
-0.120263	-0.118723
-0.123195	-0.11601
-0.120946	-0.114956
-0.125504	-0.117634
-0.123554	-0.11193
-0.128473	-0.106492
-0.11882	-0.110618
