-0.0313111	-0.117709
-0.0428633	-0.131581
-0.0341397	-0.126988
-0.0524842	-0.121278
-0.0426448	-0.124628
-0.0498029	-0.131185
-0.0282088	-0.160315
-0.00796998	-0.155851
0.00153454	-0.164476
0.0164151	-0.175223
0.0158795	-0.167276
0.010388	-0.161774
0.0243739	-0.169978
0.023012	-0.142202
0.040623	-0.12418
0.0190251	-0.119983
0.0344946	-0.162361
0.0320609	-0.163839
0.018715	-0.181904
0.037091	-0.153088
0.0421951	-0.144604
0.0268564	-0.126796
0.0763395	-0.13784
0.0838649	-0.0998109
0.0906121	-0.115878
0.0933307	-0.120843
0.143123	-0.130638
0.141866	-0.112794
0.109294	-0.082238
0.107377	-0.0561203
0.10771	-0.0376731
0.109172	-0.00728308
0.092101	0.00843922
0.0953629	0.0245473
0.10237	0.0341624
0.152237	0.0549876
0.144609	0.0828264
0.165613	0.122924
0.153203	0.122351
0.139899	0.126664
0.117809	0.132248
0.134341	0.12087
0.125888	0.139531
0.0759241	0.138758
0.0431253	0.136567
0.0255007	0.14765
0.0300169	0.160008
0.00858816	0.14999
-0.0140496	0.150987
-0.0261949	0.149552
-0.036921	0.154394
-0.0524989	0.145752
-0.0627779	0.148202
-0.06209	0.12574
-0.0842913	0.140757
-0.0871901	0.142628
-0.0963734	0.155367
-0.0949811	0.146589
-0.0948694	0.139977
-0.101374	0.139999
-0.107823	0.0977677
-0.107436	0.118375
-0.104287	0.109326
-0.109134	0.0860655
-0.103822	0.110687
-0.100894	0.104176
-0.104156	0.113211
-0.0881281	0.0986502
-0.0693975	0.105097
-0.0660541	0.145077
-0.0591015	0.142776
-0.0541768	0.143764
-0.0799757	0.135645
-0.0691644	0.12449
-0.0691072	0.130415
-0.0720488	0.141568
-0.07002	0.171886
-0.0645518	0.162502
-0.0534617	0.169166
0.002424	0.170411
-0.0038226	0.186795
0.00492496	0.189188
0.00645272	0.177391
0.00152416	0.167966
-0.0317822	0.201167
-0.0315241	0.182761
-0.0501219	0.14538
-0.0226641	0.157319
-0.024142	0.136989
-0.0157151	0.143008
-0.00118283	0.171897
-0.00399924	0.1634
-0.00140389	0.139104
-0.0299402	0.145833
-0.012869	0.145156
0.00355556	0.151718
-0.0144224	0.175575
-0.000521702	0.191154
-0.0117693	0.177178
0.00549478	0.170943
0.0170727	0.180359
0.0129034	0.154119
0.035155	0.155232
0.0638694	0.161749
0.0510269	0.177802
0.0415967	0.145895
0.0798163	0.144685
0.0776696	0.145955
0.116273	0.119823
0.109679	0.125077
0.126166	0.0992354
0.0978496	0.116886
0.103684	0.0601934
0.161416	0.0415496
0.148697	0.0209505
0.154792	-0.00151474
0.133501	-0.0384472
0.125964	-0.0403984
0.120387	-0.0633871
0.122292	-0.0902289
0.110363	-0.107648
0.0867499	-0.130435
0.103503	-0.104147
0.0908442	-0.117151
0.0857565	-0.120825
0.11462	-0.122269
0.0853818	-0.113369
0.0653552	-0.127771
0.0474006	-0.133353
0.0557773	-0.142005
0.0426743	-0.132955
0.0244251	-0.151005
0.0144433	-0.148587
0.0181265	-0.150312
0.00850865	-0.138726
0.0109876	-0.162643
0.00166844	-0.160324
-0.000801277	-0.161439
-0.0196268	-0.148927
-0.02097	-0.155197
-0.0325928	-0.175608
-0.0559716	-0.161668
-0.0433268	-0.168025
-0.0516524	-0.147397
-0.0666619	-0.18772
-0.0965276	-0.215543
-0.0984936	-0.206591
-0.0779808	-0.186321
-0.0645213	-0.15932
-0.0573688	-0.154801
-0.0588677	-0.158795
-0.0651154	-0.149805
-0.0907182	-0.104996
-0.0753875	-0.119742
-0.103795	-0.126493
-0.0890272	-0.142302
-0.0977559	-0.132376
-0.0765	-0.138062
-0.0509052	-0.131136
-0.0387796	-0.139467
-0.037465	-0.134746
-0.0353309	-0.147673
-0.0202053	-0.154345
-0.0108854	-0.154588
-0.00444343	-0.166085
-0.00130285	-0.145254
-0.000591199	-0.147787
0.00742389	-0.151871
0.0118507	-0.176423
0.0202714	-0.158725
-0.00690417	-0.14459
0.0108564	-0.145066
-0.000457494	-0.117663
0.0146699	-0.140038
0.043937	-0.153924
0.0166572	-0.156638
0.044802	-0.137259
0.0479289	-0.144513
0.0544449	-0.141087
0.0624096	-0.127354
0.066546	-0.135365
0.0683182	-0.113822
0.0981755	-0.11253
0.0630526	-0.140753
0.106631	-0.137134
0.105332	-0.142073
0.0987824	-0.137174
0.0841841	-0.140436
0.0942348	-0.140953
0.0995408	-0.16244
0.0963582	-0.158565
0.0776099	-0.151399
0.0556676	-0.153461
0.0377609	-0.148201
0.0340895	-0.121997
0.0158578	-0.143744
0.0277295	-0.116028
0.0604824	-0.148202
0.0882696	-0.133261
0.0543225	-0.170126
0.0410616	-0.161792
0.0184456	-0.146651
0.0323874	-0.147114
0.03679	-0.152249
0.0452764	-0.16435
0.0628466	-0.143147
0.0581654	-0.1394
0.055427	-0.147145
0.0169325	-0.169945
0.0199315	-0.182162
0.00889657	-0.171855
0.0302369	-0.161593
0.0478335	-0.177511
0.0573876	-0.155466
0.0880083	-0.130208
0.0944249	-0.131686
0.0829406	-0.136458
0.101784	-0.111108
0.0528033	-0.132427
0.0287373	-0.13421
0.0404514	-0.145602
0.0485046	-0.143202
0.0540624	-0.149621
0.0440581	-0.125995
0.0663507	-0.128885
0.0581697	-0.137511
0.0805237	-0.115043
0.050123	-0.121663
0.0735005	-0.128631
0.0736524	-0.1359
0.0815554	-0.145303
0.0567503	-0.131447
0.0679232	-0.133687
0.0492182	-0.1312
0.0557434	-0.136112
0.0793837	-0.101898
0.0970085	-0.131419
0.085394	-0.139616
0.081433	-0.146061
0.0698938	-0.167235
0.0858263	-0.158276
0.0796047	-0.153441
0.101634	-0.135205
0.096669	-0.154414
0.0874486	-0.185773
0.0702654	-0.160728
0.0450099	-0.161549
0.0422649	-0.207288
0.0253474	-0.16552
0.0796075	-0.168956
0.0782586	-0.156266
0.0819323	-0.141142
0.0920217	-0.142124
0.110599	-0.147038
0.10022	-0.148415
0.0894001	-0.166197
0.0736215	-0.151587
0.0616028	-0.149199
0.0787634	-0.158816
0.052416	-0.153872
0.0312907	-0.119174
0.0379648	-0.119693
0.0545686	-0.126153
0.081801	-0.116677
0.0913518	-0.114281
0.0881565	-0.155569
0.107238	-0.139541
0.0962968	-0.1428
0.0840887	-0.159096
0.0870463	-0.191831
0.0704288	-0.168838
0.0446372	-0.159843
0.0409553	-0.149753
0.0252957	-0.12828
0.0428498	-0.154495
0.0288795	-0.165847
0.0181359	-0.164718
0.0216855	-0.170214
0.0561316	-0.15675
0.0480906	-0.154046
0.0412368	-0.152881
0.028676	-0.15182
0.00988361	-0.129249
0.014654	-0.13888
0.00787132	-0.151859
0.00798442	-0.158654
0.0036921	-0.15383
0.0114086	-0.166015
0.00396194	-0.177632
-0.000876405	-0.166012
0.00171134	-0.154384
-0.000340465	-0.160534
-0.0105965	-0.193243
0.00568388	-0.175295
0.00523335	-0.170347
0.0033399	-0.166808
0.0140734	-0.180379
-0.00983421	-0.155394
-0.00781069	-0.158597
-0.0193352	-0.150033
-0.00598499	-0.155228
0.012698	-0.149906
0.0291911	-0.170849
0.00501682	-0.16076
0.000185218	-0.163207
-0.0101051	-0.160261
-0.0156355	-0.153826
-0.0365275	-0.131296
-0.00125421	-0.125402
-0.0110641	-0.144091
-0.00206373	-0.150337
0.00407987	-0.153274
-0.0106816	-0.159246
-0.0300243	-0.149789
-0.023271	-0.151535
-0.0173365	-0.154423
0.00879176	-0.146538
-0.0089076	-0.177999
-0.0368989	-0.183862
-0.0516971	-0.173142
-0.0310633	-0.163208
-0.0190323	-0.148683
-0.0142145	-0.155405
-0.0126734	-0.18924
-0.0174665	-0.184764
-0.0249814	-0.159487
-0.0340473	-0.165095
-0.0221609	-0.164903
-0.0203453	-0.174762
-0.00689676	-0.164164
-0.0112795	-0.160606
-0.00373833	-0.174382
-0.0178961	-0.158959
-0.00628477	-0.164446
0.0184498	-0.166891
0.0183366	-0.151233
0.00505533	-0.158697
-0.0135938	-0.157763
-0.0256246	-0.0984391
-0.0282452	-0.123066
-0.0232012	-0.137703
-0.0191064	-0.153696
-0.0199724	-0.140368
-0.0168796	-0.152689
0.0083502	-0.132039
-0.00654296	-0.152502
-0.0189063	-0.153253
-0.0217192	-0.160513
0.000915442	-0.14558
-0.00390233	-0.163257
-0.0253624	-0.152183
-0.0411704	-0.153728
-0.00351725	-0.144886
-0.0465688	-0.133457
-0.0566113	-0.139636
-0.0609482	-0.143511
-0.0749982	-0.154705
-0.087189	-0.137595
-0.112959	-0.161384
-0.0943691	-0.157103
-0.086369	-0.178629
-0.0974473	-0.168526
-0.0889597	-0.182957
-0.0854126	-0.174725
-0.0835248	-0.157266
-0.0953303	-0.146765
-0.0646122	-0.111106
-0.0750146	-0.126507
-0.0613675	-0.129122
-0.0649237	-0.134916
-0.11721	-0.119974
-0.102914	-0.167082
-0.0990435	-0.156686
-0.0667467	-0.162994
-0.061705	-0.165167
-0.0604887	-0.155605
-0.0665222	-0.151771
-0.0865745	-0.154813
-0.0780983	-0.154088
-0.0700992	-0.150243
-0.0641201	-0.13462
-0.0820904	-0.114666
-0.0877858	-0.124761
-0.0870225	-0.130782
-0.0889481	-0.15994
-0.0379473	-0.136072
-0.0400447	-0.124106
-0.0623429	-0.132827
-0.113389	-0.14951
-0.122628	-0.13838
-0.112903	-0.110039
-0.107083	-0.116947
-0.0958348	-0.123001
-0.131383	-0.130411
-0.115143	-0.133981
-0.0645192	-0.165953
-0.0963444	-0.157732
-0.0983961	-0.144969
-0.120835	-0.140629
-0.114411	-0.135534
-0.112498	-0.107331
-0.106122	-0.116563
-0.0831962	-0.104747
-0.0843185	-0.118859
-0.0817111	-0.126796
-0.0835575	-0.1304
-0.084312	-0.129921
-0.107811	-0.155795
-0.0653827	-0.139819
-0.0816791	-0.120975
-0.0903171	-0.134551
-0.101778	-0.138545
-0.0983819	-0.141345
-0.110103	-0.12841
-0.103375	-0.128442
-0.099809	-0.122399
-0.0956267	-0.12347
-0.0999315	-0.127814
-0.103317	-0.124372
-0.098229	-0.132065
-0.110626	-0.13837
-0.12288	-0.118695
-0.110022	-0.131783
-0.112645	-0.144703
-0.113585	-0.112346
-0.0944684	-0.0861537
-0.0838215	-0.104575
-0.0852069	-0.117626
-0.0869787	-0.126847
-0.0781292	-0.141531
-0.0667315	-0.143335
-0.0675051	-0.151436
-0.0620896	-0.156526
-0.0876057	-0.145289
-0.0948406	-0.145289
-0.063241	-0.144236
-0.0658874	-0.134042
-0.0608065	-0.139838
-0.0625042	-0.106878
-0.083343	-0.115112
-0.0980388	-0.117363
-0.0849163	-0.112158
-0.0840619	-0.153458
-0.0782631	-0.148199
-0.0802251	-0.144813
-0.0941923	-0.133836
-0.0831086	-0.125519
-0.096768	-0.121651
-0.109978	-0.108492
-0.117417	-0.119429
-0.118651	-0.11803
-0.101331	-0.092629
-0.140316	-0.0991083
-0.141176	-0.0895906
-0.135725	-0.101499
-0.131275	-0.105169
-0.121103	-0.115847
-0.0970692	-0.117112
-0.0976889	-0.0868252
-0.103084	-0.0963576
-0.134711	-0.110144
-0.129736	-0.109537
-0.120881	-0.117196
-0.142542	-0.128928
-0.129719	-0.111412
-0.134025	-0.116513
-0.116186	-0.111548
-0.112533	-0.111432
-0.11928	-0.104545
-0.113239	-0.106618
-0.118734	-0.110018
-0.134426	-0.100398
-0.148854	-0.110325
-0.150093	-0.107261
-0.135448	-0.099878
-0.134319	-0.083935
-0.11706	-0.0906394
-0.144625	-0.11727
-0.14792	-0.113148
-0.134273	-0.113891
-0.109084	-0.110316
-0.104089	-0.122166
-0.120637	-0.133609
-0.137649	-0.114559
-0.135187	-0.122452
-0.125068	-0.110606
-0.125328	-0.0952563
-0.127424	-0.10949
-0.12539	-0.109648
-0.1187	-0.112113
-0.125921	-0.0970657
-0.122375	-0.0877319
-0.126363	-0.0875443
-0.118035	-0.0914805
-0.121552	-0.0826146
-0.11755	-0.0976887
-0.121564	-0.107228
-0.0908926	-0.116082
-0.109282	-0.104406
-0.118626	-0.101306
