0.135604	0.00126545
0.151807	0.00454425
0.154917	0.00450875
0.133888	0.0230607
0.134509	0.0316303
0.111764	-0.00516795
0.112311	0.0272763
0.107049	0.0313316
0.114128	0.00357207
0.107289	-0.0177333
0.135055	-0.0222056
0.140168	-0.0638567
0.126053	-0.0664161
0.106247	-0.0684538
0.0886583	-0.0665979
0.0676186	-0.0700591
0.0354653	-0.0731488
0.0237154	-0.0920512
0.00338357	-0.108772
-0.0115663	-0.146092
-0.020323	-0.142312
-0.0219379	-0.160081
-0.0637642	-0.153149
-0.0836743	-0.143199
-0.0998127	-0.133462
-0.104026	-0.126151
-0.0960745	-0.125075
-0.0947376	-0.129367
-0.0847673	-0.13639
-0.085663	-0.146426
-0.0671303	-0.141956
-0.0451065	-0.143671
-0.0288947	-0.153792
-0.00477631	-0.148697
0.0157268	-0.137908
0.0200295	-0.157949
0.0534641	-0.16877
0.0408825	-0.131361
0.0840881	-0.136234
0.0828614	-0.117534
0.0850305	-0.077869
0.111506	-0.0827787
0.124866	-0.0749896
0.135106	-0.0660631
0.135001	-0.0550757
0.153453	-0.0340232
0.171582	0.0246551
0.166861	0.0474263
0.150731	0.0248901
0.165607	-0.0119477
0.167611	-0.0125843
0.163973	-0.00875458
0.138712	-0.0200352
0.112368	-0.0435852
0.0982077	-0.0305246
0.0959298	-0.0511666
0.0900573	-0.0671464
0.0908063	-0.0862757
0.130758	-0.123983
0.105353	-0.137474
0.0744143	-0.119219
0.0425014	-0.121913
0.0172632	-0.133496
-0.0103714	-0.136983
-0.0280449	-0.114441
-0.0501637	-0.120446
-0.0628564	-0.114917
-0.0554614	-0.127185
-0.0498383	-0.106021
-0.0507431	-0.127398
-0.0436325	-0.124731
-0.0427126	-0.139329
-0.00807656	-0.132186
-0.0196117	-0.144115
-0.00184106	-0.160538
0.00134542	-0.166083
0.00769676	-0.13742
-0.0282033	-0.1705
-0.0174404	-0.129673
0.00365133	-0.128721
0.00590689	-0.126755
0.0193419	-0.109916
0.0367845	-0.12575
0.0457985	-0.127997
0.051723	-0.136057
0.036016	-0.125867
0.0695283	-0.116566
0.0516126	-0.132436
0.040716	-0.158049
0.0577914	-0.143568
0.0573863	-0.138339
0.0644676	-0.144046
0.0443198	-0.143688
0.0470926	-0.143819
0.107653	-0.115935
0.0933401	-0.131998
0.0686609	-0.155623
0.0516602	-0.155015
0.0552517	-0.149634
0.0601849	-0.142438
0.071719	-0.133806
0.0775742	-0.103142
0.117649	-0.0972166
0.104373	-0.110779
0.0928137	-0.119244
0.0901812	-0.126269
0.0986833	-0.144312
0.0925303	-0.135572
0.0741057	-0.130224
0.0666944	-0.103974
0.0703943	-0.122962
0.052529	-0.102841
0.0752303	-0.108431
0.0794706	-0.11124
0.0677235	-0.122416
0.0806095	-0.145593
0.102262	-0.164131
0.0834908	-0.12782
0.103047	-0.118676
0.109141	-0.132668
0.108644	-0.127413
0.126115	-0.123713
0.0692958	-0.13377
0.0767538	-0.138986
0.0622061	-0.133947
0.0545674	-0.133438
0.0906871	-0.117515
0.101524	-0.126419
0.0926155	-0.11876
0.0788521	-0.124864
0.068279	-0.133499
0.0703567	-0.153557
0.098435	-0.157868
0.043931	-0.134585
0.0348039	-0.130602
0.0481488	-0.127615
0.0582974	-0.151711
0.0232948	-0.141683
0.0443406	-0.180771
0.0560556	-0.176982
0.0778995	-0.160376
0.0738578	-0.152537
0.0667175	-0.149922
0.0616134	-0.153022
0.0576108	-0.154685
0.072107	-0.150975
0.0701243	-0.142141
0.0813517	-0.150564
0.0614935	-0.158979
0.0489959	-0.157947
0.0512309	-0.152142
0.0270066	-0.170267
0.0226905	-0.141187
0.0256828	-0.143102
0.0125661	-0.140417
-0.0190826	-0.158639
0.010283	-0.135587
0.00407673	-0.143799
-0.0221263	-0.150843
-0.0326991	-0.148145
-0.00193536	-0.154853
-0.0287611	-0.156299
-0.013263	-0.15866
-0.0103235	-0.115648
-0.0521153	-0.126618
-0.0302913	-0.137635
-0.0318742	-0.137738
-0.0126586	-0.173109
-0.0060203	-0.194899
-0.00138366	-0.182617
-0.0241676	-0.141092
-0.0137334	-0.156504
-0.030415	-0.132477
-0.0214035	-0.141717
-0.0146677	-0.145195
-0.0237443	-0.140337
-0.0309015	-0.166327
-0.0249332	-0.173056
-0.0257235	-0.157503
0.00263479	-0.156075
-0.0255382	-0.147816
-0.0463967	-0.137218
-0.0436741	-0.158333
-0.0311926	-0.134215
-0.0152729	-0.143836
-0.0428103	-0.151373
-0.0259556	-0.165083
-0.00791182	-0.163785
0.00951934	-0.167727
0.00419171	-0.14059
0.013794	-0.154035
0.00552388	-0.159496
0.0160366	-0.178148
0.0155471	-0.179917
0.0143125	-0.173341
-0.0388846	-0.151755
-0.0196949	-0.157453
-0.00192687	-0.155366
-0.00502577	-0.145891
-0.0082429	-0.152638
-0.0184695	-0.163416
-0.00557056	-0.162617
-0.0107691	-0.160822
0.011612	-0.149598
0.0163031	-0.157825
0.0164789	-0.149015
0.0349551	-0.185817
0.0502075	-0.198158
0.0352873	-0.16927
-0.00043623	-0.162563
-0.00527299	-0.158679
-0.00452035	-0.157777
-0.000139102	-0.173567
-0.0129491	-0.176709
-0.0180824	-0.175825
-0.0325574	-0.17257
-0.0337136	-0.176958
-0.0367374	-0.164867
-0.0542561	-0.138335
-0.0521112	-0.144875
-0.0519888	-0.144758
-0.0569873	-0.142792
-0.0639436	-0.159845
-0.0234824	-0.144697
-0.0301029	-0.152292
-0.0494248	-0.148934
-0.0400075	-0.154011
-0.0481189	-0.158506
-0.0853007	-0.177108
-0.0856437	-0.160117
-0.0962143	-0.153963
-0.0960748	-0.106683
-0.0833578	-0.0941965
-0.0871018	-0.117496
-0.0977775	-0.12822
-0.0776954	-0.145665
-0.0819664	-0.14148
-0.0832989	-0.163949
-0.0979201	-0.157912
-0.114147	-0.175681
-0.066769	-0.142918
-0.0867853	-0.126127
-0.0810839	-0.138477
-0.0899954	-0.136956
-0.0789069	-0.146157
-0.0845943	-0.136024
-0.0839927	-0.141434
-0.0714389	-0.144611
-0.0702067	-0.143801
-0.063679	-0.144017
-0.0456396	-0.117925
-0.0599566	-0.0989488
-0.0687632	-0.107743
-0.0730412	-0.112579
-0.0706603	-0.145697
-0.0958474	-0.117268
-0.0911182	-0.116882
-0.0876425	-0.14904
-0.074696	-0.146766
-0.070762	-0.158075
-0.0538841	-0.143305
-0.0653144	-0.0949474
-0.105499	-0.130073
-0.0708707	-0.143629
-0.0809269	-0.137045
-0.0937422	-0.13254
-0.125014	-0.125535
-0.0946539	-0.116818
-0.116392	-0.14085
-0.113271	-0.152103
-0.0774986	-0.132392
-0.0916029	-0.119311
-0.0937471	-0.116139
-0.0965765	-0.11452
-0.109198	-0.0910753
-0.112247	-0.0945988
-0.115872	-0.0933821
-0.115858	-0.119673
-0.0968236	-0.110404
-0.109057	-0.0799069
-0.103643	-0.0974885
-0.102415	-0.10895
-0.0940958	-0.113694
-0.0923078	-0.147522
-0.0912291	-0.143099
-0.109257	-0.165894
-0.119581	-0.162568
-0.13498	-0.173118
-0.109324	-0.160099
-0.0677631	-0.155842
-0.0635002	-0.151642
-0.0737704	-0.151379
-0.066482	-0.141227
-0.0724701	-0.131285
-0.0764968	-0.119076
-0.0845861	-0.126507
-0.084388	-0.126836
-0.0916633	-0.128293
-0.0751647	-0.108118
-0.0844176	-0.131616
-0.0862127	-0.126867
-0.0943818	-0.109733
-0.0801238	-0.104323
-0.110346	-0.14174
-0.0974235	-0.123954
-0.0587391	-0.110264
-0.0646683	-0.112886
-0.0621055	-0.112206
-0.0703139	-0.115164
-0.0718288	-0.114623
-0.0626169	-0.12216
-0.0632305	-0.106442
-0.0990378	-0.107649
-0.0960573	-0.122433
-0.0892979	-0.138759
-0.0894598	-0.130057
-0.091212	-0.0998036
-0.06088	-0.0784431
-0.0832266	-0.105554
-0.0853791	-0.112279
-0.0905327	-0.122076
-0.0804171	-0.124283
-0.0828304	-0.120943
-0.0860306	-0.125635
-0.0692984	-0.125001
-0.0871293	-0.106215
-0.0972887	-0.0944134
-0.0895287	-0.0867035
-0.096474	-0.107902
-0.120238	-0.0886071
-0.130924	-0.0950932
-0.132673	-0.121491
-0.105645	-0.109398
-0.105615	-0.114446
-0.105691	-0.134305
-0.112378	-0.124532
-0.10162	-0.133653
-0.108629	-0.133218
-0.10148	-0.154537
-0.108268	-0.121751
-0.110282	-0.126781
-0.122117	-0.104571
-0.133275	-0.0699328
-0.15413	-0.0878791
-0.148531	-0.0956362
-0.115251	-0.0681023
-0.123068	-0.0554693
-0.127242	-0.0607717
-0.118614	-0.0764167
-0.114203	-0.089196
-0.116495	-0.0797981
-0.11984	-0.0882839
-0.115044	-0.0914176
-0.111549	-0.114678
-0.112034	-0.123479
-0.0958428	-0.127965
-0.0982629	-0.124121
-0.125247	-0.132369
-0.114706	-0.141528
-0.0852981	-0.13099
-0.0757985	-0.109782
-0.116391	-0.121004
-0.115109	-0.127636
-0.12902	-0.128214
-0.111354	-0.111715
-0.113543	-0.106352
-0.117771	-0.0978816
-0.085352	-0.0916243
-0.0972229	-0.0938516
-0.105793	-0.0998231
-0.112192	-0.0914288
-0.108569	-0.0862836
-0.102109	-0.0640482
-0.116209	-0.0544485
-0.17098	-0.096681
-0.151392	-0.0950246
-0.139968	-0.0872375
-0.146074	-0.0928948
-0.129515	-0.0861863
-0.123035	-0.0845584
-0.123151	-0.0852682
-0.131716	-0.0858819
-0.131281	-0.0838857
-0.130396	-0.0796743
-0.0981977	-0.0874218
-0.0914469	-0.105078
-0.1147	-0.0986765
-0.121704	-0.0843937
-0.119867	-0.0670584
-0.13652	-0.064496
-0.142401	-0.0641734
-0.146451	-0.0625764
-0.155835	-0.0678887
-0.174144	-0.088049
-0.113552	-0.0920107
-0.14379	-0.0521423
-0.149269	-0.0537251
-0.13043	-0.0706118
-0.12357	-0.0446221
-0.122191	-0.064825
-0.129542	-0.0598711
-0.133826	-0.0598221
-0.134058	-0.0587346
-0.141855	-0.0602451
-0.121016	-0.0657915
-0.131355	-0.0437511
-0.12971	-0.0549761
-0.149487	-0.0718735
-0.153233	-0.0648112
-0.146631	-0.0719955
-0.142684	-0.0726953
-0.148542	-0.0899474
-0.133109	-0.0901476
-0.133271	-0.0840299
-0.133065	-0.0794848
-0.119793	-0.0721148
-0.123716	-0.0924511
-0.138866	-0.089956
-0.136277	-0.0683002
-0.143694	-0.0893849
-0.156876	-0.091728
-0.171777	-0.090542
-0.17113	-0.0772673
-0.160302	-0.0653115
-0.136526	-0.0702565
-0.136022	-0.0717394
-0.147273	-0.0695725
-0.151055	-0.0725823
-0.158983	-0.0849172
-0.152671	-0.0726754
-0.141767	-0.0768492
-0.160566	-0.0759731
-0.131893	-0.0864292
-0.127251	-0.0717237
-0.139602	-0.0565719
-0.145615	-0.0667464
-0.162029	-0.0598681
-0.148679	-0.0695868
-0.143503	-0.0481
-0.14558	-0.0703063
-0.0997874	-0.0470045
-0.112347	-0.0539052
-0.105037	-0.0525241
-0.118625	-0.0771743
-0.150883	-0.0539807
-0.152928	-0.0526204
-0.148397	-0.0418605
-0.155215	-0.0441442
-0.156635	-0.0560802
-0.138117	-0.0470108
-0.144782	-0.0656145
-0.165049	-0.0463831
-0.157085	-0.0454337
-0.154362	-0.0615108
-0.153584	-0.0685739
-0.138755	-0.0357965
-0.137962	-0.0736716
-0.134451	-0.0793934
-0.132209	-0.0779957
-0.118188	-0.0738138
-0.12468	-0.0737748
-0.109545	-0.065591
-0.137767	-0.0565684
-0.131451	-0.0736677
-0.0901482	-0.0916154
-0.105912	-0.0982194
-0.112833	-0.0893129
-0.127213	-0.1312
-0.110016	-0.120587
-0.115061	-0.112965
-0.110224	-0.127437
-0.129664	-0.124949
-0.13164	-0.107727
-0.13555	-0.0785044
-0.133876	-0.0851633
-0.120104	-0.0650334
-0.128104	-0.0703022
-0.103793	-0.078735
-0.121338	-0.0781657
-0.139106	-0.0751785
-0.139605	-0.0722608
-0.148363	-0.0909972
-0.120893	-0.0858176
-0.123029	-0.0761752
-0.12401	-0.0827075
-0.143937	-0.084482
-0.141414	-0.0851375
-0.142084	-0.114639
-0.124987	-0.0729999
-0.134577	-0.102666
-0.135572	-0.118634
-0.126862	-0.118606
-0.151246	-0.128119
-0.122169	-0.0914665
-0.180043	-0.0998658
-0.151253	-0.116042
-0.125327	-0.113474
-0.139995	-0.169474
-0.128076	-0.111684
-0.125894	-0.135753
