0.0832324	0.0870521
0.0942529	0.0960398
0.119207	0.0966173
0.113927	0.0908808
0.110212	0.087828
0.0941086	0.0865016
0.0962578	0.0709006
0.0893482	0.0774726
0.0859203	0.0839361
0.084021	0.0785498
0.0597428	0.0665523
0.0396141	0.0307253
0.0593596	0.0399575
0.0720167	0.0586816
0.0602697	0.0645582
0.0318767	0.0279406
0.0456776	0.0329219
0.0601975	0.0320547
0.0749648	0.0164883
0.0805154	0.0190588
0.0951466	0.00915972
0.120911	-0.00709886
0.0956789	-0.0147906
0.103799	-0.0203151
0.108363	-0.0424666
0.101798	-0.0668624
0.112069	-0.0798359
0.116859	-0.077851
0.0903978	-0.0708485
0.103472	-0.0938335
0.123658	-0.0713428
0.118451	-0.0850537
0.131983	-0.101545
0.114274	-0.116589
0.106155	-0.1203
0.102659	-0.0912593
0.126053	-0.0925143
0.146002	-0.100946
0.144281	-0.102193
0.130977	-0.0829724
0.118746	-0.0879486
0.126373	-0.0823648
0.138551	-0.0680543
0.129331	-0.0548369
0.160095	-0.0691118
0.158301	-0.0590847
0.17755	-0.0473362
0.169966	-0.00465077
0.171284	-0.00838137
0.171149	-0.00437768
0.161191	0.000429143
0.159075	0.0184149
0.159338	0.0124164
0.143918	0.00235799
0.122201	-0.00221323
0.139593	0.00112994
0.150438	0.00605401
0.138006	0.0067769
0.177895	-0.00531778
0.174774	0.000307603
0.175603	-0.00113191
0.165965	-0.0171579
0.161393	0.00274791
0.160333	0.00843734
0.13598	0.011417
0.142414	0.0164498
0.162623	0.0298175
0.143297	0.0300203
0.125392	0.0427563
0.136227	0.0683935
0.132596	0.0765205
0.136265	0.0915354
0.170049	0.0541761
0.155944	0.0558353
0.133796	0.0437069
0.136607	0.0545709
0.124372	0.0726598
0.131967	0.0707883
0.126692	0.0502347
0.155359	0.0727247
0.136404	0.0671776
0.0975534	0.0695828
0.115044	0.0771379
0.123151	0.066446
0.142057	0.0497018
0.139256	0.0383233
0.144364	0.0319204
0.129392	0.0521762
0.139992	0.049126
0.143653	0.0455357
0.134734	0.0203748
0.13424	0.0171576
0.132131	0.0101878
0.134569	-0.000334686
0.121819	0.00572995
0.135627	-0.0524446
0.137375	-0.0310919
0.142609	-0.0202595
0.128314	-0.0113697
0.136901	-0.00522107
0.150158	0.0175716
0.143067	0.0291345
0.146475	0.0186105
0.156027	0.0169016
0.16033	0.00930216
0.165551	0.00939958
0.14471	0.0228112
0.131498	0.0224928
0.166426	0.0366901
0.173251	0.035946
0.169317	0.022467
0.133621	0.0333161
0.160126	0.0473126
0.151285	0.0396824
0.176541	0.0172952
0.167147	0.0431561
0.154343	0.0410436
0.13465	0.0505726
0.157224	0.0453773
0.145921	0.0496987
0.136531	0.0371628
0.144344	0.0456132
0.147961	0.0238085
0.140732	0.0257441
0.131571	0.0222119
0.150781	0.048383
0.149389	0.0458174
0.131427	0.0552459
0.150524	0.022323
0.14449	0.0361051
0.159017	0.0565097
0.150763	0.0559819
0.120203	0.0454813
0.123321	0.0352293
0.101733	0.0392534
0.0943189	0.0351343
0.0874797	0.0646626
0.104835	0.0627605
0.119149	0.0646255
0.14671	0.0547716
0.143793	0.0495308
0.136392	0.0471234
0.139726	0.053328
0.145652	0.0807016
0.13314	0.0766364
0.119115	0.0811743
0.121511	0.0858329
0.106272	0.0726455
0.116	0.0831665
0.109154	0.049056
0.135176	0.0963121
0.106052	0.101134
0.119848	0.0702847
0.0933771	0.0621434
0.0897275	0.0930323
0.0946078	0.0732504
0.110429	0.0691513
0.108881	0.0407592
0.118783	0.0541362
0.119766	0.0580797
0.11794	0.0575165
0.119412	0.0664651
0.142826	0.0565203
0.13523	0.0644098
0.15136	0.0974165
0.126108	0.0976739
0.124688	0.0866062
0.123453	0.093338
0.121425	0.079384
0.132141	0.0733537
0.11015	0.059198
0.100712	0.0588452
0.117588	0.0527202
0.121533	0.0356286
0.108102	-0.00242344
0.101653	0.0327107
0.114181	0.0309887
0.111915	0.0463429
0.123674	0.0459521
0.136702	0.039894
0.168185	0.0227437
0.131504	0.0514038
0.112823	0.0244927
0.110254	0.0372871
0.128677	0.0244553
0.182659	0.0109615
0.179843	0.0215192
0.16308	0.0307592
0.182309	0.0194336
0.15652	-0.000876571
0.159671	0.00540038
0.150722	0.0103437
0.135599	-0.00166235
0.113451	0.0172271
0.110701	0.0222309
0.145278	0.0026407
0.156708	0.0135664
0.152588	0.0220826
0.149104	0.0458734
0.153509	0.0377603
0.174302	0.00996203
0.170794	0.0114383
0.154904	0.0055562
0.113155	0.0199485
0.107572	0.0613094
0.12179	0.065549
0.13454	0.0577849
0.123926	0.0721897
0.152243	0.0585118
0.16222	0.0794645
0.157892	0.0926325
0.165732	0.0664641
0.150885	0.0644946
0.145613	0.0707075
0.149219	0.0970025
0.133575	0.0919686
0.132341	0.0854178
0.141147	0.0864836
0.145225	0.047164
0.138712	0.0716897
0.143428	0.0569009
0.107773	0.0862256
0.10867	0.106608
0.129691	0.0819389
0.127678	0.0729385
0.136824	0.0540936
0.14012	0.0468309
0.121785	0.0495352
0.135212	0.0485968
0.113047	0.0306232
0.119985	0.0448412
0.128749	0.0415929
0.145411	0.0108364
0.181602	-0.019749
0.137986	-0.0198481
0.152048	0.00556898
0.151992	0.0214936
0.142907	0.0274719
0.132998	0.0420681
0.113871	0.0432791
0.12205	0.0427795
0.136594	0.0416103
0.143856	0.0372293
0.153527	0.0146091
0.141506	0.0208059
0.149612	0.00396713
0.157579	-0.00441994
0.178428	-0.00134071
0.169375	0.00723935
0.169477	0.0259494
0.180179	0.0250845
0.202646	0.00677263
0.201919	0.00536707
0.168575	-0.0183496
0.17136	0.03609
0.181846	0.0111196
0.184634	0.00668908
0.168325	0.0168077
0.184162	0.00530355
0.169565	-0.00319846
0.144238	-0.00635533
0.152328	-0.0371373
0.152036	-0.0305707
0.124986	-0.0600792
0.144931	-0.0783863
0.151828	-0.0480618
0.162743	-0.0351408
0.161248	-0.0227426
0.151073	-0.0071767
0.157169	-0.0121147
0.168853	-0.0187624
0.163325	-0.0143076
0.162312	-0.0128022
0.148298	-0.0185365
0.172478	-0.0169727
0.163136	-0.0167097
0.158598	0.0121514
0.159549	-0.0069936
0.203259	-0.0488631
0.171674	-0.0365248
0.15487	-0.0233037
0.156415	-0.0117759
0.148157	0.013005
0.177984	0.00205677
0.169218	0.000593056
0.187849	-0.0323553
0.182671	-0.0242988
0.162987	-0.0232741
0.156132	-0.0107677
0.183506	-0.0112302
0.199139	0.00180556
0.196095	0.0101091
0.176587	0.0526239
0.153906	0.0279515
0.156759	0.0166588
0.155893	0.00273749
0.181403	-0.0038181
0.183705	-6.4913e-05
0.163412	-0.0192905
0.154489	-0.0336099
0.11294	-0.0440032
0.129238	-0.0392661
0.13755	-0.034573
0.119037	-0.0161653
0.101242	0.0221183
0.116476	-0.0138176
0.121434	-0.0281809
0.143238	-0.0256217
0.132085	-0.0453615
0.14487	-0.0443046
0.144478	-0.0251058
0.149155	-0.030349
0.168806	-0.0343817
0.166006	-0.0396754
0.153423	-0.0400127
0.164724	-0.0456688
0.166124	-0.0290389
0.188161	0.00643844
0.165304	-0.0187677
0.154411	0.0124697
0.157146	-0.00268536
0.150447	-0.00342499
0.146153	-0.0194582
0.155552	0.00532261
0.153698	-0.019625
0.153892	-0.0197203
0.177442	-0.0203853
0.182264	-0.0572843
0.179804	-0.0509274
0.172454	-0.0204383
0.167774	-0.0131129
0.224247	-0.0319172
0.2008	-0.00681823
0.203399	-0.0297416
0.150451	0.0114621
0.153432	0.00751503
0.148709	-0.00244484
0.172855	-0.00362031
0.176846	-0.01028
0.153388	-0.00621113
0.152176	-0.00847482
0.165259	-0.0190222
0.164353	-0.00126858
0.137439	0.0214136
0.151055	0.0180883
0.156353	0.0232555
0.158891	0.00849928
0.1566	0.0178856
0.157763	0.0268568
0.142227	0.0261187
0.117639	0.0288132
0.144613	0.0375554
0.152527	0.0527391
0.17416	0.0232594
0.169523	0.0383258
0.161342	0.0278003
0.161356	0.0206373
0.166445	0.0207829
0.15931	0.00672376
0.0958504	0.00510567
0.131526	0.0259458
0.145755	0.00512072
0.148926	-0.00696785
0.162935	-0.00932124
0.169115	0.000918065
0.162462	-0.0166727
0.180499	-0.0111667
0.168389	-0.0305525
0.170502	-0.0451469
0.162909	-0.0364888
0.156571	-0.0470308
0.166909	-0.0596717
0.144266	-0.0772923
0.123323	-0.0462716
0.141806	-0.0608051
0.135479	-0.0875129
0.138654	-0.0765301
0.162865	-0.0792123
0.144411	-0.0775289
0.153131	-0.0735287
0.149888	-0.058132
0.153481	-0.0678385
0.146168	-0.0818276
0.169995	-0.0637544
0.142085	-0.0436127
0.115357	-0.072548
0.127712	-0.0637954
0.146197	-0.0406909
0.150664	-0.0431536
0.143932	-0.0314015
0.150728	-0.0208419
0.150728	-0.0347808
0.150215	-0.0415307
0.146776	-0.0244068
0.167764	-0.0247167
0.152783	-0.0488475
0.162708	-0.0424482
0.12832	-0.0576325
0.141167	-0.0704393
0.139431	-0.0740495
0.134979	-0.0820711
0.141384	-0.0778561
0.152454	-0.080419
0.147702	-0.0819759
0.136591	-0.0858397
0.130647	-0.0875221
0.128496	-0.0839595
0.143573	-0.0783663
0.148758	-0.0998847
0.15976	-0.103294
0.145062	-0.0986016
0.149531	-0.0872051
0.123915	-0.0781501
0.150263	-0.107771
0.0835737	-0.0984916
0.0965977	-0.109252
0.110098	-0.092103
0.105055	-0.135576
0.101989	-0.135091
0.109688	-0.106952
0.11677	-0.105238
0.112812	-0.114741
0.144025	-0.104194
0.145812	-0.0876152
0.136684	-0.0987717
0.126165	-0.0780468
0.122307	-0.0982435
0.14319	-0.0999566
0.120396	-0.127358
0.111432	-0.159517
0.120683	-0.136979
0.159733	-0.136379
0.146038	-0.111078
0.130606	-0.0793065
0.124919	-0.0885878
0.137849	-0.0968155
0.149831	-0.0979458
0.143837	-0.0918184
0.12628	-0.0951237
0.118858	-0.100037
0.125506	-0.0841776
0.128772	-0.0731899
0.133536	-0.0711746
0.144078	-0.0842956
0.143913	-0.0770171
0.143334	-0.0644296
0.139401	-0.0453311
0.156514	-0.06087
0.153676	-0.0574383
0.151339	-0.0558329
0.162669	-0.049578
0.155454	-0.0503412
0.116929	-0.0533004
0.122227	-0.0470071
0.137603	-0.0391673
0.131399	-0.0465347
0.11996	-0.0484686
0.127938	-0.0766863
0.121778	-0.021669
0.167652	-0.00422523
0.139863	-0.0156105
0.142957	-0.0280332
0.146001	-0.0283664
0.125485	-0.0148778
0.144368	-0.0239576
0.151472	-0.0269984
0.162221	-0.0249119
0.171871	-0.00439805
0.173853	-0.0312266
0.179102	-0.0169217
0.16943	-0.037031
0.156257	-0.0488631
0.150672	-0.0477451
0.145896	-0.0503815
0.145131	-0.065429
0.144738	-0.0515319
0.146321	-0.0556263
0.13578	-0.0623572
0.13086	-0.0611097
0.143578	-0.0733737
0.135236	-0.0804166
0.15237	-0.0780907
0.167519	-0.0713506
0.154378	-0.0751119
0.143012	-0.069158
0.139264	-0.0472002
0.148861	-0.06293
0.145684	-0.0628568
0.152656	-0.056571
0.161625	-0.0729482
0.151047	-0.0536221
0.144777	-0.0435018
0.123686	-0.0331012
0.134521	-0.0288849
0.12076	-0.0464988
0.133936	-0.0238703
0.13885	-0.0399858
0.165473	-0.0108283
0.15086	-0.0489147
0.164133	-0.027049
