0.084251	0.0883824
0.0869748	0.102159
0.0987905	0.0918206
0.104351	0.0871987
0.10491	0.0704667
0.090687	0.0745231
0.0723391	0.0862105
0.0753234	0.0662229
0.0948597	0.0661102
0.0744971	0.0598721
0.0714175	0.0524819
0.0717277	0.0481532
0.0323602	0.016261
0.0565694	0.00354607
0.0704961	-0.00824427
0.0748037	-0.0175134
0.081689	-0.0319647
0.0959737	-0.0483246
0.0871905	-0.0492277
0.0841801	-0.0713929
0.0862828	-0.106069
0.0669991	-0.117204
0.0698824	-0.119008
0.0654504	-0.130723
0.0583941	-0.13209
0.0487355	-0.14849
0.0434354	-0.139471
0.0377153	-0.110645
-0.00373111	-0.0623434
0.0128655	-0.0826067
0.017312	-0.103611
0.0231154	-0.125699
0.0149329	-0.115419
0.0054865	-0.109625
0.00778304	-0.118522
-0.00233912	-0.093525
-0.0243738	-0.101176
-0.0261928	-0.115605
-0.057813	-0.127162
-0.0775057	-0.110665
-0.0829668	-0.121255
-0.0853651	-0.100226
-0.0842153	-0.117631
-0.0848153	-0.174985
-0.0883035	-0.203459
-0.0952196	-0.175731
-0.063017	-0.189209
-0.0567279	-0.172155
-0.0375204	-0.145245
-0.03682	-0.115285
-0.0223686	-0.0911521
-0.00731759	-0.0998388
0.0209788	-0.109647
0.0302534	-0.0962761
0.0320252	-0.0713001
0.0649107	-0.0873084
0.106823	-0.101721
0.107101	-0.0740172
0.137213	-0.0602502
0.155883	-0.0486362
0.13123	-0.0734874
0.110262	-0.076791
0.124877	-0.0816635
0.139676	-0.070467
0.118091	-0.113659
0.103164	-0.0972598
0.117136	-0.0909242
0.127287	-0.0764836
0.0998242	-0.0588334
0.0998471	-0.0458525
0.0869174	-0.0689941
0.0844126	-0.0973674
0.0664843	-0.103902
0.0489188	-0.11465
0.0336977	-0.116023
0.000511048	-0.124008
-0.00152577	-0.164357
-0.000578015	-0.133798
0.00663585	-0.114669
0.0224203	-0.136089
-0.00774482	-0.170561
-0.00170623	-0.159666
0.0237189	-0.155458
0.0268724	-0.151625
0.0329156	-0.153269
0.0400531	-0.135756
0.0297427	-0.146929
0.0446208	-0.137696
0.0453571	-0.143595
0.0217417	-0.13462
0.0365313	-0.134021
0.0307484	-0.148313
0.0287424	-0.142976
0.0536968	-0.173273
0.112141	-0.131475
0.0972807	-0.136541
0.100158	-0.138884
0.091604	-0.141883
0.086997	-0.14369
0.0737398	-0.127324
0.088905	-0.125441
0.0824938	-0.129761
0.0770733	-0.130099
0.07564	-0.12734
0.0769476	-0.1401
0.0888382	-0.120001
0.0660059	-0.117646
0.0725312	-0.124489
0.047394	-0.119822
0.0638405	-0.129735
0.0344107	-0.127999
0.0603784	-0.130466
0.0548027	-0.126627
0.0448419	-0.115823
0.0541975	-0.125654
0.0712291	-0.131516
0.0798795	-0.13191
0.0797359	-0.134645
0.109896	-0.149216
0.0899697	-0.142835
0.0926362	-0.136824
0.105833	-0.101954
0.12269	-0.103568
0.110098	-0.111795
0.096398	-0.114036
0.0451422	-0.118446
0.0531048	-0.120594
0.0673869	-0.12921
0.0672886	-0.132025
0.0850266	-0.13095
0.0858769	-0.129494
0.0842623	-0.129766
0.0551498	-0.137929
0.0569878	-0.148681
0.0621568	-0.137236
0.053041	-0.122339
0.061441	-0.125025
0.0712668	-0.126049
0.0671993	-0.128581
0.0810406	-0.111456
0.0857221	-0.104394
0.0595687	-0.0960693
0.0541479	-0.102745
0.0573179	-0.141127
0.0654092	-0.145912
0.0626449	-0.141609
0.065852	-0.136829
0.084126	-0.136821
0.0903302	-0.123071
0.0739996	-0.137724
0.058944	-0.130259
0.0552908	-0.13327
0.068255	-0.142768
0.073336	-0.138396
0.0751008	-0.144475
0.0667452	-0.162465
0.055082	-0.160229
0.0386873	-0.150069
0.0302486	-0.127489
0.0117432	-0.1039
0.0246347	-0.147055
0.0265955	-0.150191
0.0215781	-0.155629
-0.00699158	-0.126941
0.00286578	-0.140761
0.0300129	-0.186413
0.0132311	-0.17418
-0.0102322	-0.152204
-0.00431517	-0.107978
-0.0235573	-0.124071
-0.0249276	-0.125073
-0.0446672	-0.138501
-0.0164707	-0.190726
-0.00185876	-0.164934
-0.00293347	-0.159146
-0.00884365	-0.147452
0.00635792	-0.131335
-0.000961379	-0.130498
-0.0214438	-0.143575
-0.0172514	-0.135117
-0.0106867	-0.13885
0.0216829	-0.147028
0.00547304	-0.147997
-0.00789255	-0.149217
-0.0368292	-0.168595
-0.0511475	-0.160581
-0.0116546	-0.157056
-0.0234243	-0.144007
-0.0187743	-0.15056
-0.0217219	-0.149234
0.00386842	-0.135215
-0.0200065	-0.140531
-0.00528434	-0.16228
-0.00343482	-0.149571
-0.0399186	-0.121832
-0.0329791	-0.159363
-0.0151537	-0.146064
-0.0415662	-0.103492
-0.0283922	-0.123368
-0.01445	-0.135255
-0.0112115	-0.167655
-0.00968256	-0.151971
-0.0136513	-0.168562
-0.00186887	-0.138455
-0.0179289	-0.170183
-0.0171432	-0.151181
-0.0309646	-0.149955
-0.0199484	-0.150778
-0.00907517	-0.166638
-0.00238673	-0.207318
-0.00940916	-0.197054
0.0127892	-0.190271
0.0349052	-0.215848
0.0177977	-0.203293
-0.00744165	-0.205176
-0.0265543	-0.175621
-0.0190237	-0.176092
-0.0424382	-0.144254
-0.023794	-0.152356
0.00133414	-0.148999
0.00526414	-0.187989
0.00347444	-0.170636
-0.000110429	-0.170869
-0.00251547	-0.16613
-0.00807282	-0.168259
-0.0315642	-0.181563
-0.0324808	-0.165503
-0.0234433	-0.166401
-0.0375238	-0.157761
-0.0359564	-0.145796
-0.0226886	-0.159574
-0.0489955	-0.168756
-0.0543114	-0.156343
-0.0470875	-0.143104
-0.0510222	-0.165279
-0.102664	-0.169864
-0.0817407	-0.147603
-0.065269	-0.144653
-0.101431	-0.138793
-0.0899451	-0.12323
-0.0831613	-0.120347
-0.0687156	-0.124786
-0.0699888	-0.139584
-0.0810854	-0.131144
-0.0712544	-0.135158
-0.0756582	-0.143392
-0.069319	-0.1437
-0.0408284	-0.138293
-0.0519645	-0.143387
-0.0619078	-0.160082
-0.0748168	-0.119525
-0.0740588	-0.125088
-0.0715504	-0.103995
-0.0748147	-0.133464
-0.0593499	-0.122114
-0.0853986	-0.0978296
-0.0830278	-0.116305
-0.0822174	-0.134853
-0.0827223	-0.127753
-0.0700809	-0.129274
-0.0690906	-0.129281
-0.0687953	-0.131113
-0.0591268	-0.127514
-0.0888133	-0.141489
-0.0825789	-0.136203
-0.103227	-0.135508
-0.0937298	-0.113879
-0.0818257	-0.122872
-0.0635499	-0.135228
-0.0698011	-0.137156
-0.0745848	-0.138947
-0.0643146	-0.143811
-0.0631611	-0.139993
-0.0571081	-0.141433
-0.087482	-0.151
-0.0804162	-0.160254
-0.0826903	-0.162491
-0.0846639	-0.139955
-0.0908771	-0.129139
-0.0821919	-0.131546
-0.0981465	-0.121451
-0.078759	-0.119294
-0.071324	-0.110386
-0.0767205	-0.0936296
-0.107329	-0.080094
-0.103883	-0.0836758
-0.107104	-0.0878836
-0.114492	-0.0983747
-0.0998514	-0.0860337
-0.0823067	-0.0831823
-0.0890147	-0.0982041
-0.0839542	-0.103873
-0.0892469	-0.121451
-0.100364	-0.155601
-0.0994909	-0.130097
-0.100274	-0.12699
-0.0864861	-0.130377
-0.0925764	-0.138097
-0.0964332	-0.139033
-0.097202	-0.167005
-0.100843	-0.138651
-0.0973068	-0.13886
-0.0829896	-0.108475
-0.0967773	-0.0851686
-0.0758385	-0.086099
-0.0995995	-0.106088
-0.105469	-0.120118
-0.098883	-0.13405
-0.104072	-0.146859
-0.103059	-0.152229
-0.0905343	-0.166668
-0.0974687	-0.127375
-0.102191	-0.16672
-0.0914625	-0.148418
-0.0789354	-0.152942
-0.0798242	-0.142051
-0.0729384	-0.152685
-0.0819117	-0.133497
-0.0680041	-0.133197
-0.0884247	-0.124035
-0.0921658	-0.119864
-0.0739996	-0.119697
-0.0987613	-0.101705
-0.0975498	-0.112048
-0.0852467	-0.116407
-0.058393	-0.122667
-0.0613822	-0.117948
-0.0717073	-0.12016
-0.0739034	-0.119408
-0.0677181	-0.0968545
-0.103068	-0.0888983
-0.078755	-0.0934641
-0.0668288	-0.09762
-0.0951407	-0.0938983
-0.114158	-0.0785333
-0.100626	-0.0968703
-0.0774684	-0.102886
-0.0730941	-0.102379
-0.0672187	-0.0878587
-0.0746568	-0.115655
-0.0805841	-0.12211
-0.0841244	-0.124481
-0.0987004	-0.12335
-0.0889787	-0.117523
-0.101472	-0.129075
-0.111663	-0.10864
-0.120869	-0.110981
-0.119424	-0.108019
-0.12321	-0.109557
-0.127214	-0.102203
-0.125288	-0.0948687
-0.123636	-0.0916098
-0.12382	-0.0856461
-0.125938	-0.0867663
-0.134189	-0.085676
-0.126673	-0.092171
-0.115742	-0.0902575
-0.0814645	-0.076943
-0.101084	-0.0859246
-0.100159	-0.103326
-0.108586	-0.107387
-0.113771	-0.117865
-0.111644	-0.108438
-0.112814	-0.110678
-0.116989	-0.112141
-0.150255	-0.0742923
-0.138865	-0.0616563
-0.146435	-0.0568565
-0.132662	-0.0841822
-0.116454	-0.10304
-0.10084	-0.111793
-0.0998261	-0.115265
-0.109477	-0.0823054
-0.102855	-0.0998171
-0.118085	-0.100369
-0.107009	-0.106654
-0.0802144	-0.0968279
-0.0888322	-0.106329
-0.0937071	-0.110756
-0.121971	-0.105412
-0.121582	-0.0968933
-0.11136	-0.11852
-0.115032	-0.111265
-0.12048	-0.0985662
-0.122762	-0.0976402
-0.143489	-0.102359
-0.146871	-0.128158
-0.131532	-0.124627
-0.110616	-0.14015
-0.128379	-0.103314
-0.123171	-0.0945399
-0.0961345	-0.128092
-0.113105	-0.107004
-0.129424	-0.095684
-0.121609	-0.0766127
-0.124942	-0.0756584
-0.128626	-0.072974
-0.131447	-0.0553747
-0.137808	-0.0617785
-0.119043	-0.0391731
-0.116208	-0.0514871
-0.117203	-0.04934
-0.123043	-0.0649588
-0.117832	-0.0363041
-0.106242	-0.0674465
-0.114964	-0.0703204
-0.125383	-0.0683694
-0.112944	-0.102406
-0.120933	-0.0874494
-0.124563	-0.0937382
-0.130843	-0.0883303
-0.137947	-0.0778461
-0.152182	-0.086263
-0.155348	-0.0619521
-0.14431	-0.0583111
-0.149196	-0.0603301
-0.147215	-0.0504254
-0.139438	-0.0583634
-0.157259	-0.0310616
-0.155114	-0.0502368
-0.111078	-0.0634498
-0.127499	-0.0639823
-0.134288	-0.0677002
-0.13939	-0.0495518
-0.113133	-0.0635029
-0.115661	-0.0568555
-0.131086	-0.0773365
-0.143981	-0.0677591
-0.144925	-0.061359
-0.145661	-0.0902059
-0.137784	-0.10186
-0.137742	-0.0824528
-0.160941	-0.0708579
-0.151153	-0.0759394
-0.144241	-0.0781361
-0.153407	-0.0457234
-0.14325	-0.0708762
-0.133238	-0.0482412
-0.15073	-0.0591895
-0.127233	-0.0800281
-0.124166	-0.092243
-0.135998	-0.0874762
-0.125622	-0.0947559
-0.12779	-0.0787472
-0.145206	-0.0995325
-0.151645	-0.0805816
-0.128179	-0.069213
-0.129618	-0.0796489
-0.13381	-0.0757729
-0.137588	-0.0739281
-0.128471	-0.0737985
-0.135225	-0.0465404
-0.140421	-0.00355614
-0.125018	-0.0110697
-0.1407	-0.0349688
-0.159983	-0.0165066
-0.15732	-0.0443701
-0.155719	-0.056465
-0.150485	-0.0175283
-0.148351	-0.0441313
-0.154939	-0.080107
-0.152556	-0.0470419
-0.149855	-0.063472
-0.110425	-0.101074
-0.137215	-0.112305
-0.12944	-0.0907235
-0.132833	-0.0775744
-0.094941	-0.0695387
-0.104419	-0.0734339
-0.127526	-0.0547178
-0.138062	-0.057143
-0.128234	-0.0806516
-0.134155	-0.0533278
-0.134362	-0.0700297
-0.141322	-0.09824
-0.13564	-0.0965755
-0.148559	-0.110784
-0.149405	-0.139797
-0.136128	-0.122294
-0.140345	-0.105383
-0.155812	-0.0890572
-0.168769	-0.0968797
-0.16213	-0.102027
-0.145819	-0.0958509
-0.129742	-0.108942
-0.126071	-0.107139
-0.120617	-0.0928296
-0.0989904	-0.0826067
-0.102434	-0.0766006
-0.0981746	-0.0666718
-0.112868	-0.0865202
-0.12357	-0.0933415
-0.129364	-0.0865497
-0.129048	-0.0714186
-0.134115	-0.0711549
-0.178575	-0.0514267
-0.153137	-0.0604798
-0.156574	-0.095664
-0.140831	-0.0823225
-0.11326	-0.0936754
