0.0633838	-0.0537931
0.0834539	-0.0735018
0.0889988	-0.0556166
0.0791118	-0.0468204
0.0838109	-0.0382345
0.0671204	-0.0541894
0.0558948	-0.0626377
0.0376371	-0.0354058
0.0434995	-0.059434
0.0303841	-0.0551091
0.0541094	-0.0589593
0.0558794	-0.0373448
0.0653121	-0.0520298
0.0650263	-0.027402
0.0631078	-0.00663471
0.0764547	-0.00286821
0.0859024	0.00544255
0.0818629	-0.00386791
0.103783	0.0127989
0.120885	0.0420922
0.12562	0.0786584
0.107732	0.0897069
0.0758164	0.106971
0.0335294	0.104746
0.0306438	0.111803
0.0210468	0.114424
0.0154077	0.113935
0.00873741	0.128779
0.0174471	0.123643
0.010952	0.142952
0.000500332	0.137082
-0.001393	0.132155
-0.0486428	0.095355
-0.0695752	0.0990177
-0.0887194	0.061456
-0.0971544	0.0419936
-0.130719	0.0772002
-0.122912	0.0709299
-0.122517	0.0610039
-0.142008	0.0717787
-0.129682	0.0774785
-0.135697	0.0898125
-0.120652	0.107146
-0.111803	0.140215
-0.093573	0.133781
-0.0700131	0.139439
-0.063907	0.150563
-0.0849067	0.156397
-0.0692051	0.150695
-0.0450684	0.158196
-0.0357294	0.157898
-0.00817104	0.16009
-0.0057607	0.155625
-0.00373754	0.152155
0.0169032	0.154384
-0.00652704	0.143818
0.0028671	0.1434
-0.00545656	0.161112
-0.0143776	0.173449
-0.00988295	0.159885
-0.00225567	0.157811
-0.0161533	0.146165
0.00183135	0.138079
0.00236836	0.141339
-0.00645007	0.167413
-0.0107016	0.169807
0.0124222	0.156617
0.0108909	0.128641
0.0188274	0.184112
0.0290492	0.191039
0.059078	0.16323
0.0794691	0.180745
0.0709254	0.171496
0.0726368	0.164351
0.0841659	0.136506
0.0893559	0.145322
0.0995629	0.14566
0.118541	0.106401
0.133829	0.123413
0.131248	0.108273
0.137429	0.100709
0.162354	0.101798
0.133031	0.106655
0.126971	0.0784402
0.117364	0.0616179
0.113125	0.0481869
0.118872	0.0148806
0.0870253	-0.0036943
0.0969396	-0.0217643
0.120906	-0.0477706
0.0954225	-0.0731697
0.0724831	-0.0855533
0.0686706	-0.107057
0.0569385	-0.122499
0.0788837	-0.114181
0.0707514	-0.1291
0.0441272	-0.139283
0.0548927	-0.158062
0.0292043	-0.162182
0.0267703	-0.152023
0.00651467	-0.152526
0.0119016	-0.157162
0.0137873	-0.16399
0.0161642	-0.161997
0.0241479	-0.157304
0.0257776	-0.16621
0.0160541	-0.168093
0.00894375	-0.16477
-0.0203019	-0.114715
-0.00138602	-0.131774
-0.00993629	-0.137257
-0.0188728	-0.163732
-0.0186279	-0.175076
-0.019922	-0.170639
-0.0174478	-0.168284
-0.0154303	-0.165765
-0.019194	-0.183181
-0.0242338	-0.197858
-0.0195543	-0.175663
-0.0261073	-0.159868
0.0241127	-0.191418
0.0195404	-0.179314
-0.00568935	-0.175352
-0.00453253	-0.189429
-0.022398	-0.17751
-0.0346615	-0.176475
-0.0434204	-0.166498
-0.053172	-0.128488
-0.0826354	-0.114722
-0.0858541	-0.116221
-0.0913148	-0.131202
-0.110544	-0.0997174
-0.105445	-0.111976
-0.0968174	-0.122508
-0.0705526	-0.117627
-0.0706462	-0.137035
-0.0694342	-0.146435
-0.0748477	-0.142282
-0.0540379	-0.140395
-0.0310241	-0.14947
-0.0196844	-0.153922
-0.0159284	-0.181785
-0.00846578	-0.173602
-0.00273037	-0.166602
0.0043904	-0.152135
-0.0208532	-0.197758
-0.0208612	-0.198138
-0.023017	-0.147398
-0.00404602	-0.175092
-0.00544998	-0.164632
0.0064273	-0.159519
0.0376403	-0.152879
0.0430181	-0.161704
0.0355857	-0.138534
0.0598101	-0.160069
0.0541906	-0.151968
0.0669271	-0.155915
0.089474	-0.148685
0.099337	-0.146074
0.0963093	-0.117272
0.0934037	-0.124025
0.0855767	-0.139052
0.072332	-0.129521
0.108062	-0.162373
0.104878	-0.136789
0.0914609	-0.128145
0.0815181	-0.136232
0.0739122	-0.150907
0.0725037	-0.146529
0.0565454	-0.139828
0.0730371	-0.133348
0.0587663	-0.118008
0.0474825	-0.128406
0.0358554	-0.161264
0.0423601	-0.167695
0.0547474	-0.184435
0.0158784	-0.141107
0.0193976	-0.14483
0.085165	-0.156525
0.0743658	-0.163948
0.0595856	-0.160112
0.0523512	-0.193173
0.0438484	-0.177653
0.0584555	-0.170273
0.0507682	-0.153636
0.0504235	-0.160648
0.0306071	-0.159451
0.0702876	-0.177314
0.0634684	-0.16677
0.0803678	-0.188196
0.0859084	-0.156703
0.0806975	-0.150851
0.0416792	-0.144204
0.040337	-0.126498
0.0490664	-0.138633
0.0639867	-0.132454
0.0444048	-0.152628
0.0505503	-0.143035
0.0535247	-0.133778
0.0584802	-0.138535
0.0927323	-0.135454
0.0665809	-0.121127
0.095621	-0.135599
0.0854399	-0.14882
0.0896838	-0.152905
0.0790774	-0.154797
0.0690889	-0.140869
0.054718	-0.146192
0.0608227	-0.145118
0.0678363	-0.125545
0.0649061	-0.148587
0.086122	-0.158869
0.0769312	-0.14952
0.0775998	-0.145296
0.0734316	-0.143595
0.0613268	-0.127403
0.0808803	-0.122228
0.0985064	-0.115234
0.0966576	-0.110685
0.0839717	-0.0981797
0.0791304	-0.111885
0.0731157	-0.135456
0.0716576	-0.136781
0.0765149	-0.13539
0.072903	-0.131742
0.0684266	-0.122345
0.0555554	-0.133867
0.0643089	-0.135404
0.0713362	-0.12155
0.0682958	-0.149371
0.0714884	-0.156447
0.070833	-0.143955
0.0773229	-0.13883
0.0558941	-0.132259
0.0703424	-0.120358
0.0684419	-0.141078
0.0616392	-0.131415
0.0832905	-0.131148
0.0972409	-0.165244
0.0771572	-0.141027
0.0544614	-0.169531
0.0725726	-0.141645
0.0303673	-0.149696
0.0373626	-0.14707
0.0619427	-0.11819
0.0475413	-0.153411
0.0457292	-0.150842
0.0439612	-0.145535
0.0466388	-0.148063
0.025842	-0.147058
0.0341315	-0.179579
0.0470841	-0.186428
0.0395872	-0.170149
0.0691107	-0.173134
0.0352631	-0.167764
0.000675376	-0.181856
0.00872654	-0.170552
0.049336	-0.171439
0.046975	-0.134531
0.037864	-0.110444
0.0189237	-0.130353
0.0216008	-0.146836
0.0104553	-0.153206
0.00481935	-0.154236
-0.023353	-0.158447
-0.0203983	-0.155533
-0.0404827	-0.13526
-0.0487556	-0.143685
-0.030875	-0.151605
-0.0171938	-0.17756
-0.0188242	-0.192481
-0.0126815	-0.178426
0.0277695	-0.141334
0.00763427	-0.154919
-0.0150156	-0.149042
-0.0112536	-0.154415
-0.0122336	-0.171275
-0.0150582	-0.162094
0.0193306	-0.196408
0.0102891	-0.189712
0.00917805	-0.16591
0.0115515	-0.130571
-0.0237362	-0.169522
-0.0544719	-0.163459
-0.04759	-0.174526
-0.0238795	-0.172691
-0.0098609	-0.172437
-0.0373749	-0.15109
-0.0307095	-0.147269
-0.0192571	-0.160029
-0.0569693	-0.159044
-0.0377726	-0.159374
-0.0203498	-0.158643
-0.0142135	-0.161346
0.00122919	-0.157381
0.00456227	-0.153441
0.00460052	-0.153036
0.00283585	-0.16222
-0.00584279	-0.152674
-0.00667044	-0.139939
-0.00109754	-0.162342
0.00164613	-0.17001
0.00572091	-0.172103
-0.0117429	-0.182542
-0.00452589	-0.172838
-0.00580749	-0.168877
-0.00942453	-0.163144
-0.00419619	-0.158529
-0.0161964	-0.167088
-0.0494258	-0.17572
-0.0258185	-0.172709
0.00219526	-0.189583
-0.0306657	-0.205274
-0.0342332	-0.167467
0.00388343	-0.156986
-0.00312605	-0.158698
-0.00409115	-0.167293
0.00700055	-0.154471
-0.0114572	-0.153826
0.00761088	-0.103668
-0.00233409	-0.115717
0.00574209	-0.13951
-0.016519	-0.14636
-0.04346	-0.155996
-0.0489459	-0.159702
-0.0384963	-0.176328
-0.0474288	-0.167164
-0.0932386	-0.166971
-0.0672123	-0.162243
-0.0698921	-0.153302
-0.0586631	-0.164616
-0.0711379	-0.166537
-0.072925	-0.15146
-0.11291	-0.142537
-0.10281	-0.143338
-0.0930558	-0.146708
-0.0981407	-0.140627
-0.091281	-0.138245
-0.068099	-0.127539
-0.0670652	-0.135994
-0.0761951	-0.135963
-0.0925933	-0.159988
-0.0794769	-0.106367
-0.0476926	-0.12101
-0.0488765	-0.0918108
-0.060738	-0.0880881
-0.040568	-0.125079
-0.0565105	-0.121448
-0.0674798	-0.127969
-0.091418	-0.100417
-0.0791429	-0.12997
-0.0832938	-0.135996
-0.0980583	-0.152561
-0.136136	-0.142564
-0.112858	-0.137783
-0.110146	-0.146027
-0.0867233	-0.156338
-0.0654036	-0.136363
-0.073041	-0.134997
-0.0292611	-0.14058
-0.0222104	-0.155649
-0.0639582	-0.17329
-0.0699881	-0.140607
-0.0767662	-0.140136
-0.0849107	-0.128153
-0.077463	-0.10188
-0.0866435	-0.111478
-0.0820964	-0.108933
-0.0960864	-0.118476
-0.0986787	-0.122026
-0.100939	-0.117094
-0.0867049	-0.10011
-0.0882005	-0.105673
-0.0877396	-0.103542
-0.0806247	-0.110292
-0.106095	-0.11082
-0.110751	-0.123137
-0.0976522	-0.149373
-0.0957199	-0.12868
-0.141792	-0.112947
-0.147186	-0.100642
-0.0850664	-0.116681
-0.0790335	-0.110177
-0.0654768	-0.114873
-0.0500761	-0.096602
-0.0583542	-0.100002
-0.0813562	-0.123182
-0.0942922	-0.121729
-0.064704	-0.147909
-0.0796793	-0.135643
-0.088644	-0.129338
-0.0821482	-0.156315
-0.0866675	-0.136478
-0.0846062	-0.12923
-0.0926616	-0.128884
-0.0974325	-0.134865
-0.127167	-0.150116
-0.114557	-0.142806
-0.0888572	-0.124446
-0.0572586	-0.140494
-0.0756231	-0.132126
-0.0695293	-0.1397
-0.0821028	-0.136785
-0.0874013	-0.127152
-0.0875232	-0.136486
-0.0927014	-0.133903
-0.0814772	-0.13225
-0.0698045	-0.127721
-0.116017	-0.0731998
-0.152441	-0.0905261
-0.130033	-0.101946
-0.116868	-0.114138
-0.105235	-0.137422
-0.110802	-0.193891
-0.101733	-0.149435
-0.0946601	-0.143985
-0.0932903	-0.138738
-0.108471	-0.128526
-0.110542	-0.117481
-0.103971	-0.122501
-0.100551	-0.125271
-0.0996359	-0.125589
-0.0728006	-0.102508
-0.0257482	-0.0987291
-0.0452734	-0.150666
-0.0561927	-0.149622
-0.0745356	-0.161213
-0.0934389	-0.123687
-0.109671	-0.130494
-0.124389	-0.117397
-0.122636	-0.112555
-0.124593	-0.111908
-0.118312	-0.111708
-0.132244	-0.0951481
-0.144162	-0.0953882
-0.136336	-0.106351
-0.139276	-0.0986075
-0.124085	-0.107345
-0.12505	-0.135426
-0.106212	-0.128475
-0.114485	-0.116557
-0.102171	-0.120952
-0.102486	-0.109171
-0.117109	-0.0923163
-0.145372	-0.117117
-0.128784	-0.120446
-0.110398	-0.130115
-0.139915	-0.108752
-0.141384	-0.107912
-0.138834	-0.104796
-0.129883	-0.0911978
-0.130912	-0.0923032
-0.124604	-0.099587
-0.14425	-0.130038
-0.138012	-0.116353
-0.134162	-0.112372
-0.0921643	-0.143717
-0.113729	-0.1251
-0.113755	-0.0950707
-0.11905	-0.0997346
-0.124896	-0.10359
-0.128239	-0.101019
-0.140278	-0.117807
-0.10544	-0.120124
-0.118239	-0.104805
-0.131445	-0.0956371
-0.149882	-0.0956923
-0.131862	-0.0711118
-0.155985	-0.0912408
-0.145775	-0.0960205
-0.127754	-0.0886111
-0.121164	-0.0880278
-0.110955	-0.0772251
-0.118303	-0.0864952
-0.123359	-0.0908002
-0.135936	-0.107989
-0.154253	-0.098436
-0.147471	-0.0825476
-0.159206	-0.0702766
-0.15397	-0.0567448
-0.146322	-0.0686228
-0.141052	-0.0790693
-0.135154	-0.0894113
-0.123915	-0.100443
-0.123156	-0.0882836
-0.144921	-0.0827465
-0.144218	-0.0814908
-0.137676	-0.07772
-0.105772	-0.0807856
-0.119574	-0.0856581
-0.127992	-0.0856013
-0.139277	-0.086132
-0.140642	-0.084569
-0.134001	-0.0745717
-0.117415	-0.0627325
-0.133353	-0.0659598
-0.163655	-0.052355
-0.15297	-0.0572753
-0.160048	-0.0627216
-0.118027	-0.0798534
