0.0128249	0.00819863
0.025587	0.0160839
0.0382106	0.0209522
0.0516201	0.0261346
0.0628829	0.024215
0.0763582	0.0224365
0.0906415	0.0204203
0.10772	0.0197368
0.125769	0.019429
0.14226	0.0184983
0.157932	0.0176851
0.174239	0.0177332
0.192355	0.0166611
0.212313	0.0157794
0.230129	0.013718
0.248153	0.0099623
0.265224	0.0063162
0.283499	0.00210236
0.301125	-0.00377209
0.316396	-0.00838558
0.331833	-0.0127201
0.34947	-0.0189647
0.366156	-0.0256468
0.380847	-0.0327459
0.395302	-0.0389589
0.410488	-0.0484758
0.426574	-0.0576067
0.441792	-0.0667501
0.457719	-0.0751197
0.473306	-0.0831433
0.48834	-0.0916643
0.50229	-0.101897
0.516686	-0.110565
0.530558	-0.120273
0.544172	-0.129796
0.558654	-0.138122
0.573229	-0.14729
0.58713	-0.157294
0.600816	-0.166644
0.614505	-0.175821
0.630099	-0.185434
0.644427	-0.197076
0.658974	-0.208064
0.674227	-0.216916
0.68936	-0.225662
0.704047	-0.234154
0.714762	-0.243633
0.724811	-0.253361
0.73334	-0.263818
0.73949	-0.275847
0.745591	-0.288451
0.751073	-0.301669
0.760401	-0.316842
0.769421	-0.331464
0.778166	-0.345152
0.787176	-0.359199
0.794207	-0.36971
0.802024	-0.381559
0.811674	-0.395948
0.820648	-0.409402
0.829246	-0.425433
0.837397	-0.440435
0.844755	-0.455508
0.851901	-0.470241
0.859522	-0.484621
0.866789	-0.499384
0.873817	-0.515684
0.88024	-0.531117
0.88662	-0.546639
0.893168	-0.56177
0.899843	-0.575132
0.905593	-0.589248
0.907285	-0.60432
0.904906	-0.619949
0.899167	-0.636628
0.893893	-0.652887
0.88457	-0.666708
0.873908	-0.679269
0.862627	-0.689262
0.84915	-0.694044
0.835578	-0.697459
0.821646	-0.698946
0.806972	-0.699541
0.792126	-0.698634
0.778626	-0.696901
0.763677	-0.693691
0.74656	-0.6882
0.730909	-0.685162
0.716569	-0.681627
0.705977	-0.675243
0.694594	-0.668451
0.681924	-0.660309
0.669889	-0.653596
0.656872	-0.645897
0.643502	-0.637239
0.628811	-0.626733
0.615517	-0.615705
0.599537	-0.60365
0.585863	-0.592113
0.571757	-0.58214
0.55907	-0.571362
0.546358	-0.559992
0.535556	-0.547599
0.525239	-0.535165
0.514032	-0.523471
0.501413	-0.511559
0.486953	-0.502692
0.473299	-0.492996
0.460941	-0.482993
0.449416	-0.472
0.441332	-0.460619
0.432937	-0.450079
0.42428	-0.436387
0.411895	-0.42256
0.401654	-0.407491
0.392098	-0.392072
0.382251	-0.378538
0.374602	-0.365821
0.366465	-0.353306
0.358251	-0.341956
0.348469	-0.331496
0.339125	-0.322749
0.325051	-0.313647
0.312564	-0.305229
0.299657	-0.296842
0.286026	-0.288478
0.275919	-0.278884
0.261628	-0.267653
0.247461	-0.258112
0.233126	-0.248453
0.218707	-0.240536
0.208241	-0.234055
0.196725	-0.224839
0.183191	-0.21545
0.169329	-0.205995
0.157442	-0.195216
0.14524	-0.18405
0.13262	-0.17279
0.120027	-0.161985
0.108294	-0.150576
0.0959326	-0.141089
0.0827267	-0.129871
0.0715571	-0.117147
0.0599707	-0.106517
0.0492373	-0.0975148
0.0399466	-0.0883726
0.0316983	-0.0795552
0.0218473	-0.0688849
0.0121294	-0.0594528
0.0037689	-0.0507822
-0.0048723	-0.0421702
-0.0151824	-0.0350059
-0.0255799	-0.0276357
-0.0368048	-0.0207563
-0.0497422	-0.0157301
-0.0635256	-0.00957747
-0.0775039	-0.00455265
-0.0949673	-0.00397658
-0.11203	-0.00401836
-0.127436	-0.00392308
-0.14127	-0.00151199
-0.156428	-7.40857e-06
-0.171755	0.000946829
-0.187248	0.00304004
-0.202994	0.00401305
-0.219245	0.00588815
-0.23451	0.00504011
-0.248934	0.00410889
-0.264386	0.000741822
-0.279462	-0.00254914
-0.293904	-0.0059763
-0.308082	-0.0102474
-0.323374	-0.0153101
-0.339247	-0.0207421
-0.353746	-0.0241412
-0.367198	-0.0264811
-0.380316	-0.027106
-0.398989	-0.0308592
-0.415755	-0.0328071
-0.432237	-0.0348473
-0.450527	-0.0371761
-0.467588	-0.0402716
-0.483052	-0.042998
-0.500958	-0.0449788
-0.520628	-0.0499635
-0.536026	-0.0509214
-0.551415	-0.0533545
-0.565646	-0.0544276
-0.57992	-0.0544391
-0.592555	-0.057734
-0.60875	-0.0560822
-0.624826	-0.0552497
-0.641041	-0.0563288
-0.656354	-0.0566628
-0.672282	-0.0557528
-0.688308	-0.0549723
-0.702832	-0.0556083
-0.718897	-0.0565267
-0.735403	-0.0560512
-0.750671	-0.0549447
-0.768232	-0.0527875
-0.785675	-0.0516055
-0.805486	-0.0521009
-0.824521	-0.0535947
-0.84252	-0.0563376
-0.859778	-0.0554878
-0.876386	-0.0528674
-0.894455	-0.0475911
-0.912497	-0.0452007
-0.929962	-0.0437638
-0.946581	-0.0397715
-0.963221	-0.0358691
-0.98059	-0.0318093
-0.997403	-0.0286226
-1.01817	-0.0233657
-1.03956	-0.0223766
-1.05991	-0.0197376
-1.0764	-0.0142814
-1.09247	-0.00855373
-1.10687	-0.00469218
-1.12079	-0.00202341
-1.13654	-0.00181631
-1.15335	-0.000758617
-1.16895	0.000446298
-1.18555	0.00104031
-1.19977	0.00430301
-1.21576	0.00913602
-1.23049	0.0124672
-1.24129	0.0150268
-1.25395	0.0161755
-1.26771	0.016318
-1.28251	0.0161235
-1.29697	0.0129093
-1.31132	0.00944815
-1.32542	0.00498839
-1.34101	0.00178281
-1.35717	-0.00221269
-1.37314	-0.00749863
-1.38886	-0.0143934
-1.40414	-0.021153
-1.41909	-0.0270864
-1.43511	-0.0333537
-1.45112	-0.0410184
-1.46316	-0.0467422
-1.47607	-0.0522319
-1.49021	-0.0567554
-1.5038	-0.0600726
-1.51914	-0.0621454
-1.53416	-0.0642766
-1.55161	-0.0667953
-1.5687	-0.0676861
-1.58496	-0.0688055
-1.60167	-0.070714
-1.6195	-0.0746863
-1.63652	-0.078345
-1.65311	-0.0793213
-1.66924	-0.0803694
-1.68628	-0.0815242
-1.70585	-0.0811077
-1.72242	-0.0822121
-1.73839	-0.0862347
-1.75406	-0.0908296
-1.77033	-0.0945749
-1.78566	-0.0956469
-1.79652	-0.0959823
-1.80972	-0.0969474
-1.82519	-0.0968189
-1.84023	-0.0969623
-1.85526	-0.0964255
-1.87025	-0.0942434
-1.88697	-0.0942437
-1.90469	-0.0947293
-1.91955	-0.0950598
-1.93467	-0.0945414
-1.95112	-0.0950416
-1.96477	-0.0986199
-1.97848	-0.102864
-1.99321	-0.105873
-2.00901	-0.10736
-2.02609	-0.108535
-2.04244	-0.108586
-2.0596	-0.110417
-2.0766	-0.110178
-2.09315	-0.109357
-2.1135	-0.1053
-2.13502	-0.102286
-2.15408	-0.0992427
-2.17283	-0.0929577
-2.1901	-0.0870022
-2.20723	-0.0812353
-2.22411	-0.0749841
-2.24042	-0.0688111
-2.25636	-0.0630319
-2.27194	-0.0564734
-2.2852	-0.0505185
-2.29901	-0.0449283
-2.31352	-0.039809
-2.33058	-0.0341921
-2.34639	-0.0276518
-2.36277	-0.0268872
-2.37947	-0.0248872
-2.39528	-0.0217621
-2.41168	-0.0194616
-2.43074	-0.0161114
-2.44897	-0.0124047
-2.46545	-0.00990839
-2.48167	-0.00945864
-2.49726	-0.0101152
-2.51086	-0.0106609
-2.53161	-0.00812583
-2.54846	-0.00159031
-2.56425	0.00121098
-2.58107	0.00323322
-2.59765	0.00477922
-2.61397	0.00681372
-2.62976	0.00928567
-2.64543	0.0119731
-2.66036	0.00997453
-2.67653	0.0121388
-2.69275	0.0134327
-2.71045	0.0159279
-2.72584	0.0205381
-2.74066	0.0256753
-2.75735	0.03203
-2.77559	0.0371107
-2.79473	0.0417895
-2.8147	0.0472898
-2.83403	0.0546149
-2.85124	0.0617332
-2.86704	0.0681569
-2.88142	0.0765504
-2.89345	0.0844716
-2.90642	0.0918438
-2.92024	0.0985487
-2.93453	0.104744
-2.94944	0.114088
-2.96442	0.119612
-2.98075	0.124205
-2.99546	0.128697
-3.01045	0.132743
-3.02537	0.136913
-3.04057	0.140511
-3.05333	0.142613
-3.06719	0.144291
-3.08083	0.144261
-3.09378	0.143552
-3.10355	0.146227
-3.11669	0.150638
-3.13036	0.154348
-3.1456	0.157714
-3.16335	0.161747
-3.18054	0.164223
-3.19775	0.165269
-3.21441	0.165964
-3.23035	0.169065
-3.24838	0.174108
-3.26648	0.176678
-3.28306	0.177763
-3.30025	0.177499
-3.31812	0.172907
-3.33645	0.17148
-3.35621	0.168661
-3.37251	0.169254
-3.38965	0.169665
-3.4077	0.167592
-3.42798	0.163951
-3.44603	0.16262
-3.46162	0.162263
-3.47692	0.16263
-3.49367	0.161128
-3.511	0.161076
-3.52743	0.162953
-3.54046	0.165621
-3.55475	0.169051
-3.56933	0.173402
-3.58519	0.173944
-3.59988	0.176153
-3.61469	0.179198
-3.63387	0.18189
-3.6513	0.186046
-3.66972	0.190612
-3.68598	0.194673
-3.70165	0.200154
-3.71677	0.206449
-3.73272	0.213797
-3.74931	0.220781
-3.76468	0.227278
-3.77984	0.232723
-3.79541	0.238581
-3.80985	0.243461
-3.82287	0.248827
-3.83832	0.253873
-3.85386	0.257897
-3.86897	0.262484
-3.88532	0.264568
-3.90049	0.26502
-3.91631	0.264033
-3.93366	0.26259
-3.94965	0.259357
-3.96334	0.255886
-3.97337	0.249563
-3.98087	0.240995
-3.98846	0.23151
-3.99915	0.218415
-4.01235	0.209061
-4.0233	0.198617
-4.03677	0.191387
-4.05103	0.183882
-4.06596	0.174202
-4.07978	0.164971
-4.09109	0.156462
-4.10351	0.146505
-4.11638	0.137567
-4.12675	0.129388
-4.1388	0.12139
-4.15099	0.116997
-4.16442	0.112009
-4.17912	0.106331
-4.19268	0.100217
-4.20622	0.0934522
-4.22009	0.0857779
-4.23262	0.0745747
-4.24528	0.0636918
-4.25846	0.0550454
-4.27231	0.0434645
-4.28644	0.0337683
-4.30115	0.0259611
-4.31484	0.0185173
-4.32744	0.0141075
-4.34072	0.00898691
-4.35202	0.00256217
-4.36543	-0.00414283
-4.38162	-0.00899755
-4.39869	-0.0125422
-4.4114	-0.0189153
-4.42539	-0.0258579
-4.4401	-0.0327404
-4.45566	-0.039933
-4.4692	-0.0492298
-4.48312	-0.0573301
-4.49724	-0.0656283
-4.51433	-0.07292
-4.5308	-0.0789596
-4.54506	-0.0849774
-4.56011	-0.0889666
-4.57503	-0.0913735
-4.58961	-0.0935987
-4.60457	-0.0951556
-4.62002	-0.0983538
-4.63577	-0.0980477
-4.65086	-0.0966915
-4.67005	-0.0962343
-4.68725	-0.0952816
-4.70457	-0.0948355
-4.72155	-0.0946125
-4.73962	-0.0939719
-4.75938	-0.093791
-4.77811	-0.09344
-4.79514	-0.0905393
-4.81303	-0.0848887
-4.82917	-0.081496
-4.84511	-0.0792226
-4.85643	-0.0787551
-4.86999	-0.0771749
-4.88277	-0.0751736
-4.89558	-0.0735434
-4.9093	-0.0707586
-4.92395	-0.0685379
-4.93893	-0.0674819
-4.95409	-0.068126
-4.96854	-0.0671312
-4.98086	-0.064791
-4.99664	-0.0638103
-5.012	-0.0609381
-5.02529	-0.0593408
-5.03951	-0.0570301
-5.05604	-0.0548222
-5.07005	-0.0528427
-5.08294	-0.0531507
-5.09658	-0.0522431
-5.11113	-0.0498643
-5.12617	-0.0461282
-5.14081	-0.0409003
-5.15308	-0.0365983
-5.16617	-0.0312874
-5.17759	-0.0267344
-5.19019	-0.0211325
-5.20343	-0.0149291
-5.21797	-0.00816078
-5.23315	-0.000419242
-5.24768	0.00975912
-5.26597	0.0169391
-5.28259	0.0243084
-5.29758	0.0311169
-5.31409	0.0369841
-5.33184	0.0470638
-5.34775	0.0569514
-5.36204	0.0665893
-5.37541	0.0766379
-5.38631	0.0898055
-5.39778	0.102974
-5.40804	0.115098
-5.42114	0.12472
-5.43556	0.134297
-5.44928	0.142965
-5.46184	0.154264
-5.47188	0.164683
-5.48111	0.174268
-5.49261	0.183776
-5.50486	0.193105
-5.51909	0.202188
-5.52822	0.21241
-5.53927	0.225043
-5.54985	0.23228
-5.56016	0.239522
-5.57028	0.245809
-5.57734	0.253833
-5.58712	0.261963
-5.59869	0.269745
-5.61216	0.277286
-5.6274	0.28481
-5.64219	0.291407
-5.65492	0.295995
-5.66798	0.299814
-5.68216	0.304154
-5.69723	0.307594
-5.71114	0.31172
-5.72498	0.315862
-5.73941	0.319686
-5.75296	0.32182
-5.76815	0.325552
-5.78325	0.33015
-5.79751	0.336094
-5.81276	0.341235
-5.82647	0.342513
-5.84082	0.345051
-5.85414	0.349975
-5.86886	0.357868
-5.88373	0.366223
-5.89795	0.373225
-5.91204	0.380823
-5.92638	0.388104
-5.93782	0.394349
-5.94976	0.401034
-5.96199	0.409018
-5.976	0.417628
-5.99213	0.426853
-6.00754	0.435605
-6.02387	0.445664
-6.0391	0.457008
-6.05443	0.467476
-6.06926	0.476535
-6.08386	0.484931
-6.09853	0.493157
-6.10952	0.502294
-6.12312	0.513434
-6.13491	0.525119
-6.14742	0.535021
-6.16087	0.543974
-6.17492	0.554332
-6.18778	0.562133
-6.20211	0.569629
-6.21469	0.576899
-6.2282	0.583309
-6.24216	0.588948
-6.25637	0.594204
-6.2713	0.599498
-6.28289	0.601899
-6.29411	0.60393
-6.30734	0.606413
-6.32092	0.610206
-6.33446	0.612435
-6.34932	0.616631
-6.36499	0.621633
-6.38071	0.626025
-6.39575	0.631781
-6.41101	0.639148
-6.42525	0.646542
-6.43857	0.656906
-6.45373	0.668832
-6.4646	0.675853
-6.47546	0.684994
-6.48569	0.694441
-6.49771	0.704015
-6.50927	0.714239
-6.52061	0.72536
-6.53122	0.738287
-6.54027	0.750018
-6.54774	0.761573
-6.55539	0.774337
-6.5599	0.788644
-6.56345	0.805494
-6.56858	0.821459
-6.57446	0.83616
-6.57974	0.849037
-6.58658	0.862325
-6.59483	0.875267
-6.607	0.888646
-6.61791	0.90207
-6.62925	0.913933
-6.6378	0.92587
-6.64697	0.937309
-6.65704	0.950129
-6.66694	0.962775
-6.67603	0.975036
-6.68484	0.986274
-6.69219	0.999014
-6.70276	1.01204
-6.71339	1.02685
-6.72431	1.04004
-6.73392	1.05332
-6.74392	1.06611
-6.7538	1.07674
-6.76318	1.08865
-6.77151	1.10041
-6.78008	1.11246
-6.7876	1.12482
-6.79311	1.13753
-6.80024	1.14713
-6.80841	1.15747
-6.81971	1.16635
-6.8318	1.17536
-6.843	1.18553
-6.85581	1.19815
-6.87127	1.20926
-6.8834	1.21921
-6.89498	1.22947
-6.90663	1.23964
-6.91866	1.24983
-6.92865	1.2605
-6.93978	1.2704
-6.94953	1.27951
-6.9615	1.28927
-6.97163	1.30185
-6.98102	1.31616
-6.9902	1.33191
-6.99779	1.34434
-7.00755	1.35574
-7.01891	1.36559
-7.03176	1.37395
-7.04538	1.38165
-7.05874	1.39047
-7.07071	1.39657
-7.08397	1.40256
-7.09928	1.40886
-7.11389	1.41577
-7.1296	1.42343
-7.14509	1.42949
-7.15947	1.43316
-7.17285	1.43755
-7.18726	1.44249
-7.20176	1.44741
-7.21542	1.45175
-7.22862	1.45568
-7.24235	1.45879
-7.25542	1.46532
-7.26903	1.47157
-7.28321	1.47702
-7.29799	1.48532
-7.31533	1.49331
-7.33226	1.50076
-7.35052	1.5079
-7.36766	1.51107
-7.38326	1.51303
-7.3998	1.51621
-7.41594	1.51887
-7.42997	1.52547
-7.44344	1.53184
-7.45804	1.53658
-7.47388	1.54007
-7.4899	1.54197
-7.50606	1.54308
-7.52238	1.54344
-7.53781	1.54246
-7.55348	1.5404
-7.57101	1.53743
-7.58818	1.53424
-7.6013	1.53364
-7.61611	1.53263
-7.63141	1.53123
-7.64501	1.52924
-7.66056	1.52565
-7.67488	1.52206
-7.68989	1.51841
-7.70504	1.51606
-7.71584	1.51201
-7.72844	1.50782
-7.74272	1.50318
-7.75791	1.49857
-7.77314	1.49709
-7.78846	1.49146
-7.80378	1.48561
-7.81889	1.47835
-7.83462	1.47042
-7.84946	1.46275
-7.86656	1.45591
-7.88151	1.44843
-7.89366	1.44019
-7.90553	1.43109
-7.91776	1.42037
-7.92973	1.40957
-7.94296	1.39868
-7.95464	1.38668
-7.966	1.37448
-7.97821	1.3628
-7.99097	1.34994
-8.00383	1.33615
-8.01609	1.32367
-8.02822	1.31291
-8.04022	1.30249
-8.05222	1.29185
-8.06554	1.27843
-8.07916	1.26642
-8.09278	1.25388
-8.10606	1.24214
-8.11961	1.22771
-8.13403	1.21284
-8.1478	1.20026
-8.16189	1.19292
-8.17795	1.1859
-8.19184	1.17591
-8.20695	1.16799
-8.223	1.16044
-8.23825	1.15322
-8.25205	1.1472
-8.26984	1.14089
-8.2867	1.13565
-8.30201	1.12964
-8.31923	1.12525
-8.33509	1.12317
-8.35182	1.11918
-8.36725	1.11637
-8.3829	1.11474
-8.39827	1.1179
-8.41628	1.12153
-8.43242	1.12394
-8.4491	1.12808
-8.46554	1.13204
-8.48164	1.13605
-8.50035	1.13682
-8.51845	1.13933
-8.53564	1.14324
-8.55107	1.14862
-8.56534	1.15539
-8.57876	1.16325
-8.59189	1.17168
-8.60564	1.17994
-8.61841	1.18939
-8.62776	1.19718
-8.63532	1.20742
-8.64205	1.21942
-8.64762	1.23199
-8.65624	1.24504
-8.6631	1.25899
-8.67015	1.27199
-8.67842	1.28671
-8.68747	1.30112
-8.69675	1.31421
-8.70652	1.33042
-8.71635	1.34607
-8.72607	1.36008
-8.73547	1.37246
-8.74616	1.38612
-8.75599	1.39921
-8.76529	1.41288
-8.77464	1.42694
-8.78435	1.43793
-8.79633	1.45113
-8.80734	1.4647
-8.81721	1.47832
-8.824	1.49096
-8.82944	1.50483
-8.83578	1.51657
-8.84257	1.5294
-8.84764	1.54361
-8.85353	1.55816
-8.85894	1.5688
-8.86356	1.57944
-8.86923	1.59188
-8.87408	1.60534
-8.87923	1.61924
-8.88715	1.63307
-8.89481	1.64671
-8.90199	1.65998
-8.90983	1.67238
-8.91654	1.68548
-8.9235	1.6989
-8.93021	1.71265
-8.93875	1.72849
-8.94672	1.74388
-8.95374	1.75828
-8.95962	1.77165
-8.97054	1.78389
-8.97943	1.7956
-8.98752	1.80822
-8.99751	1.82176
-9.00792	1.83628
-9.01705	1.84998
-9.02732	1.86576
-9.03881	1.88204
-9.05319	1.89946
-9.06676	1.91419
-9.07997	1.92829
-9.09248	1.9406
-9.10443	1.95152
-9.11705	1.96129
-9.13123	1.9707
-9.14658	1.97699
-9.16205	1.98248
-9.17755	1.98711
-9.19308	1.99067
-9.20905	1.99322
-9.22213	1.99489
-9.23529	1.9951
-9.24953	1.9948
-9.26262	1.99688
-9.27502	1.99843
-9.28939	1.99954
-9.30428	1.99981
-9.31617	1.99896
-9.3301	1.99717
-9.34496	1.99497
-9.36352	1.9911
-9.37979	1.98799
-9.39593	1.98095
-9.41071	1.97502
-9.42664	1.96962
-9.44207	1.96456
-9.45834	1.96075
-9.47634	1.95992
-9.49328	1.95841
-9.5099	1.95659
-9.52455	1.95534
-9.54149	1.95392
-9.55778	1.95228
-9.57027	1.951
-9.58488	1.94788
-9.60019	1.94385
-9.61173	1.94004
-9.6253	1.93404
-9.63983	1.92933
-9.65477	1.92557
-9.67176	1.92384
-9.68667	1.92304
-9.70229	1.92139
-9.71793	1.92053
-9.73429	1.91972
-9.75027	1.91893
-9.76596	1.91848
-9.78192	1.91838
-9.80255	1.92263
-9.82025	1.92635
-9.83717	1.92818
-9.85545	1.92874
-9.87323	1.92663
-9.8904	1.92483
-9.90815	1.92204
-9.92305	1.92037
-9.94169	1.91904
-9.95928	1.91724
-9.9794	1.91513
-9.99919	1.91043
-10.0158	1.90722
-10.0308	1.90679
-10.0487	1.90619
-10.0657	1.90452
-10.0799	1.89948
-10.094	1.89413
-10.108	1.88851
-10.1216	1.8819
-10.136	1.87482
-10.1482	1.86515
-10.1586	1.85921
-10.1701	1.85378
-10.1825	1.8462
-10.1979	1.83577
-10.2123	1.8272
-10.2231	1.81817
-10.235	1.80962
-10.246	1.80345
-10.2571	1.79701
-10.2705	1.78601
-10.2839	1.77662
-10.298	1.76787
-10.313	1.76159
-10.3304	1.75187
-10.3451	1.74405
-10.3596	1.73694
-10.3735	1.72885
-10.3869	1.71999
-10.3996	1.71032
-10.4136	1.70388
-10.4283	1.69697
-10.4437	1.69215
-10.4584	1.68475
-10.4742	1.6759
-10.4872	1.66491
-10.4973	1.65443
-10.5081	1.64335
-10.5207	1.63091
-10.5328	1.61885
-10.5458	1.60799
-10.5588	1.59683
-10.5711	1.586
-10.5837	1.57409
-10.5966	1.56336
-10.6104	1.55385
-10.623	1.54482
-10.6362	1.53563
-10.6513	1.52609
-10.6649	1.51672
-10.6772	1.50839
-10.69	1.49823
-10.7034	1.48887
-10.7196	1.47877
-10.7365	1.46806
-10.7501	1.45856
-10.7654	1.45216
-10.7807	1.44455
-10.7967	1.43706
-10.8116	1.42805
-10.8254	1.4178
-10.8375	1.40613
-10.8502	1.39321
-10.8633	1.37925
-10.8763	1.36664
-10.8881	1.35451
-10.8989	1.34223
-10.9132	1.33402
-10.9274	1.32684
-10.9418	1.31954
-10.9591	1.30864
-10.9753	1.299
-10.9907	1.28983
-11.0041	1.28251
-11.0159	1.2742
-11.0293	1.26649
-11.044	1.25999
-11.0579	1.25419
-11.0722	1.24832
-11.0867	1.24191
-11.1013	1.23537
-11.1147	1.228
-11.1322	1.22156
-11.1498	1.21636
-11.167	1.21086
-11.1827	1.20709
-11.2012	1.20485
-11.2181	1.20081
-11.2361	1.19816
-11.2526	1.19327
-11.2672	1.18651
-11.2805	1.17827
-11.2921	1.16576
-11.3074	1.15067
-11.3199	1.13748
-11.3337	1.1257
-11.3467	1.11579
-11.3587	1.10553
-11.3702	1.09507
-11.3817	1.08636
-11.3922	1.07505
-11.403	1.06295
-11.4131	1.04958
-11.4209	1.03739
-11.4302	1.02528
-11.4399	1.01308
-11.4486	0.999588
-11.4558	0.985035
-11.4644	0.973127
-11.4768	0.959087
-11.4887	0.946267
-11.4998	0.933573
-11.5086	0.920061
-11.5174	0.903356
-11.5248	0.886131
-11.5331	0.871905
-11.5408	0.859845
-11.5496	0.847933
-11.557	0.835343
-11.5631	0.821403
-11.5726	0.806215
-11.5805	0.792006
-11.587	0.777798
-11.5942	0.764046
-11.6007	0.750108
-11.6061	0.736635
-11.6097	0.720143
-11.6124	0.704064
-11.6129	0.689137
-11.6135	0.673626
-11.6113	0.658471
-11.6101	0.643323
-11.6088	0.627905
-11.6074	0.612201
-11.6059	0.596945
-11.6044	0.581766
-11.6034	0.567685
-11.5998	0.551577
-11.5974	0.535263
