0.0890668	-0.0657618
0.108844	-0.0757042
0.113723	-0.0759261
0.110227	-0.0767071
0.110585	-0.0630772
0.109789	-0.0635019
0.0963418	-0.0652957
0.0770217	-0.068911
0.0774371	-0.0754796
0.0616137	-0.0380719
0.0543805	-0.0440369
0.0625529	-0.0595833
0.0403873	-0.0513025
0.00838207	-0.0865256
0.00339685	-0.0867887
-0.031771	-0.122542
-0.0506185	-0.108247
-0.0535162	-0.0947418
-0.0541445	-0.0965825
-0.0360013	-0.0822288
-0.0610066	-0.0781511
-0.063419	-0.082071
-0.0851271	-0.0707364
-0.089032	-0.0870238
-0.0903417	-0.0750013
-0.0808172	-0.0863424
-0.0632827	-0.0988338
-0.0458366	-0.132897
-0.0452504	-0.136137
-0.086475	-0.172578
-0.0825835	-0.126197
-0.0662424	-0.092207
-0.0444535	-0.117478
-0.0287189	-0.128353
-0.028559	-0.128048
-0.0439285	-0.161275
-0.00477439	-0.153544
-0.00569994	-0.154604
0.00839505	-0.131242
0.0162051	-0.149823
0.0145875	-0.129415
-0.0469135	-0.115687
-0.0566792	-0.0879947
-0.060473	-0.107976
-0.0395287	-0.0947206
-0.0180611	-0.141998
-0.0131395	-0.14137
-0.0247299	-0.151898
0.0216477	-0.179692
-0.00509896	-0.164185
0.00279378	-0.158928
0.00885918	-0.136847
0.00866896	-0.1388
0.00675393	-0.141854
0.0114593	-0.166687
0.008262	-0.174415
0.042428	-0.149708
0.0487124	-0.14744
0.0673747	-0.139825
0.0856068	-0.157219
0.0886907	-0.134699
0.0985397	-0.123689
0.105898	-0.121515
0.0645331	-0.154076
0.0685625	-0.168499
0.145436	-0.177127
0.0674641	-0.184712
0.093671	-0.184056
0.110336	-0.18038
0.111818	-0.150994
0.167976	-0.175749
0.121383	-0.158087
0.13061	-0.148994
0.127322	-0.145117
0.128783	-0.126409
0.0860833	-0.110157
0.106479	-0.112106
0.121685	-0.110852
0.116294	-0.105425
0.105068	-0.123659
0.109258	-0.10218
0.128231	-0.0930734
0.113644	-0.0927914
0.121009	-0.0890921
0.11177	-0.072053
0.12333	-0.0733775
0.1311	-0.0729899
0.137631	-0.0763039
0.163578	-0.0704249
0.129574	-0.0312334
0.127503	-0.0313016
0.130871	-0.0258961
0.114276	-0.0217991
0.147396	-0.0424878
0.166458	-0.046916
0.157036	-0.0668332
0.156981	-0.0656243
0.149996	-0.0585659
0.164038	-0.0570385
0.169094	-0.0548771
0.211288	-0.0439945
0.198905	-0.0312681
0.182993	-0.00904728
0.174968	-0.0156234
0.178699	-0.0160352
0.177706	-0.00369958
0.186221	0.0173567
0.177302	0.0285131
0.20257	-0.00583797
0.200391	0.0248686
0.179001	0.0509332
0.137716	0.0733711
0.138332	0.10654
0.134083	0.0947428
0.125559	0.123294
0.111352	0.122589
0.113972	0.128796
0.141243	0.157542
0.131368	0.13513
0.102865	0.11767
0.0943758	0.102815
0.110498	0.0602286
0.116504	0.0596332
0.120421	0.038575
0.136199	0.0163605
0.135191	-0.00457317
0.146138	-0.0106321
0.145755	-0.0199026
0.14672	-0.0259808
0.1464	-0.0293082
0.140357	-0.050801
0.137648	-0.0488276
0.137224	-0.0547746
0.156718	-0.0665639
0.10339	-0.0375344
0.105968	-0.0324755
0.117734	-0.0395273
0.142143	-0.0487353
0.170622	-0.0469787
0.166622	-0.0454399
0.135214	-0.027798
0.138917	-0.0164939
0.14346	-0.0473174
0.143478	-0.0536957
0.141054	-0.0598543
0.140637	-0.0430112
0.152143	-0.0447951
0.144151	-0.0502132
0.140263	-0.0723389
0.131346	-0.0723458
0.143943	-0.0433157
0.121458	-0.0702559
0.14823	-0.0811803
0.136139	-0.0702614
0.141103	-0.0741805
0.150141	-0.0743922
0.149616	-0.0644581
0.142088	-0.0570888
0.182504	-0.0496044
0.16908	-0.0555925
0.175743	-0.0460317
0.168335	-0.0419538
0.190227	0.00454728
0.165397	-0.0291304
0.166964	-0.0348453
0.148937	-0.051614
0.184979	-0.0496753
0.17556	-0.0482763
0.142963	-0.0494249
0.155281	-0.0356244
0.156782	-0.030009
0.151238	-0.0336854
0.142113	-0.0300067
0.143154	-0.0312194
0.142257	-0.0349254
0.139783	-0.0374801
0.143209	-0.0384542
0.147325	-0.0133087
0.147116	-0.0356502
0.137307	-0.0220582
0.136817	-0.0237294
0.138777	-0.0184885
0.178484	-0.0305923
0.177495	-0.0505925
0.181345	-0.0286337
0.174646	-0.0123279
0.189924	-0.0230045
0.180052	-0.0221193
0.186581	-0.0345736
0.20265	-0.0272894
0.203217	-0.00221921
0.203789	-0.0237797
0.192222	-0.00231199
0.203555	-0.0502454
0.178315	-0.0429385
0.150115	-0.0609154
0.15106	-0.0339412
0.15061	-0.0349131
0.14253	-0.0404382
0.164283	-0.0612176
0.16308	-0.0493251
0.122863	-0.0441327
0.12903	-0.0362953
0.136501	-0.0302044
0.147293	-0.0317967
0.155497	-0.0415645
0.174309	-0.0648617
0.17201	-0.0415099
0.163884	-0.0440049
0.167544	-0.0552773
0.163352	-0.0756192
0.156857	-0.0975232
0.160594	-0.0716295
0.152134	-0.0932764
0.176339	-0.0786313
0.157699	-0.0971562
0.131235	-0.0938936
0.151147	-0.0589324
0.123639	-0.0176921
0.130333	-0.0324412
0.142337	-0.046361
0.184216	-0.0244122
0.162847	-0.0369478
0.137316	-0.0647276
0.124661	-0.0557213
0.123591	-0.083849
0.12607	-0.0833096
0.14313	-0.103302
0.124327	-0.0979257
0.130693	-0.0911106
0.126202	-0.0820969
0.125189	-0.0749326
0.123766	-0.0773743
0.152393	-0.0781462
0.147802	-0.0775521
0.138957	-0.068648
0.146619	-0.0649428
0.135796	-0.0719066
0.137552	-0.06876
0.132279	-0.0629192
0.108776	-0.0743527
0.108204	-0.0810742
0.113138	-0.0868063
0.147462	-0.0865283
0.149843	-0.0651541
0.141629	-0.0737467
0.133309	-0.0552595
0.160398	-0.0526431
0.151832	-0.0533427
0.146754	-0.089665
0.162463	-0.0890072
0.167014	-0.0804304
0.167855	-0.075576
0.159118	-0.037688
0.153043	-0.0566109
0.110337	-0.0237583
0.107671	-0.0381963
0.123516	-0.0256953
0.143042	-0.00482007
0.163355	-0.02378
0.152463	-0.0338353
0.149024	-0.0277437
0.136403	-0.0156412
0.135067	-0.0361311
0.14158	-0.0412701
0.146485	-0.0361734
0.147667	-0.0290891
0.114075	-0.0379354
0.132143	-0.0119926
0.151102	-0.0264246
0.130695	-0.0305241
0.150194	-0.00363262
0.151214	-0.000423224
0.146919	-0.0186503
0.152797	-0.0137902
0.12171	-0.0248049
0.127361	0.013641
0.137309	0.015402
0.134977	0.0217469
0.150416	0.0236348
0.158813	0.0373115
0.155941	0.0263054
0.159196	0.0146143
0.157742	0.0239076
0.170898	0.0189186
0.189051	0.0308474
0.186966	0.0349796
0.191358	0.0059716
0.195487	-0.0124061
0.188942	-0.0105579
0.172543	0.0104988
0.162932	0.0373616
0.172441	0.0263725
0.133006	0.00748721
0.141496	0.0247701
0.143533	0.00923424
0.153518	0.0049905
0.15832	0.0076943
0.175329	-0.0199198
0.158068	-0.0107868
0.158859	0.0101812
0.195644	0.0380065
0.181958	0.0370474
0.166156	0.0476327
0.15468	0.0475775
0.133834	0.0838286
0.139534	0.0303852
0.147385	0.0561977
0.153018	0.0578979
0.116555	0.0373444
0.130947	0.0489108
0.136394	0.0415208
0.13191	0.0387979
0.129358	0.0390379
0.144232	0.0438326
0.137348	0.0366916
0.140992	0.0373592
0.157889	0.0584082
0.153946	0.0607164
0.156882	0.0510815
0.146107	0.0314481
0.137848	0.0245545
0.156079	0.0203746
0.152141	0.0255932
0.175808	0.0309615
0.179354	0.0343485
0.161818	0.0169841
0.13623	0.0239465
0.150832	0.0411397
0.148882	0.0161583
0.155653	0.0179841
0.155286	0.0243425
0.160036	0.0423815
0.14332	0.0493744
0.143571	0.0430279
0.119637	0.0449162
0.123123	0.0356756
0.120969	0.00809786
0.136782	0.00790338
0.163576	-0.0173125
0.170935	0.00804783
0.157799	0.023733
0.158445	0.0321699
0.11863	0.0289857
0.131731	0.0305245
0.1378	0.0385826
0.143606	0.0447156
0.155315	0.0455374
0.15821	0.0615473
0.159293	0.0723025
0.165124	0.0702527
0.150581	0.0650205
0.150647	0.0587218
0.152717	0.0554608
0.202938	0.0554834
0.175887	0.0513949
0.170999	0.0624397
0.169158	0.0737652
0.160181	0.0765295
0.144384	0.0653021
0.142774	0.0684667
0.141872	0.0681659
0.1197	0.0838309
0.128209	0.0819633
0.131247	0.078031
0.128244	0.0868939
0.14542	0.0791249
0.137271	0.0818253
0.134342	0.0878757
0.125939	0.101316
0.116925	0.105737
0.135483	0.126845
0.12573	0.117141
0.114697	0.120252
0.105448	0.102416
0.118562	0.119039
0.108228	0.120411
0.12575	0.135669
0.128762	0.135081
0.125425	0.129636
0.124034	0.110972
0.0970459	0.160076
0.0625533	0.161996
0.0812645	0.170687
0.0657804	0.194918
0.0527165	0.17686
0.066984	0.158666
0.0765523	0.171408
0.0868217	0.177347
0.0856247	0.161617
0.071572	0.121058
0.075079	0.122287
0.0635089	0.115588
0.080182	0.164525
0.0776655	0.164903
0.093748	0.145547
0.0874141	0.127434
0.0886898	0.122366
0.0922635	0.126251
0.0799727	0.0916703
0.0883227	0.0943341
0.0766484	0.119113
0.0937711	0.130367
0.0750757	0.0995991
0.0782327	0.106192
0.081717	0.110737
0.0814082	0.120019
0.0854921	0.110081
0.0893629	0.141211
0.0853108	0.156238
0.0986814	0.147963
0.102968	0.124201
0.0952745	0.0961497
0.0972549	0.117518
0.093783	0.12482
0.0949249	0.111545
0.0889854	0.112864
0.119274	0.120852
0.0814739	0.103815
0.0851392	0.111247
0.0761417	0.127234
0.0675426	0.134004
0.086592	0.128349
0.0944615	0.118693
0.10361	0.110855
0.0735472	0.0779555
0.0882392	0.0931256
0.0812831	0.0949891
0.0999351	0.10453
0.102675	0.106761
0.10778	0.113486
0.12068	0.0867842
0.100808	0.113223
0.117736	0.108459
0.120683	0.0903072
0.130291	0.101264
0.119296	0.0972555
0.113288	0.10454
0.11074	0.11785
0.108916	0.118821
0.0947756	0.131995
0.126349	0.14243
0.115335	0.133296
0.117031	0.116695
0.101912	0.126154
0.109889	0.113036
0.124248	0.117814
0.140843	0.124171
0.114693	0.121522
0.138295	0.12229
0.13278	0.126704
0.115419	0.116614
0.0892163	0.121596
0.109999	0.127139
0.114785	0.118571
0.12562	0.119444
0.125062	0.110401
0.122596	0.0945275
0.1086	0.104751
0.117586	0.0906362
0.133056	0.0778195
0.121704	0.0948943
0.108694	0.0883894
0.125566	0.0783564
0.133948	0.0825365
0.116533	0.0960006
0.14347	0.089944
0.128349	0.066179
0.0881351	0.0708859
0.107	0.0715586
0.126272	0.0805365
0.082391	0.070871
0.110471	0.0727879
0.0960134	0.0617272
0.114972	0.0780926
0.131864	0.073853
0.114294	0.050585
0.138446	0.0549415
0.144299	0.0436863
0.153137	0.0516064
0.17509	0.0873709
0.158426	0.0775342
0.149374	0.0697521
0.145348	0.0659059
0.149491	0.0653443
0.14923	0.0650991
0.151585	0.09592
0.113996	0.0916249
0.116763	0.107512
0.119288	0.0936779
0.125985	0.0994444
0.0902201	0.0839592
0.105743	0.0807065
0.112086	0.0653269
0.104932	0.0632294
0.10554	0.0548527
0.115924	0.0526769
0.122766	0.07436
0.115676	0.0942368
0.117591	0.0881904
0.105527	0.101271
0.136518	0.127551
0.118968	0.098437
0.121677	0.0948935
0.128465	0.0927756
0.112635	0.0932914
0.126043	0.101965
0.130148	0.0930408
0.139748	0.101405
0.131293	0.0985801
0.133455	0.0966904
0.133144	0.105789
0.11706	0.116117
0.116981	0.112719
0.116273	0.0982655
0.11912	0.101362
0.0965834	0.108381
0.103738	0.10506
0.106435	0.107471
0.104239	0.0963115
0.0921563	0.114826
0.116951	0.131472
0.108302	0.121119
0.0713063	0.115161
0.111074	0.130768
0.067937	0.122798
0.0977347	0.128191
0.0976224	0.127946
0.0863382	0.138839
0.0891781	0.128385
0.0638477	0.132249
0.0827901	0.137806
0.0861254	0.107742
0.0842353	0.120008
0.0922307	0.130078
0.0926299	0.122274
0.090856	0.120104
0.0704481	0.126132
0.0855497	0.108996
0.116208	0.12729
0.0835365	0.117476
0.0824118	0.0881111
0.0684403	0.124458
0.0758268	0.122304
0.0512279	0.120052
0.0290553	0.0882832
0.0495693	0.117899
0.0408343	0.115068
0.0797881	0.113563
0.0738851	0.0988908
0.0864614	0.112708
0.107161	0.121215
0.0971352	0.115608
0.0984109	0.124742
0.0848853	0.0853211
0.0850371	0.104696
0.0547715	0.0990067
0.057681	0.132846
0.0725978	0.131353
0.0919047	0.124146
0.0751041	0.125566
0.0774814	0.127902
0.0839556	0.108012
0.0893306	0.131631
0.105807	0.143555
0.101535	0.155427
0.0960364	0.141907
0.0981009	0.127415
0.0951873	0.126314
0.062004	0.123878
0.0906069	0.140435
0.0974056	0.138048
0.0940386	0.132079
0.0932877	0.13333
0.0881035	0.130188
0.108604	0.109607
0.0767059	0.13546
0.0577533	0.175391
0.0463698	0.155018
0.0382811	0.163885
0.0539215	0.15857
0.0632949	0.150329
0.0713463	0.150722
0.0761265	0.129489
0.0710493	0.125218
0.0843814	0.148256
0.0990724	0.139533
0.0912772	0.129921
0.0845106	0.127097
0.061355	0.126201
0.0669868	0.131336
0.064162	0.1547
0.0428286	0.164183
0.0370329	0.159201
0.0347063	0.168792
0.0522087	0.172402
0.0406793	0.154227
0.0433626	0.152944
0.042426	0.149795
0.042417	0.15016
0.0329196	0.171668
0.0394726	0.166128
0.0808483	0.176924
0.0612971	0.183362
0.0522089	0.175436
0.0287611	0.14216
0.00857616	0.157522
-0.0027877	0.168997
0.0205513	0.152382
0.0352233	0.139008
0.0398043	0.140093
0.0294667	0.146084
0.0440382	0.147498
0.0458383	0.139808
0.0482442	0.141803
0.0498151	0.138725
0.0858241	0.142784
0.0899328	0.142953
0.0694454	0.158359
0.0705951	0.165718
0.0534458	0.157058
0.0729827	0.167536
0.085958	0.174695
0.0892334	0.176093
0.0738582	0.200559
0.0631527	0.177632
0.0783268	0.17203
0.0478531	0.184879
0.0367427	0.163119
0.0529527	0.132732
0.00438846	0.134993
0.0245019	0.136082
0.048379	0.129058
0.0643321	0.128624
0.0691747	0.136181
0.0811274	0.118087
0.091426	0.116247
0.0838086	0.112771
0.0940991	0.12064
0.0852751	0.129956
0.0928091	0.12104
0.110743	0.100506
0.115704	0.0867014
0.121842	0.0793762
0.121562	0.104598
0.137679	0.110791
0.127717	0.0974841
0.129482	0.0902328
0.142791	0.100199
0.13099	0.0798875
0.127084	0.0730878
0.138319	0.0848523
0.123521	0.068662
0.131985	0.0631332
0.124796	0.0565919
0.12982	0.0591585
0.137111	0.0601113
0.141989	0.0710853
0.133612	0.0529692
0.143042	0.0525509
0.140152	0.0492202
0.146286	0.0354206
0.161707	0.0701832
0.156976	0.0606843
0.158886	0.0643681
0.158258	0.0677793
0.145159	0.0654069
0.134902	0.0686018
0.140648	0.0583493
0.144607	0.0378252
0.121707	0.0378537
0.142556	0.00831114
0.169143	0.0204419
0.165167	0.0359517
0.161904	0.0386828
0.147772	0.0449368
0.153559	0.0580831
0.162893	0.0447343
0.203455	0.0483432
0.181689	0.0459979
0.174566	0.0416662
0.174134	0.0424565
0.155374	0.0168666
0.147311	0.0227687
0.154819	0.032502
0.157701	0.0241639
0.15507	0.0213717
0.167322	0.0211825
0.171639	0.0201411
0.172	0.0189854
0.147161	0.00297387
0.152652	0.00653061
0.163171	0.0106983
0.160312	0.00547351
0.149264	0.00862461
0.153808	-0.000755225
0.150028	-0.00247584
0.140812	-0.0100017
0.153235	-0.00478249
0.18173	0.0112571
0.158905	0.000434535
0.149075	0.00492777
0.15417	-0.0114692
0.15633	-0.0166789
0.154617	0.00896681
0.146939	0.0209805
0.148641	0.0106667
0.134157	0.0385057
0.151969	0.0168407
0.128082	0.0120927
0.142184	-0.00422684
0.15911	-0.0227937
0.1643	-0.0470637
0.160554	-0.0408649
0.148433	-0.044896
0.150489	-0.0368755
0.163364	-0.0337566
0.130402	-0.0114735
0.139122	-0.010306
0.13686	-0.0085604
0.141124	-0.00573691
0.164387	-0.00828692
0.169991	0.00784793
0.182156	0.00252936
0.180503	-0.011264
0.168993	-0.0409536
0.168024	-0.0341122
0.141502	-0.0320199
0.137778	-0.0196692
0.142655	-0.0366222
0.147587	-0.0281588
0.150325	-0.0237944
0.162674	-0.0234084
0.168932	-0.0114533
0.161659	-0.0110313
0.159563	-0.0170636
0.17346	-0.0107427
0.1835	-0.008767
0.165092	-0.025413
0.154098	-0.041865
0.152105	-0.0387757
0.194534	-0.00963548
0.177801	-0.0136614
0.153139	-0.00492828
0.158466	-0.0162989
0.142394	-0.0215834
0.165314	-0.0123904
0.17317	-0.0184196
0.164328	-0.0346439
0.185123	-0.0669707
0.162437	-0.0507695
0.156805	-0.0353334
0.154718	-0.0310203
0.141315	-0.0262584
0.111452	-0.0367986
0.122098	-0.0119057
0.152221	-0.00953917
0.142474	-0.0243638
0.128293	-0.00961378
0.178243	0.0209139
0.171273	0.0160345
0.152449	-0.0303717
0.154297	0.00249105
0.134747	0.00880154
0.141268	-0.0017554
0.139945	0.00587348
0.164229	-0.00840759
0.147113	0.0128636
0.153148	0.0164505
0.13968	-0.0123374
0.15275	-0.00105125
0.162621	-0.0112903
0.152754	-0.0245715
0.159633	-0.000828137
0.160527	0.00963743
0.144503	0.0249377
0.124823	-0.00123679
0.137247	0.0163311
0.142925	0.0317614
0.129071	0.0303829
0.124852	0.0853134
0.126565	0.0823412
0.120354	0.0774136
0.131345	0.0677313
0.113405	0.0535133
0.138587	0.050486
0.12305	0.0439513
0.1425	0.0403975
0.143603	0.0788752
0.160856	0.0792139
0.133048	0.0641402
0.152485	0.0622102
0.16166	0.0966527
0.119785	0.1018
0.135082	0.0811058
0.108008	0.0976115
0.148654	0.106442
0.14723	0.10019
0.141111	0.0975195
0.124946	0.098066
0.143878	0.0959505
0.131093	0.0822463
0.117975	0.0829712
0.114443	0.0978575
0.113894	0.0971744
0.11687	0.106784
0.0985693	0.106942
0.102845	0.0941305
0.12876	0.112902
0.105654	0.105671
0.116488	0.128648
0.0981247	0.0936893
0.131601	0.110811
0.118077	0.110506
0.11217	0.124452
0.106707	0.123973
0.0992922	0.122457
0.119478	0.11447
0.113336	0.115884
0.11024	0.112503
0.0938503	0.127402
0.0952613	0.135103
0.0988298	0.153289
0.0958611	0.0903708
0.0931982	0.107127
0.0920104	0.113551
0.105521	0.144664
0.12995	0.124968
0.143066	0.132218
0.111242	0.118071
0.0888527	0.142349
0.0850362	0.142592
0.087573	0.17021
0.0959288	0.153261
0.117025	0.147426
0.109893	0.137334
0.110857	0.136273
0.107576	0.128953
0.0964053	0.134378
0.0989869	0.15425
0.0858692	0.145869
0.0952143	0.134602
0.098254	0.164565
0.100763	0.145564
0.0754307	0.113636
0.0768205	0.137525
0.0814083	0.16912
0.0987226	0.135144
0.0628416	0.104476
0.0734646	0.108759
0.0851084	0.113087
0.0992738	0.12229
0.10596	0.121628
0.100551	0.110347
0.090796	0.133463
0.100727	0.116428
0.117494	0.144194
0.10315	0.140164
0.102315	0.131709
0.0942512	0.131052
0.0803353	0.109929
0.0780035	0.123751
0.0806679	0.126071
0.0679114	0.13208
0.0755652	0.135005
0.0882982	0.15323
0.0651281	0.154461
0.0536708	0.124748
0.0643298	0.143744
0.055477	0.156576
0.0681867	0.147582
0.0636646	0.146196
0.053051	0.141419
0.0717014	0.148605
0.0606706	0.147134
0.0595062	0.154874
0.0230525	0.155474
0.028425	0.153254
0.0361778	0.151615
0.0247306	0.149368
0.0445627	0.140894
0.0636	0.136609
0.0651177	0.134188
0.0556542	0.131705
0.0541111	0.143876
0.0513688	0.145744
0.0526419	0.147778
0.0319937	0.112585
0.0292561	0.136684
0.0462218	0.132383
0.0528772	0.107945
0.0769263	0.124731
0.0480636	0.147153
0.035558	0.14429
0.051014	0.157361
0.0629735	0.166024
0.0595212	0.149965
0.0607455	0.145151
0.048777	0.160254
0.0641087	0.165009
0.0714327	0.155717
0.0635774	0.153992
0.0777778	0.135739
0.0597201	0.158296
0.0648329	0.124708
0.0693815	0.122546
0.0666864	0.131775
0.0725148	0.122891
0.0704854	0.135696
0.0923612	0.174696
0.0750002	0.165803
0.0915789	0.147397
0.0811716	0.14339
0.0749373	0.137037
0.0705349	0.136438
0.0580882	0.114921
0.0526947	0.1203
0.0628485	0.140702
0.0477928	0.18517
0.0642538	0.156886
0.0742725	0.158584
0.0845128	0.154606
0.0861083	0.141539
0.105234	0.124963
0.141959	0.118457
0.119465	0.119278
0.0982705	0.113793
0.109596	0.131403
0.116808	0.100354
0.108825	0.116232
0.123306	0.126387
0.0714718	0.124869
0.0714657	0.127509
0.0726043	0.135435
0.0963103	0.125112
0.0930132	0.138632
0.0843039	0.133425
0.0820233	0.148167
0.0809075	0.168617
0.0617494	0.175127
0.0631346	0.160855
0.0899303	0.164988
0.0994437	0.133857
0.101475	0.127619
0.0889299	0.140073
0.0833819	0.135604
0.0738126	0.128701
0.066165	0.126638
0.0684483	0.139908
0.0613199	0.132545
0.0874192	0.142575
0.0579643	0.141649
0.0738362	0.131915
0.0917936	0.155725
0.0813016	0.144161
0.0669828	0.14949
0.080997	0.146609
0.084247	0.129382
0.078896	0.146574
0.0984835	0.145294
0.100431	0.102129
0.104988	0.106504
0.0957562	0.116474
0.10005	0.143277
0.0931148	0.150363
0.0729267	0.133784
0.0545471	0.11915
0.066111	0.154555
0.0915026	0.168715
0.111287	0.167398
0.0963545	0.164836
0.0907188	0.141263
0.0714435	0.14815
0.0755061	0.151168
0.0719849	0.165401
0.0685562	0.15059
0.0643412	0.148341
0.0634001	0.16891
0.0491367	0.162231
0.060681	0.160399
0.0397578	0.164571
0.0275142	0.166291
0.056371	0.17215
0.0404715	0.159774
0.0483058	0.133885
0.0466173	0.130727
0.055317	0.134262
0.0519473	0.122323
0.030307	0.121259
0.0231439	0.130106
0.0300682	0.139321
0.0243052	0.14609
0.0623929	0.140333
0.0596192	0.150904
0.0488832	0.148868
0.0566762	0.144395
0.0624734	0.139443
0.0680005	0.147287
0.0624445	0.149474
0.0413634	0.162384
