-0.0101103	-0.114554
-0.0153695	-0.143237
-0.0188874	-0.161027
-0.00600707	-0.14573
-0.0286953	-0.171404
-0.0361193	-0.155498
-0.00898992	-0.134546
0.000132842	-0.140656
-0.00806799	-0.146224
-0.002221	-0.15821
0.0189837	-0.162702
0.0275063	-0.175656
0.0264424	-0.167774
0.0161802	-0.150847
0.0146096	-0.154012
0.0178947	-0.153131
0.0184024	-0.155578
-0.00460575	-0.165277
-0.0321206	-0.1505
-0.029099	-0.148692
-0.0527806	-0.143971
-0.0565288	-0.147778
-0.091492	-0.148881
-0.0889443	-0.143308
-0.0974216	-0.132207
-0.0859335	-0.129788
-0.0590213	-0.123873
-0.0515065	-0.140542
-0.0713962	-0.136295
-0.0489739	-0.159941
-0.0493296	-0.164078
-0.0407282	-0.163084
-0.0381455	-0.160044
-0.0280091	-0.169698
-0.0339558	-0.156934
-0.0346941	-0.154955
-0.0381887	-0.175231
-0.0492263	-0.174038
-0.0300322	-0.160484
-0.0312965	-0.150059
-0.0399242	-0.156324
-0.0339987	-0.159951
-0.0342267	-0.175475
-0.0298453	-0.165869
-0.0149853	-0.161988
-0.0138133	-0.143419
-0.0479341	-0.14515
-0.0277529	-0.182506
-0.00522352	-0.182052
0.000674557	-0.171964
0.00364201	-0.147574
0.00169363	-0.161946
-0.0145697	-0.154247
-0.0415288	-0.181479
-0.0450274	-0.164912
-0.0194123	-0.168336
-0.0228898	-0.128336
-0.0241332	-0.139631
-0.00347044	-0.122085
-0.0340476	-0.0896047
-0.053249	-0.121229
-0.0689457	-0.165702
-0.0679821	-0.163818
-0.0582132	-0.163004
-0.0542329	-0.159514
-0.0724789	-0.161823
-0.0820234	-0.139249
-0.11548	-0.153137
-0.108043	-0.135858
-0.0899639	-0.128148
-0.0846773	-0.0934129
-0.122044	-0.118557
-0.117378	-0.109702
-0.117779	-0.108872
-0.122695	-0.118206
-0.14049	-0.111783
-0.134138	-0.105504
-0.129292	-0.0956097
-0.129791	-0.0966699
-0.143081	-0.0942137
-0.137167	-0.0832027
-0.13775	-0.0765426
-0.138271	-0.0766955
-0.144955	-0.031787
-0.139144	-0.0271996
-0.143638	-0.0318228
-0.148574	-0.0327461
-0.156	-0.0419792
-0.153191	-0.04378
-0.166788	-0.0527932
-0.161393	-0.0415759
-0.162329	-0.0395617
-0.175472	-0.0470186
-0.187868	-0.0432494
-0.145284	-0.0317658
-0.148889	-0.0344468
-0.123943	-0.0269159
-0.135572	-0.0497742
-0.145004	-0.0486852
-0.126054	-0.0592199
-0.155428	-0.0696871
-0.151121	-0.0681917
-0.146938	-0.0650478
-0.164557	-0.0753941
-0.141111	-0.0822476
-0.137253	-0.0791074
-0.124266	-0.0543083
-0.1217	-0.0574139
-0.14588	-0.0623915
-0.16591	-0.0621823
-0.17479	-0.0855711
-0.155877	-0.0771371
-0.143094	-0.0699297
-0.143498	-0.0765889
-0.156204	-0.0611056
-0.158437	-0.0529447
-0.157754	-0.0574501
-0.156956	-0.0543507
-0.145836	-0.0467795
-0.143952	-0.041043
-0.135754	-0.0541339
-0.143112	-0.0565809
-0.145543	-0.0576453
-0.145717	-0.0593971
-0.168805	-0.0233125
-0.148319	-0.0640328
-0.151944	-0.0532973
-0.164163	-0.0528507
-0.150858	-0.0420411
-0.164318	-0.0421705
-0.150212	-0.0772623
-0.149454	-0.0733371
-0.146602	-0.0776826
-0.0984366	-0.0568338
-0.128852	-0.087444
-0.139449	-0.0599568
-0.147375	-0.0816236
-0.149179	-0.0823466
-0.148359	-0.0771526
-0.139747	-0.0730858
-0.142705	-0.0768537
-0.154103	-0.0750553
-0.139681	-0.0525185
-0.14804	-0.0612168
-0.169508	-0.0727973
-0.160627	-0.0631693
-0.168433	-0.0901483
-0.141526	-0.0793817
-0.11469	-0.0666917
-0.118307	-0.0623104
-0.13014	-0.065094
-0.143815	-0.0606907
-0.157458	-0.0495143
-0.1565	-0.0433777
-0.173223	-0.0560562
-0.144731	-0.0726346
-0.132559	-0.0555677
-0.137909	-0.0598978
-0.136984	-0.0564306
-0.151406	-0.0686294
-0.136903	-0.0516554
-0.148703	-0.0503346
-0.158264	-0.0287417
-0.148107	-0.0489371
-0.136251	-0.0686219
-0.143652	-0.0666824
-0.141357	-0.0645829
-0.161301	-0.113414
-0.139691	-0.0674468
-0.152102	-0.066899
-0.165761	-0.109141
-0.148252	-0.0964918
-0.139524	-0.088636
-0.151147	-0.0980889
-0.144027	-0.110654
-0.116174	-0.0988564
-0.119553	-0.0963364
-0.117142	-0.115763
-0.111391	-0.131358
-0.123971	-0.141689
-0.098859	-0.130477
-0.102647	-0.115006
-0.0810103	-0.130212
-0.0745204	-0.134694
-0.0907592	-0.132162
-0.0718107	-0.0912612
-0.0822481	-0.111267
-0.0569533	-0.129806
-0.0724394	-0.137059
-0.0766802	-0.133362
-0.0719265	-0.132996
-0.0556689	-0.1467
-0.0436024	-0.141644
-0.0361803	-0.134662
-0.0396324	-0.141544
-0.0359482	-0.153986
-0.0281574	-0.150277
0.00117748	-0.157921
0.000717202	-0.162031
-0.0106405	-0.165324
-0.00615393	-0.185887
-0.0339807	-0.149635
-0.0212176	-0.12734
-0.0100014	-0.135981
-0.00521058	-0.154555
-0.0280367	-0.144075
-0.0265449	-0.161693
-0.0264125	-0.159878
-0.0409362	-0.178204
-0.0299919	-0.177329
-0.0299099	-0.160617
-0.0243438	-0.144273
-0.0275194	-0.121296
-0.0596069	-0.137824
-0.0652547	-0.131757
-0.0638531	-0.159744
-0.0848101	-0.154415
-0.0815815	-0.149481
-0.080974	-0.1364
-0.0781975	-0.133075
-0.0866716	-0.126364
-0.0906878	-0.133532
-0.0916584	-0.133656
-0.12166	-0.124344
-0.117816	-0.11807
-0.117819	-0.113992
-0.122757	-0.121463
-0.12073	-0.127738
-0.0939536	-0.132793
-0.0807566	-0.131702
-0.0788425	-0.0818694
-0.082045	-0.115083
-0.0905324	-0.112176
-0.0953653	-0.117757
-0.0956304	-0.119396
-0.097096	-0.113535
-0.101932	-0.108573
-0.0966115	-0.112151
-0.115758	-0.137224
-0.114063	-0.123728
-0.107531	-0.1214
-0.105253	-0.123666
-0.0837452	-0.135472
-0.0631916	-0.128165
-0.0557538	-0.135595
-0.0519793	-0.137611
-0.0567168	-0.160992
-0.0724628	-0.159026
-0.0953078	-0.164627
-0.0934943	-0.158891
-0.0900788	-0.182706
-0.0751204	-0.166931
-0.0796134	-0.163242
-0.0735861	-0.139826
-0.0651779	-0.139924
-0.0538228	-0.136059
-0.0735331	-0.159541
-0.0694438	-0.16028
-0.0653479	-0.15477
-0.0811536	-0.157416
-0.0809271	-0.139294
-0.0552667	-0.163315
-0.050371	-0.158906
-0.0613589	-0.185784
-0.0535574	-0.174778
-0.0657753	-0.173733
-0.0589706	-0.169251
-0.0714126	-0.16426
-0.0705833	-0.1656
-0.0586036	-0.166178
-0.0710668	-0.16423
-0.0613339	-0.149571
-0.0605525	-0.155807
-0.050841	-0.148822
-0.0532413	-0.134741
-0.0682498	-0.134624
-0.0910423	-0.132247
-0.110974	-0.162887
-0.0914144	-0.160946
-0.0866784	-0.147446
-0.0796456	-0.139202
-0.0884757	-0.136896
-0.0851245	-0.122199
-0.0755054	-0.134802
-0.076075	-0.134624
-0.0661688	-0.140147
-0.0776617	-0.135088
-0.0843836	-0.116131
-0.0822637	-0.114362
-0.0604749	-0.100196
-0.0693312	-0.115124
-0.0747218	-0.131913
-0.0755663	-0.129338
-0.0745769	-0.114987
-0.0749688	-0.0946897
-0.0806119	-0.105679
-0.071983	-0.0938953
-0.0729386	-0.116568
-0.0868998	-0.129299
-0.0901132	-0.134972
-0.0861407	-0.13406
-0.0709984	-0.153563
-0.0642106	-0.154421
-0.0667192	-0.144469
-0.0637226	-0.136339
-0.0451008	-0.124012
-0.073107	-0.160523
-0.0737541	-0.188886
-0.0424813	-0.166062
-0.0341722	-0.14345
-0.0227938	-0.126841
-0.0326198	-0.13741
-0.0319172	-0.154855
-0.0351173	-0.153768
-0.0308821	-0.147915
-0.0347681	-0.158926
-0.0238724	-0.188593
-0.0206216	-0.177629
-0.0201294	-0.172262
-0.0328952	-0.154845
-0.0364197	-0.130582
-0.0398138	-0.151305
-0.0273207	-0.135062
-0.0319182	-0.155344
-0.0402479	-0.162733
-0.037855	-0.158577
-0.0231869	-0.146752
-0.022772	-0.149973
-0.0289277	-0.144799
-0.0154018	-0.16395
-0.000708819	-0.151528
-0.00143705	-0.161881
0.00127489	-0.177408
0.0011199	-0.175254
-0.00310112	-0.168621
0.000230926	-0.17984
-0.00228667	-0.169436
0.0173228	-0.189601
0.0184763	-0.181781
0.0231398	-0.176175
0.0138405	-0.15544
0.0196191	-0.148347
0.0155005	-0.151687
0.00833525	-0.146831
0.00708591	-0.156478
-0.0139266	-0.183059
0.0228217	-0.188375
0.0249823	-0.155662
0.0394955	-0.141905
0.0294892	-0.143925
0.0225404	-0.183996
0.0423556	-0.168791
0.0584718	-0.186322
0.0579004	-0.174419
0.0485148	-0.158144
0.0274703	-0.140826
0.0203775	-0.155304
0.0219167	-0.159611
0.0473303	-0.176444
0.0306978	-0.181649
0.0450795	-0.156632
0.0677359	-0.153183
0.0628715	-0.166481
0.0953758	-0.138114
0.0838721	-0.136436
0.0995052	-0.138834
0.0757022	-0.127644
0.0767601	-0.128915
0.0882452	-0.137621
0.0700848	-0.0923687
0.0648055	-0.100175
0.0761249	-0.124055
0.0823172	-0.108909
0.103223	-0.120526
0.10634	-0.121872
0.128431	-0.0796533
0.122516	-0.0708037
0.121748	-0.0744829
0.131046	-0.0781337
0.136834	-0.0768993
0.159457	-0.0872123
0.155061	-0.0824611
0.144795	-0.102272
0.137314	-0.0943894
0.143774	-0.0962347
0.138278	-0.0949653
0.147054	-0.0764302
0.141285	-0.080878
0.14009	-0.120993
0.117254	-0.104195
0.118726	-0.0897142
0.140058	-0.103918
0.134655	-0.103744
0.11503	-0.134786
0.0906284	-0.107026
0.114415	-0.119652
0.0951384	-0.145218
0.0962911	-0.12892
0.108776	-0.149442
0.0940389	-0.12789
0.0910896	-0.146737
0.0772658	-0.175298
0.0675619	-0.165515
0.0839106	-0.163651
0.0779422	-0.122882
0.0949729	-0.131334
0.0878186	-0.120962
0.0768507	-0.121478
0.0831853	-0.128956
0.0954427	-0.131319
0.0940744	-0.126575
0.0996464	-0.102133
0.105846	-0.123524
0.0888451	-0.0894335
0.100499	-0.106348
0.0999699	-0.108079
0.116904	-0.0901759
0.113991	-0.0776595
0.111423	-0.093773
0.117524	-0.102419
0.110321	-0.13609
0.106299	-0.117954
0.0765162	-0.115449
0.084711	-0.118498
0.0689473	-0.113411
0.0699239	-0.121125
0.061608	-0.133371
0.0623554	-0.118417
0.0579832	-0.140415
0.0560633	-0.142521
0.0367289	-0.137782
0.0449455	-0.149041
0.0604201	-0.134635
0.069983	-0.170826
0.058711	-0.157466
0.060585	-0.157127
0.0743363	-0.147755
0.0716307	-0.133554
0.0731732	-0.14035
0.0856301	-0.142549
0.0932719	-0.142873
0.0930641	-0.142505
0.0801087	-0.148232
0.0440139	-0.140246
0.000199231	-0.149113
0.00355297	-0.139031
-0.00818804	-0.155572
-0.000791179	-0.163382
0.00271149	-0.163761
0.0429667	-0.197991
0.0359257	-0.179695
0.0512985	-0.203836
0.0330474	-0.170015
0.0311989	-0.162834
0.0298685	-0.181974
0.0262923	-0.153694
0.0275256	-0.155396
0.041965	-0.121681
0.0313571	-0.138815
-0.0076957	-0.114561
0.0145865	-0.133285
0.0149996	-0.142853
0.0159131	-0.14914
0.0137761	-0.160744
-0.0163016	-0.16349
-0.0597314	-0.188262
-0.0575341	-0.175048
-0.0762294	-0.159945
-0.0871786	-0.16121
-0.100961	-0.154405
-0.0963615	-0.143412
-0.0927008	-0.138775
-0.0852521	-0.141518
-0.0629029	-0.174994
-0.0432276	-0.191855
-0.0434834	-0.173524
-0.0321073	-0.160478
-0.0136375	-0.161461
-0.01327	-0.127728
-0.0122599	-0.136408
-0.0158868	-0.141839
0.00616013	-0.139729
0.0138406	-0.156222
0.0308573	-0.177466
0.0273534	-0.172459
0.0290071	-0.181611
0.0274423	-0.171929
0.0263001	-0.162434
0.0489558	-0.191937
0.0454676	-0.176175
0.0412053	-0.137771
0.03292	-0.127659
0.0327163	-0.146155
0.0459761	-0.170601
0.027527	-0.143928
0.0323922	-0.155823
0.0241304	-0.148516
0.0287969	-0.122569
0.0159737	-0.130073
-0.00486706	-0.117109
0.020432	-0.137905
0.0148272	-0.14915
0.0261275	-0.161699
0.0200919	-0.15713
0.0317145	-0.147429
0.0207237	-0.1355
0.0119261	-0.140154
0.00876553	-0.134435
0.0346215	-0.141142
0.0224204	-0.141586
0.0224768	-0.146464
0.0346143	-0.166279
0.0330455	-0.140213
0.0139416	-0.140307
-0.0248806	-0.126231
-0.0440309	-0.133903
-0.0417034	-0.142854
-0.046351	-0.133327
-0.0740678	-0.145582
-0.100788	-0.154997
-0.0846885	-0.146325
-0.0641248	-0.109838
-0.0535131	-0.116484
-0.0629611	-0.130454
-0.0357585	-0.146666
-0.0443328	-0.139407
-0.0147318	-0.139081
-0.00989484	-0.134738
-0.0112991	-0.144844
-0.034836	-0.175769
-0.0213314	-0.176434
-0.0106598	-0.1755
-0.000166793	-0.172015
0.00897276	-0.167657
0.00071178	-0.147044
-0.0108373	-0.152809
0.00913592	-0.160271
0.0203425	-0.166505
0.0111286	-0.188666
0.0221586	-0.19265
-0.0119108	-0.170355
-0.0140114	-0.169031
-0.028488	-0.17083
-0.0261806	-0.164896
-0.0322504	-0.174693
-0.0572887	-0.170274
-0.0424206	-0.158859
-0.0478905	-0.173791
0.0130421	-0.135138
0.0140201	-0.149731
-0.0102094	-0.179205
-0.0131114	-0.191332
-0.00922584	-0.192072
-0.00934136	-0.197275
-0.00716055	-0.182123
-0.0171371	-0.176104
-0.0207389	-0.207889
-0.00888659	-0.189368
-0.00195436	-0.198308
-0.000426575	-0.202969
-0.0145362	-0.187924
-0.0122654	-0.182812
0.00329078	-0.174637
0.00282844	-0.168464
0.00229197	-0.165864
-0.0230306	-0.159829
-0.0287736	-0.177957
-0.0216709	-0.212978
-0.00441062	-0.192938
0.00537602	-0.180189
0.00974583	-0.193171
0.00268821	-0.187427
0.00631683	-0.205003
-0.0131131	-0.178943
0.00117062	-0.19947
0.0314046	-0.210232
0.0382895	-0.204432
0.0222114	-0.193233
0.0197432	-0.184966
0.0156728	-0.174412
0.0132324	-0.162684
0.0110201	-0.1834
0.020856	-0.179018
0.025522	-0.19101
0.0222268	-0.176681
0.0372223	-0.159068
0.0530296	-0.152445
0.049056	-0.148226
0.0417186	-0.137121
0.0415319	-0.150502
0.0369707	-0.186328
0.0364816	-0.168475
0.0595312	-0.184345
0.0111184	-0.186441
0.0113198	-0.175323
-0.0164228	-0.161273
-0.0335348	-0.130343
-0.0685693	-0.145778
-0.102248	-0.154789
-0.0859599	-0.132239
-0.0908341	-0.149131
-0.0613258	-0.149702
-0.0694447	-0.150842
-0.0157484	-0.128658
-0.0368492	-0.122115
-0.0581958	-0.142239
-0.0640373	-0.148409
-0.0434322	-0.131554
-0.0273389	-0.149314
-0.00462039	-0.177525
-0.0147386	-0.154576
0.0106884	-0.147107
0.0227194	-0.172577
0.0250077	-0.166578
0.0197675	-0.129349
0.00534471	-0.171407
0.000226091	-0.185691
0.0158169	-0.183917
0.0332013	-0.188657
0.0310388	-0.176895
0.0243485	-0.185558
0.0285796	-0.184089
0.0251605	-0.177796
0.0377258	-0.160469
0.0327642	-0.165986
0.0216681	-0.152295
0.0277	-0.174357
0.0210715	-0.166026
0.0376231	-0.185379
0.0372639	-0.148888
0.0285569	-0.13682
0.0323318	-0.164269
0.0525001	-0.154876
0.0626719	-0.163746
0.0616054	-0.157788
0.0438272	-0.151027
0.0308532	-0.14493
0.02454	-0.195158
0.0257568	-0.197049
0.0202751	-0.183497
0.0191471	-0.173706
0.02407	-0.160797
0.0227671	-0.160343
0.0116597	-0.17493
0.0180817	-0.166878
0.00461787	-0.146119
0.00798454	-0.146952
0.0184181	-0.126587
0.0331145	-0.148841
0.0340658	-0.132141
0.027182	-0.139703
0.0052021	-0.12572
-0.0018511	-0.123468
-0.0030105	-0.136124
0.0233753	-0.1601
0.0233046	-0.159111
0.0232472	-0.158799
0.0358378	-0.153225
0.0525771	-0.135485
0.0612035	-0.137575
0.0607832	-0.138038
0.0375581	-0.175154
0.0129056	-0.158338
0.0366073	-0.137945
0.0375886	-0.144463
0.056585	-0.142927
0.0596863	-0.121904
0.0474146	-0.138112
0.0383235	-0.144157
0.0401181	-0.146822
0.0417338	-0.15291
0.0355137	-0.124048
0.0254658	-0.138506
0.0473536	-0.176518
0.00888547	-0.205717
0.0129884	-0.183047
0.0238252	-0.163407
0.0247392	-0.144753
0.00971692	-0.138435
0.0123762	-0.155554
0.0113639	-0.16208
0.000640901	-0.135586
-0.00306371	-0.141055
0.000896008	-0.149118
0.0206934	-0.128771
0.0310255	-0.14506
0.0421481	-0.148981
0.0305678	-0.145122
0.0419715	-0.148258
0.0366571	-0.144627
0.0452077	-0.153782
0.0512677	-0.14286
0.0502831	-0.144339
0.051561	-0.144171
0.0408651	-0.158122
0.000697595	-0.116896
-0.0103534	-0.12821
-0.0130861	-0.136559
0.0170141	-0.176655
-0.0175544	-0.141273
-0.00688152	-0.170071
-0.0111422	-0.16794
0.0219198	-0.138854
0.0312644	-0.157971
0.0331268	-0.164671
0.0307805	-0.157653
0.0327523	-0.158367
0.0458446	-0.172349
0.043828	-0.163263
0.0324025	-0.150269
0.0384906	-0.167896
0.03972	-0.160568
0.0215265	-0.177345
0.0335238	-0.160307
0.0309505	-0.160016
0.0270949	-0.166534
0.0319676	-0.129913
0.0661671	-0.146944
0.0663975	-0.146259
0.0777626	-0.111094
0.0661488	-0.118268
0.0917209	-0.126254
0.110339	-0.115026
0.100453	-0.119644
0.067577	-0.109305
0.043504	-0.0810323
0.0586625	-0.120639
0.067732	-0.128408
0.0740374	-0.128001
0.0747901	-0.141251
0.0704982	-0.132209
0.0694997	-0.130069
0.0715087	-0.134977
0.0771052	-0.138503
0.0766104	-0.13659
0.0974859	-0.140726
0.107373	-0.144666
0.095163	-0.152039
0.0841505	-0.141137
0.0950382	-0.143497
0.104312	-0.161094
0.112176	-0.156536
0.0985683	-0.146132
0.10641	-0.145515
0.0868134	-0.13272
0.0746181	-0.146163
0.0640197	-0.142961
0.0722832	-0.143847
0.071592	-0.140853
0.0634677	-0.160427
0.0465573	-0.152327
0.0696419	-0.15305
0.0772205	-0.151612
0.0878817	-0.13941
0.0910778	-0.131808
0.0987868	-0.134899
0.0980297	-0.123063
0.0913811	-0.124717
0.0507828	-0.111966
0.0395746	-0.134799
0.0489481	-0.151742
0.0440142	-0.142713
0.0501385	-0.132744
0.0762709	-0.15645
0.0738239	-0.148814
0.0666115	-0.156092
0.0630956	-0.143301
0.0628017	-0.11871
0.07717	-0.116786
0.0785374	-0.123843
0.0828467	-0.128324
0.0695353	-0.163913
0.0697168	-0.154404
0.0681165	-0.151302
0.0764474	-0.149619
0.0732625	-0.145215
0.0727954	-0.144135
0.0899434	-0.116298
0.0941341	-0.122131
0.0923088	-0.122348
0.0939075	-0.124547
0.101676	-0.137704
0.0987656	-0.137513
0.101706	-0.142753
0.09849	-0.13926
0.0835749	-0.14185
0.0816252	-0.126296
0.0814891	-0.128054
0.0912986	-0.113741
0.0943417	-0.110329
0.102495	-0.122187
0.10272	-0.110461
0.139027	-0.132967
0.131744	-0.121237
0.125684	-0.116205
0.11159	-0.12426
0.10465	-0.122982
0.082836	-0.147986
0.0863354	-0.140849
0.061465	-0.129453
0.0464004	-0.14861
0.0465363	-0.151153
0.0538414	-0.167167
0.0499058	-0.161301
0.0578923	-0.180552
0.0815077	-0.175794
0.0864631	-0.151567
0.0778772	-0.169503
0.0645663	-0.135009
0.0821429	-0.13318
0.0738397	-0.121643
0.07955	-0.129244
0.0845466	-0.104058
0.0837972	-0.122807
0.0886374	-0.124568
0.0736909	-0.143986
0.0510141	-0.141835
0.0513566	-0.164237
0.0403781	-0.130198
0.0452831	-0.133033
0.0439305	-0.129992
0.0435956	-0.141818
0.0238533	-0.124287
0.0149624	-0.141107
-0.0112989	-0.134401
-0.035253	-0.128786
-0.0560972	-0.151521
-0.0683959	-0.132079
-0.0805245	-0.130623
-0.0643971	-0.202689
-0.0645906	-0.189287
-0.0620052	-0.183994
-0.0569625	-0.173422
-0.0662303	-0.177254
-0.0554455	-0.141616
-0.10367	-0.154442
-0.0684825	-0.137743
-0.0708059	-0.187884
-0.0599457	-0.169137
-0.0271022	-0.175915
-0.0119395	-0.184668
-0.0113045	-0.174677
0.0096484	-0.140969
-0.00832462	-0.133179
-0.0112549	-0.124253
-0.0170266	-0.131401
-0.0345847	-0.148736
-0.0373869	-0.156757
-0.0471756	-0.162494
-0.0482557	-0.146827
-0.0557609	-0.170496
-0.0283636	-0.143861
-0.0058324	-0.161343
0.00048076	-0.167408
0.027732	-0.128789
0.0275091	-0.137566
-0.00691939	-0.183517
-0.0101901	-0.174454
-0.0131303	-0.180328
-0.00035412	-0.158164
0.0184604	-0.175884
0.0174696	-0.171141
0.0173202	-0.167383
0.0277769	-0.174996
0.0268867	-0.16606
0.0656516	-0.158062
0.0328797	-0.13967
0.0305813	-0.159903
0.0393032	-0.159182
0.0477589	-0.118218
0.0197714	-0.132629
0.0301457	-0.125822
0.0330273	-0.130386
0.0416584	-0.127609
0.0468574	-0.12182
0.0507595	-0.131844
0.0578731	-0.133794
0.0506231	-0.151115
0.0506092	-0.149879
0.0342547	-0.172736
0.0407159	-0.156303
0.0395816	-0.164376
0.0621222	-0.174744
0.0644959	-0.163732
0.0624644	-0.15796
0.0613654	-0.154185
0.0658179	-0.14435
0.0646887	-0.146548
0.0452859	-0.162188
0.037683	-0.178375
0.0319931	-0.124011
0.035298	-0.123951
0.0453108	-0.143434
0.043688	-0.146509
0.0394775	-0.161773
0.0714287	-0.162373
0.0728896	-0.160999
0.0603811	-0.152655
0.0640478	-0.108913
0.07081	-0.119466
0.0724018	-0.125555
0.0466504	-0.117882
0.0740033	-0.138987
0.0760685	-0.139659
0.0839014	-0.0986861
0.0760735	-0.0962817
0.0785866	-0.0991757
0.0722268	-0.124617
0.077697	-0.0976981
0.0809049	-0.0939455
0.0728199	-0.0764285
0.0908027	-0.0873722
0.100019	-0.0966361
0.0711037	-0.12362
0.0660647	-0.149899
0.0750645	-0.140416
0.0725864	-0.133836
0.0959771	-0.117028
0.0944395	-0.119236
0.104437	-0.11262
0.125729	-0.136981
0.162361	-0.108491
0.150994	-0.100627
0.136551	-0.0799796
0.139427	-0.0758508
0.122672	-0.0722322
0.128848	-0.0756899
0.13246	-0.0777388
0.135051	-0.0778248
0.144553	-0.0725062
0.176743	-0.086741
0.163021	-0.0784566
0.143957	-0.084484
0.133628	-0.0895321
0.130678	-0.0908743
0.123905	-0.0964599
0.111466	-0.121936
0.121671	-0.106069
0.129884	-0.107273
0.13172	-0.106787
0.134868	-0.110948
0.121159	-0.110553
0.119791	-0.132334
0.114292	-0.125952
0.091745	-0.129551
0.0852275	-0.126757
0.120554	-0.106264
0.116293	-0.112322
0.118349	-0.109256
0.149351	-0.119652
0.131801	-0.113004
0.136705	-0.134655
0.114553	-0.109864
0.113348	-0.109122
0.14935	-0.0911009
0.141343	-0.100855
0.139655	-0.0729261
0.152938	-0.0208922
0.146831	0.00678165
0.142796	0.0231821
0.161278	0.0456002
0.156147	0.070239
0.168223	0.0603396
0.126418	0.0402288
0.157081	0.0554886
0.132066	0.0715785
0.156666	0.0916884
0.148615	0.0863643
0.167232	0.0708243
0.144848	0.0615386
0.14523	0.062143
0.145417	0.0623021
0.146739	0.0710874
0.136543	0.0566161
0.146652	0.0656732
0.124286	0.0807646
0.133045	0.0800367
0.130923	0.0859252
0.138385	0.0896121
0.137506	0.0885992
0.129183	0.104524
0.111137	0.114419
0.0973858	0.137216
0.0911228	0.130078
0.0935086	0.130998
0.0682998	0.14035
0.0610498	0.136102
0.0577895	0.136419
0.0375852	0.127547
0.0476457	0.139334
0.04982	0.144888
0.0348831	0.111955
0.0391903	0.120558
0.0298806	0.128897
0.0452196	0.144749
0.0363227	0.153497
0.0244787	0.181776
0.0564757	0.168855
0.0517975	0.16518
0.0355364	0.166361
