0.128249	0.0819863
0.127621	0.078853
0.126236	0.0486823
0.134095	0.0518244
0.112628	-0.0191962
0.134753	-0.0177845
0.142833	-0.020162
0.170781	-0.00683481
0.180497	-0.00307864
0.164911	-0.00930669
0.156718	-0.00813242
0.163069	0.000481738
0.181156	-0.0107216
0.199583	-0.00881688
0.17816	-0.0206134
0.180244	-0.0375574
0.170703	-0.036461
0.18275	-0.0421384
0.176268	-0.0587445
0.15271	-0.0461349
0.154368	-0.0433448
0.176365	-0.062446
0.166861	-0.066821
0.14691	-0.0709915
0.144554	-0.0621299
0.151859	-0.0951692
0.160856	-0.0913091
0.152185	-0.0914334
0.159268	-0.0836961
0.155873	-0.080236
0.150337	-0.0852103
0.139504	-0.102326
0.143957	-0.0866832
0.138718	-0.0970761
0.136144	-0.0952356
0.144815	-0.083255
0.145747	-0.0916786
0.139016	-0.100045
0.136862	-0.0934992
0.136884	-0.0917704
0.15594	-0.0961302
0.143286	-0.116413
0.145462	-0.109887
0.152537	-0.0885177
0.15133	-0.0874607
0.146869	-0.0849233
0.107152	-0.0947844
0.100484	-0.0972841
0.0852882	-0.104565
0.0615043	-0.12029
0.0610098	-0.126041
0.0548241	-0.132179
0.0932771	-0.151737
0.0902037	-0.146211
0.0874443	-0.136888
0.0901011	-0.140465
0.0703098	-0.105109
0.0781737	-0.118492
0.0964941	-0.143894
0.0897374	-0.134533
0.0859883	-0.160312
0.0815042	-0.150018
0.073584	-0.150734
0.0714542	-0.147325
0.0762154	-0.143803
0.0726721	-0.147635
0.0702729	-0.162998
0.0642348	-0.154331
0.0637979	-0.155213
0.0654776	-0.151313
0.0667525	-0.133623
0.0575045	-0.141153
0.0169113	-0.150726
-0.023782	-0.156285
-0.0573892	-0.166794
-0.0527429	-0.162589
-0.0932288	-0.138207
-0.106624	-0.125617
-0.112812	-0.0999293
-0.134767	-0.047816
-0.135721	-0.0341545
-0.139323	-0.0148664
-0.146732	-0.00595087
-0.148463	0.0090662
-0.135004	0.0173284
-0.149489	0.0321055
-0.171172	0.0549077
-0.156504	0.0303795
-0.143406	0.0353511
-0.105913	0.0638403
-0.113829	0.0679251
-0.126708	0.0814191
-0.120348	0.0671256
-0.130167	0.0769925
-0.133702	0.0865744
-0.146904	0.105061
-0.132942	0.110278
-0.1598	0.120558
-0.136741	0.115367
-0.14106	0.0997324
-0.126873	0.107771
-0.127123	0.113704
-0.108014	0.123936
-0.10317	0.124338
-0.112077	0.116935
-0.126184	0.119125
-0.144605	0.0886638
-0.136534	0.0969586
-0.123583	0.100032
-0.115254	0.109933
-0.0808371	0.113806
-0.0839505	0.105406
-0.0865698	0.136916
-0.123846	0.138272
-0.102412	0.15069
-0.0955596	0.154192
-0.0984754	0.135342
-0.076488	0.127167
-0.0813692	0.125152
-0.0821374	0.113494
-0.0978225	0.1046
-0.0934438	0.0874741
-0.140736	0.0910153
-0.124873	0.0841869
-0.129069	0.0838721
-0.136309	0.0836307
-0.101065	0.0959477
-0.142909	0.112304
-0.141675	0.0954145
-0.143352	0.0965845
-0.144188	0.0791779
-0.104657	0.064811
-0.115159	0.0921554
-0.135343	0.0938919
-0.138623	0.0945487
-0.118872	0.107785
-0.122016	0.11166
-0.126202	0.112603
-0.125931	0.108053
-0.117327	0.114086
-0.123614	0.0948741
-0.132059	0.112174
-0.111696	0.127247
-0.115864	0.106294
-0.107334	0.0900245
-0.0929065	0.0914214
-0.0824834	0.0881746
-0.09851	0.106703
-0.0971793	0.0943215
-0.0836046	0.0867054
-0.086412	0.0861207
-0.103101	0.0716422
-0.103975	0.0737023
-0.112249	0.0687946
-0.129373	0.0502611
-0.137834	0.0615267
-0.139783	0.0502482
-0.174635	0.00576067
-0.170628	-0.000417746
-0.154057	0.000952764
-0.138345	0.0241109
-0.15158	0.0150458
-0.153267	0.00954238
-0.154927	0.0209321
-0.157467	0.00973015
-0.162509	0.0187509
-0.152649	-0.00848036
-0.144238	-0.00931214
-0.154518	-0.0336707
-0.150768	-0.0329096
-0.144415	-0.0342717
-0.14178	-0.0427113
-0.152922	-0.0506266
-0.158731	-0.0543205
-0.14499	-0.0339907
-0.134522	-0.0233989
-0.131176	-0.00624871
-0.186734	-0.0375326
-0.167652	-0.019479
-0.164824	-0.0204015
-0.182903	-0.0232883
-0.170608	-0.030955
-0.154635	-0.0272642
-0.179067	-0.0198077
-0.196695	-0.0498471
-0.15398	-0.00957925
-0.15389	-0.024331
-0.142309	-0.0107304
-0.142742	-0.000115689
-0.126355	-0.0329482
-0.161946	0.0165173
-0.160759	0.00832537
-0.16215	-0.0107914
-0.153127	-0.00333989
-0.15928	0.00910055
-0.160259	0.00780467
-0.145242	-0.00636023
-0.160656	-0.00918384
-0.165052	0.00475525
-0.152688	0.0110652
-0.175611	0.0215714
-0.17443	0.0118199
-0.198107	-0.00495326
-0.190346	-0.0149386
-0.179992	-0.0274286
-0.172577	0.00849782
-0.166088	0.0262045
-0.180685	0.0527629
-0.180425	0.0239032
-0.174643	0.0143699
-0.166197	0.0399222
-0.166395	0.0390244
-0.173691	0.0405979
-0.168133	0.0318669
-0.20767	0.0525692
-0.213898	0.00989106
-0.203506	0.0263899
-0.164926	0.0545623
-0.1607	0.0572764
-0.143995	0.0386155
-0.139162	0.0266877
-0.157499	0.00207107
-0.168158	0.0105769
-0.155923	0.0120491
-0.166062	0.00594015
-0.142193	0.032627
-0.159897	0.0483301
-0.147261	0.0333121
-0.108066	0.0255958
-0.126573	0.011487
-0.137571	0.00142445
-0.147984	-0.00194436
-0.144636	-0.032142
-0.143508	-0.0346118
-0.141025	-0.0445976
-0.155826	-0.0320558
-0.161612	-0.0399549
-0.15974	-0.0528594
-0.157211	-0.0689476
-0.152797	-0.0675957
-0.14943	-0.0593344
-0.160228	-0.0626735
-0.16007	-0.0766467
-0.120422	-0.0572375
-0.129091	-0.0548973
-0.141381	-0.0452351
-0.135996	-0.0331723
-0.153302	-0.0207275
-0.150214	-0.0213119
-0.174503	-0.0251871
-0.170901	-0.00890776
-0.162627	-0.0111947
-0.167076	-0.019085
-0.178371	-0.0397229
-0.170187	-0.0365868
-0.165852	-0.0097635
-0.161337	-0.0104804
-0.170427	-0.0115478
-0.195682	0.00416424
-0.165637	-0.0110438
-0.159748	-0.0402256
-0.156678	-0.0459489
-0.162746	-0.0374536
-0.1533	-0.01072
-0.108599	-0.00335388
-0.131951	-0.00965055
-0.154702	0.0012844
-0.150454	-0.00143421
-0.150227	0.00536837
-0.149894	0.0218212
-0.167277	-3.13103e-06
-0.177109	-0.00485582
-0.14868	-0.0033053
-0.151131	0.00518365
-0.164585	-0.00500163
-0.136455	-0.0357833
-0.137087	-0.0424451
-0.147263	-0.0300872
-0.158058	-0.0148664
-0.170793	-0.0117507
-0.163533	-0.000508496
-0.171589	-0.0183136
-0.169934	0.00239354
-0.165496	0.00820962
-0.203505	0.0405726
-0.215199	0.0301349
-0.190597	0.0304337
-0.187543	0.0628501
-0.172679	0.0595551
-0.171358	0.0576689
-0.168735	0.0625113
-0.163112	0.06173
-0.159389	0.0577925
-0.15587	0.065585
-0.132516	0.0595485
-0.138136	0.055902
-0.145127	0.0511937
-0.170564	0.0561684
-0.158068	0.0654034
-0.163829	0.00764594
-0.167033	0.0200005
-0.158076	0.0312505
-0.163959	0.0230052
-0.190685	0.033502
-0.182261	0.0370668
-0.164815	0.0249631
-0.162158	0.00449756
-0.155882	-0.0065655
-0.13608	-0.00545674
-0.207452	0.0253503
-0.168493	0.0653552
-0.157875	0.0280128
-0.168209	0.0202224
-0.165845	0.01546
-0.163171	0.0203451
-0.157935	0.0247195
-0.156716	0.0268748
-0.149237	-0.0199862
-0.16172	0.0216429
-0.16226	0.0129383
-0.17696	0.0249527
-0.153874	0.0461017
-0.148257	0.051372
-0.166853	0.0635467
-0.182412	0.0508077
-0.191394	0.0467876
-0.199676	0.0550033
-0.193285	0.0732507
-0.172117	0.071183
-0.158007	0.0642367
-0.143782	0.0839348
-0.120321	0.0792125
-0.129757	0.0737214
-0.138199	0.0670497
-0.142904	0.0619569
-0.149039	0.0934372
-0.149828	0.0552356
-0.163267	0.045936
-0.147096	0.0449175
-0.149932	0.0404546
-0.149177	0.0417068
-0.152	0.0359785
-0.127664	0.0210232
-0.13858	0.0167761
-0.13639	-0.000303755
-0.129505	-0.00708629
-0.0976435	0.0267501
-0.131408	0.044106
-0.136695	0.0371082
-0.152445	0.0336578
-0.177522	0.0403319
-0.171834	0.0247523
-0.172102	0.0104611
-0.166621	0.00695469
-0.159408	0.031012
-0.180327	0.0504298
-0.180995	0.0256939
-0.165804	0.0108513
-0.171912	-0.00263464
-0.178639	-0.0459272
-0.183278	-0.0142677
-0.19766	-0.0281858
-0.162964	0.00592421
-0.171393	0.00411367
-0.180483	-0.0207363
-0.202821	-0.0364034
-0.180496	-0.0133112
-0.155924	-0.00357283
-0.152958	0.00367567
-0.167546	-0.0150263
-0.173312	-0.00052102
-0.164242	0.0187712
-0.130316	0.0266838
-0.142951	0.0342946
-0.145731	0.0435107
-0.158603	0.00542737
-0.146976	0.0220887
-0.148036	0.0304523
-0.191836	0.0269145
-0.174341	0.0415568
-0.18412	0.0456681
-0.162597	0.0406106
-0.156767	0.054809
-0.151146	0.062951
-0.159479	0.0734738
-0.165989	0.0698436
-0.153646	0.0649652
-0.151559	0.054456
-0.155739	0.0585791
-0.144393	0.0488009
-0.130184	0.0536535
-0.154499	0.0504583
-0.155461	0.0402486
-0.151033	0.0458679
-0.163531	0.0208337
-0.151704	0.00452478
-0.158234	-0.00986922
-0.1735	-0.0144328
-0.159859	-0.0323278
-0.136951	-0.0347121
-0.100284	-0.0632262
-0.0750075	-0.0856813
-0.0758504	-0.0948505
-0.106908	-0.130954
-0.132012	-0.0935345
-0.109467	-0.104445
-0.134725	-0.0722995
-0.142647	-0.0750431
-0.149255	-0.0968036
-0.138248	-0.0923087
-0.113082	-0.0850962
-0.124224	-0.0995695
-0.128668	-0.0893733
-0.10367	-0.0817971
-0.120559	-0.0799744
-0.121851	-0.043929
-0.134277	-0.0498807
-0.147022	-0.0567844
-0.13559	-0.0611332
-0.135419	-0.0676518
-0.138725	-0.0767431
-0.125252	-0.112032
-0.126659	-0.10883
-0.131773	-0.0864634
-0.138449	-0.115809
-0.141309	-0.0969614
-0.147121	-0.0780721
-0.136942	-0.0744386
-0.12594	-0.0440981
-0.132854	-0.0512055
-0.113014	-0.0642474
-0.13401	-0.06705
-0.161984	-0.0485471
-0.17062	-0.0354467
-0.127166	-0.0637312
-0.139907	-0.0694254
-0.14705	-0.0688249
-0.155636	-0.0719264
-0.135407	-0.0929676
-0.139155	-0.0810035
-0.141229	-0.0829822
-0.170937	-0.0729162
-0.164611	-0.0603966
-0.142684	-0.0601776
-0.150509	-0.0398924
-0.149119	-0.0240687
-0.145863	-0.022252
-0.149528	-0.0155696
-0.154519	-0.0319812
-0.157515	0.00306027
-0.150915	0.0135625
-0.191886	0.0045717
-0.171984	0.00952762
-0.173202	0.00446073
-0.169799	0.00222958
-0.180749	0.00640652
-0.197587	0.00180853
-0.187267	0.00351002
-0.170297	0.0290071
-0.178927	0.0565064
-0.161429	0.0339271
-0.159409	0.0227337
-0.113122	0.00467472
-0.135584	0.015802
-0.127891	0.0200131
-0.128088	0.016302
-0.137207	0.0278483
-0.146421	0.0222071
-0.149808	0.0105593
-0.151632	-0.00644081
-0.144526	0.00994787
-0.123193	0.0234029
-0.157779	0.00980622
-0.153618	0.0287221
-0.132899	0.0159728
-0.142178	0.0231075
-0.165346	0.0220784
-0.14006	0.0197952
-0.128916	-0.00307972
-0.136354	0.00907597
-0.145535	0.0237878
-0.150365	0.0373613
-0.146465	0.0522792
-0.122705	0.0430201
-0.130874	0.0531087
-0.114168	0.0455297
-0.125991	0.0560191
-0.132477	0.0620342
-0.145325	0.067683
-0.151851	0.0774154
-0.145295	0.101784
-0.18284	0.0718001
-0.166199	0.0736927
-0.149953	0.0680848
-0.165139	0.0586725
-0.177465	0.100797
-0.159125	0.0988757
-0.142838	0.0963793
-0.133674	0.100486
-0.10909	0.131676
-0.11464	0.131685
-0.102641	0.121236
-0.130984	0.0962233
-0.144163	0.095773
-0.137246	0.0866762
-0.125635	0.11299
-0.100341	0.10419
-0.0922813	0.0958476
-0.114996	0.0950816
-0.122552	0.0932881
-0.142299	0.0908312
-0.0912599	0.102221
-0.110547	0.12633
-0.105746	0.0723662
-0.103082	0.0724251
-0.101235	0.0628675
-0.0705971	0.0802381
-0.0978303	0.0813016
-0.115683	0.0778204
-0.134675	0.0754167
-0.152432	0.0752347
-0.147867	0.0659696
-0.127312	0.0458822
-0.130625	0.0381849
-0.14175	0.0434069
-0.150766	0.0344
-0.139101	0.0412569
-0.138388	0.0414165
-0.14433	0.0382454
-0.13545	0.0213347
-0.151885	0.037319
-0.151065	0.0459799
-0.142516	0.0594475
-0.152588	0.0514028
-0.137089	0.012786
-0.14351	0.0253772
-0.133136	0.0492359
-0.147173	0.0789364
-0.14877	0.0835472
-0.142127	0.0700198
-0.140922	0.0759801
-0.143433	0.0728104
-0.114369	0.062456
-0.11938	0.0668474
-0.122371	0.0798344
-0.140089	0.0861064
-0.161277	0.0922438
-0.154098	0.0875213
-0.163272	0.100592
-0.152363	0.113439
-0.15325	0.104679
-0.14835	0.0905884
-0.146015	0.0839644
-0.146613	0.0822572
-0.109956	0.0913697
-0.135984	0.1114
-0.117949	0.116852
-0.125097	0.0990191
-0.134482	0.0895255
-0.140514	0.103581
-0.12856	0.0780114
-0.143259	0.0749628
-0.125827	0.0726998
-0.135118	0.0640951
-0.139559	0.0563966
-0.142104	0.0525578
-0.149313	0.0529442
-0.115969	0.0240021
-0.112163	0.0203172
-0.132315	0.0248264
-0.135766	0.0379312
-0.135457	0.022291
-0.148534	0.041955
-0.156751	0.0500239
-0.157208	0.0439161
-0.150369	0.0575639
-0.152553	0.0736685
-0.142396	0.0739403
-0.133203	0.103644
-0.151679	0.119256
-0.108632	0.0702148
-0.108619	0.0914034
-0.102285	0.0944768
-0.12022	0.0957348
-0.115614	0.102237
-0.113352	0.111217
-0.106164	0.129268
-0.0905178	0.117307
-0.0746934	0.115548
-0.0764634	0.127645
-0.0451142	0.143072
-0.0355307	0.168499
-0.0512713	0.159646
-0.0588279	0.147014
-0.0528027	0.128769
-0.0683999	0.132883
-0.082429	0.129413
-0.121703	0.133796
-0.109072	0.13424
-0.113415	0.11863
-0.0855688	0.119366
-0.0916599	0.114387
-0.100725	0.1282
-0.0990265	0.126461
-0.0908685	0.122618
-0.0880411	0.112374
-0.0735096	0.127399
-0.105717	0.130243
-0.106342	0.148147
-0.109192	0.131863
-0.0961259	0.132836
-0.0999907	0.127866
-0.098815	0.106286
-0.0937828	0.119077
-0.0832799	0.117601
-0.0856756	0.120529
-0.0752145	0.123625
-0.0551009	0.127121
-0.0713478	0.0959803
-0.081647	0.103371
-0.112981	0.0888004
-0.120876	0.0900903
-0.112022	0.101711
-0.128091	0.126232
-0.154663	0.111068
-0.121267	0.0995282
-0.115761	0.102625
-0.116538	0.101648
-0.120335	0.101886
-0.0998586	0.106727
-0.111267	0.0990152
-0.0975924	0.0910561
-0.119678	0.0976313
-0.101298	0.125807
-0.0938473	0.143075
-0.0918722	0.157525
-0.0758194	0.124339
-0.0976069	0.113933
-0.113633	0.0985009
-0.128459	0.0836544
-0.136278	0.0769627
-0.133571	0.0881703
-0.119682	0.0610081
-0.132609	0.0599091
-0.153076	0.0629998
-0.146105	0.0690989
-0.157131	0.0766293
-0.154887	0.0605635
-0.143823	0.0367591
-0.133809	0.0438743
-0.144039	0.0493979
-0.145052	0.0491663
-0.136584	0.0434476
-0.13196	0.0392363
-0.1373	0.0311663
-0.13075	0.0652758
-0.13606	0.0625104
-0.141862	0.0545375
-0.147721	0.0829132
-0.173407	0.0799639
-0.169337	0.0744642
-0.182545	0.0714304
-0.17141	0.0316603
-0.156063	0.0196284
-0.165387	0.0318253
-0.161393	0.0265868
-0.140252	0.0659478
-0.134698	0.0637075
-0.146018	0.0474347
-0.158472	0.0348832
-0.160138	0.0190012
-0.161664	0.0110707
-0.163191	0.00363937
-0.154215	-0.00975804
-0.156786	-0.0206207
-0.175235	-0.0296956
-0.171757	-0.0319322
-0.131122	-0.00602989
-0.14818	-0.0100414
-0.152983	-0.0140487
-0.136003	-0.0199038
-0.155456	-0.0358826
-0.143216	-0.0358683
-0.150149	-0.0365013
-0.151461	-0.0235441
-0.107966	-0.0404989
-0.126044	-0.041879
-0.142798	-0.046352
-0.151893	-0.0461911
-0.152326	-0.0147842
-0.153192	-0.0563114
-0.15314	-0.058437
-0.1511	-0.0726526
-0.157342	-0.0792464
-0.148415	-0.0767631
-0.170978	-0.0683622
-0.149539	-0.0748347
-0.121425	-0.0823709
-0.118747	-0.0909531
-0.122323	-0.107264
-0.119632	-0.107954
-0.132324	-0.108888
-0.116826	-0.120047
-0.1136	-0.122
-0.122055	-0.116836
-0.127605	-0.128524
-0.128599	-0.137935
-0.122582	-0.124838
-0.121362	-0.107591
-0.119954	-0.104126
-0.120029	-0.106419
-0.133154	-0.134246
-0.136286	-0.120047
-0.136177	-0.125424
-0.132828	-0.117436
-0.135447	-0.144272
-0.144172	-0.148696
-0.137723	-0.125805
-0.140886	-0.0733872
-0.160603	-0.0701893
-0.138883	-0.0998784
-0.151109	-0.0792195
-0.160485	-0.0755636
-0.152567	-0.0721276
-0.137936	-0.0602622
-0.177896	-0.0630866
-0.168628	-0.0524118
-0.153138	-0.0600774
-0.172218	-0.043849
-0.158558	-0.0208471
-0.167261	-0.0398792
-0.154322	-0.0280823
-0.156547	-0.0163496
-0.153684	0.0316515
-0.180126	0.0362829
-0.16141	0.0240658
-0.166722	0.0414304
-0.164403	0.0395448
-0.161048	0.0401879
-0.187097	0.0076476
-0.180954	0.0250804
-0.171953	0.0391494
-0.154317	0.0537675
-0.142631	0.0677063
-0.134226	0.0786312
-0.131308	0.0842597
-0.137476	0.082575
-0.12768	0.0944932
-0.0935676	0.077902
-0.075556	0.102437
-0.067336	0.119973
-0.0556381	0.125728
-0.0862859	0.130533
-0.0685605	0.139459
-0.0704834	0.129998
-0.0827566	0.14722
-0.0904175	0.144095
-0.0928456	0.130897
-0.09772	0.162077
-0.0983	0.156528
-0.0971601	0.140102
-0.0940339	0.123748
-0.106908	0.136621
-0.0982543	0.130972
-0.0930611	0.136619
-0.0934339	0.140595
-0.0971379	0.109893
-0.119816	0.132011
-0.110069	0.135785
-0.0987219	0.13617
-0.0678314	0.126418
-0.0544861	0.138642
-0.0633874	0.117453
-0.0678616	0.128229
-0.0507312	0.142125
-0.0588772	0.14553
-0.0540582	0.106394
-0.0462455	0.106383
-0.0567023	0.124415
-0.0485015	0.134545
-0.0514862	0.13906
-0.079195	0.138318
-0.0765862	0.136361
-0.0718138	0.132703
-0.0783849	0.124016
-0.0671549	0.13103
-0.0695364	0.134172
-0.0671859	0.137486
-0.0853039	0.158412
-0.0797207	0.15389
-0.0701965	0.144016
-0.0588244	0.133663
-0.109194	0.122402
-0.0888709	0.117075
-0.0809025	0.126211
-0.0999473	0.135422
-0.104079	0.14521
-0.0912624	0.136995
-0.102786	0.157856
-0.114857	0.162736
-0.143777	0.17424
-0.135775	0.147299
-0.1321	0.141009
-0.125099	0.123021
-0.119481	0.109208
-0.126159	0.0977739
-0.14177	0.0940929
-0.153497	0.0628439
-0.154798	0.0549324
-0.154913	0.0463269
-0.155378	0.035557
-0.159641	0.0255317
-0.130801	0.0166568
-0.131583	0.00211855
-0.142444	-0.00300737
-0.130905	0.0208206
-0.123994	0.0155039
-0.143664	0.0110654
-0.148898	0.00272471
-0.118916	-0.00849138
-0.139314	-0.0179101
-0.148598	-0.0220202
-0.185648	-0.0386514
-0.162647	-0.0311586
-0.161456	-0.0704157
-0.147746	-0.0592088
-0.159293	-0.0540923
-0.154311	-0.050529
-0.16271	-0.0381196
-0.180025	-0.00828109
-0.169318	-0.0151143
-0.166219	-0.0181783
-0.146488	-0.0125467
-0.169471	-0.0142137
-0.162863	-0.0163785
-0.124866	-0.0128037
-0.146168	-0.0312025
-0.153047	-0.040267
-0.115452	-0.0380842
-0.135666	-0.0599934
-0.14533	-0.0471491
-0.149397	-0.037576
-0.16992	-0.0173042
-0.149034	-0.0080084
-0.156245	-0.0165239
-0.156416	-0.00855288
-0.163579	-0.00808238
-0.159777	-0.00799241
-0.15693	-0.00445312
-0.159589	-0.00103748
-0.206286	0.0425403
-0.177019	0.0371682
-0.1692	0.0183572
-0.182775	0.00552597
-0.177859	-0.0210408
-0.171636	-0.0179654
-0.177469	-0.0279244
-0.149015	-0.0166748
-0.18644	-0.0133033
-0.175921	-0.0180291
-0.201138	-0.0210836
-0.197962	-0.0470243
-0.165937	-0.0320986
-0.149736	-0.00433155
-0.179776	-0.00593236
-0.169236	-0.0167242
-0.14282	-0.0504475
-0.140613	-0.0535001
-0.139523	-0.0561982
-0.136341	-0.0660438
-0.144103	-0.0708325
-0.122008	-0.0966785
-0.103967	-0.0594309
-0.114739	-0.0543314
-0.124485	-0.0757689
-0.153897	-0.104313
-0.14354	-0.0856342
-0.107894	-0.0903287
-0.119701	-0.0854809
-0.109297	-0.0617085
-0.111789	-0.064392
-0.133733	-0.110037
-0.133615	-0.0939067
-0.141104	-0.0874798
-0.150107	-0.0628186
-0.174514	-0.0971966
-0.14635	-0.0782165
-0.144999	-0.0711026
-0.139121	-0.0808258
-0.13389	-0.0886786
-0.127217	-0.0966542
-0.140508	-0.0643978
-0.146997	-0.0691272
-0.153175	-0.0481864
-0.147537	-0.0739964
-0.157486	-0.0884727
-0.130123	-0.109904
-0.101313	-0.104803
-0.107775	-0.110857
-0.126301	-0.124401
-0.121049	-0.1206
-0.129445	-0.10859
-0.130092	-0.111556
-0.123543	-0.108305
-0.125932	-0.119095
-0.128301	-0.107286
-0.138238	-0.0950963
-0.126079	-0.0903092
-0.131692	-0.0919528
-0.151081	-0.095349
-0.136453	-0.0937685
-0.122841	-0.0832798
-0.128141	-0.101609
-0.134142	-0.0936124
-0.161813	-0.100966
-0.169261	-0.107055
-0.13571	-0.0950856
-0.153251	-0.0639607
-0.153242	-0.0761335
-0.159333	-0.0748436
-0.14951	-0.0901095
-0.1375	-0.102551
-0.121218	-0.116615
-0.126877	-0.129234
-0.131096	-0.139563
-0.130044	-0.126182
-0.118154	-0.121308
-0.10785	-0.122714
-0.142741	-0.0821299
-0.142677	-0.0718099
-0.143124	-0.0730507
-0.173331	-0.108934
-0.162062	-0.0964457
-0.154099	-0.0916681
-0.134215	-0.073182
-0.117216	-0.08313
-0.133992	-0.0770513
-0.147226	-0.0650611
-0.139614	-0.0580153
-0.142981	-0.058688
-0.144537	-0.0640527
-0.145799	-0.0654582
-0.134578	-0.0736559
-0.174906	-0.064398
-0.175733	-0.0519633
-0.171918	-0.055087
-0.156963	-0.0376096
-0.184711	-0.022498
-0.169034	-0.0403426
-0.180487	-0.0265013
-0.164995	-0.0489059
-0.146272	-0.0675552
-0.133065	-0.0824591
-0.115282	-0.125087
-0.153816	-0.150907
-0.124054	-0.131908
-0.138515	-0.117779
-0.129515	-0.0991153
-0.120885	-0.102579
-0.114657	-0.104572
-0.11498	-0.0871362
-0.104831	-0.113128
-0.107711	-0.120973
-0.101344	-0.133721
-0.0784069	-0.121925
-0.0929677	-0.121082
-0.0969764	-0.121946
-0.0869564	-0.134946
-0.0720042	-0.145529
-0.0852704	-0.11908
-0.124965	-0.140406
-0.118353	-0.128197
-0.111557	-0.126941
-0.0874786	-0.13512
-0.0882552	-0.167049
-0.0742115	-0.172246
-0.0828975	-0.142261
-0.0766669	-0.1206
-0.0881692	-0.119123
-0.0743106	-0.125904
-0.0603079	-0.139398
-0.0952103	-0.151876
-0.0789584	-0.142091
-0.0652866	-0.142081
-0.072161	-0.137524
-0.0646801	-0.139375
-0.0543838	-0.134732
-0.0361073	-0.164922
-0.0263615	-0.160789
-0.00553729	-0.149271
-0.00595582	-0.155106
0.022693	-0.151548
0.0119267	-0.151485
0.0129046	-0.154174
0.0141155	-0.157043
0.0146972	-0.152559
0.01485	-0.151791
0.0097252	-0.14081
0.0361166	-0.161082
0.0241064	-0.163142
