0.0998657	-0.109994
0.10167	-0.151912
0.14699	-0.156463
0.142202	-0.14411
0.140275	-0.128951
0.160636	-0.134785
0.147826	-0.116577
0.153591	-0.102083
0.15473	-0.11113
0.150499	-0.107945
0.131368	-0.122689
0.151471	-0.121454
0.191782	-0.125622
0.162132	-0.0931026
0.145376	-0.0692885
0.131588	-0.104085
0.128254	-0.105477
0.122495	-0.103581
0.122282	-0.107899
0.118681	-0.104378
0.113495	-0.100661
0.124244	-0.104591
0.122268	-0.128543
0.141709	-0.113972
0.130717	-0.128027
0.123157	-0.12429
0.138011	-0.124889
0.0920932	-0.115232
0.0893773	-0.123992
0.0915352	-0.140694
0.0910018	-0.140553
0.0865605	-0.137314
0.0696227	-0.110666
0.0838931	-0.0867806
0.0754749	-0.0845239
0.0870674	-0.105267
0.0919522	-0.114324
0.0929694	-0.115914
0.0844218	-0.095041
0.0775388	-0.0977336
0.0624947	-0.146931
0.0696978	-0.142359
0.0724659	-0.136331
0.0747416	-0.138376
0.0642774	-0.140806
0.0515037	-0.139586
0.102975	-0.114933
0.10946	-0.116992
0.0914	-0.103789
0.0980551	-0.113149
0.104854	-0.122097
0.116346	-0.12015
0.118044	-0.122169
0.115031	-0.110043
0.11595	-0.107763
0.116789	-0.105995
0.120364	-0.114126
0.141801	-0.132272
0.143288	-0.124096
0.137205	-0.11865
0.113655	-0.103023
0.128843	-0.0999323
0.155543	-0.118886
0.144273	-0.13211
0.130868	-0.137135
0.138055	-0.143519
0.148006	-0.119045
0.169662	-0.103405
0.138663	-0.134227
0.107061	-0.0969829
0.118385	-0.106931
0.11778	-0.106111
0.123079	-0.0888896
0.136345	-0.0750024
0.108604	-0.0825749
0.125231	-0.0868204
0.13373	-0.0826668
0.121838	-0.085338
0.119849	-0.0941009
0.130635	-0.104285
0.113116	-0.0912474
0.114666	-0.0908669
0.116245	-0.0940353
0.146456	-0.105057
0.151041	-0.0869823
0.14393	-0.0664924
0.139299	-0.0677794
0.125224	-0.0572805
0.137879	-0.0552539
0.150405	-0.0315117
0.162029	-0.0407733
0.1607	-0.0382872
0.15779	-0.04202
0.167904	-0.0578283
0.159686	-0.0571978
0.148358	-0.0707905
0.147294	-0.0642992
0.136052	-0.0518139
0.130351	-0.0668328
0.111829	-0.0842919
0.119006	-0.0801236
0.132164	-0.0933215
0.119053	-0.11578
0.0918606	-0.100485
0.128679	-0.104171
0.133451	-0.0806834
0.150762	-0.0953413
0.140606	-0.0915913
0.156637	-0.04638
0.153549	-0.0454863
0.139918	-0.024646
0.161755	-0.0470801
0.158062	-0.0554229
0.187231	-0.0570895
0.163962	-0.04197
0.162776	-0.0375935
0.16892	-0.0400161
0.163122	-0.0398022
0.181038	-0.0561563
0.172395	-0.0489273
0.165322	-0.0606981
0.156333	-0.0518497
0.154386	-0.0511918
0.181862	-0.0120644
0.199388	-0.0064874
0.191648	-0.0128637
0.176835	-0.0127165
0.157159	-0.0116565
0.156439	-0.00202462
0.179563	-0.0191792
0.168477	-0.013139
0.160686	-0.00424966
0.161851	-0.00808129
0.162492	-0.0278535
0.168067	-0.030038
0.162189	-0.0206373
0.163325	-0.016058
0.157203	-0.0173229
0.168116	0.00385385
0.191582	0.00632032
0.196155	-0.017106
0.190896	-0.0113647
0.179024	-0.00923122
0.183041	-0.00602101
0.190239	0.00141834
0.164918	0.0130575
0.177994	-0.00634496
0.17559	-0.00482517
0.161791	-0.0204603
0.16583	-0.0359415
0.178576	-0.0184668
0.208007	-0.0323712
0.203026	-0.0343509
0.178557	-0.0473363
0.180811	-0.0587558
0.162462	-0.0456514
0.172151	-0.0403164
0.167778	-0.0426001
0.171941	-0.042785
0.178936	-0.0439545
0.171874	-0.0488425
0.147841	-0.0934118
0.158696	-0.0966545
0.143031	-0.0928541
0.143601	-0.0999286
0.134975	-0.100337
0.132893	-0.0963896
0.137612	-0.102328
0.13983	-0.0974087
0.139443	-0.0938957
0.134626	-0.0925995
0.138499	-0.0891822
0.10969	-0.0906717
0.104969	-0.110227
0.101957	-0.105344
0.127357	-0.0858874
0.122815	-0.0734744
0.121816	-0.0696824
0.1375	-0.0838786
0.137721	-0.0842006
0.128755	-0.0911608
0.140231	-0.106572
0.159332	-0.0849497
0.124624	-0.0869386
0.130706	-0.0904347
0.133238	-0.0889241
0.135237	-0.0905773
0.141952	-0.0808969
0.133914	-0.0729515
0.133268	-0.101656
0.134092	-0.0967222
0.14265	-0.0883012
0.154888	-0.0781557
0.176972	-0.0763189
0.159443	-0.0706345
0.154973	-0.0535312
0.152937	-0.0483524
0.157209	-0.052411
0.160734	-0.0322734
0.171187	-0.048343
0.166668	-0.0496747
0.160309	-0.0506039
0.140811	-0.0643542
0.161795	-0.0433969
0.148973	-0.0418777
0.151092	-0.0425307
0.151312	-0.0450728
0.165755	-0.0439269
0.160632	-0.0425968
0.158618	-0.0555973
0.176961	-0.0307282
0.169584	-0.0347463
0.145041	-0.0115715
0.150054	-0.00382569
0.168322	-0.00229772
0.160429	-0.0112736
0.15746	-0.0115115
0.152746	-0.0179961
0.156876	-0.0134741
0.173425	-0.0378613
0.17293	-0.0408166
0.15192	-0.0302818
0.161323	-0.0185122
0.160663	0.0032807
0.160414	0.0031398
0.134999	0.0120082
0.138557	0.0238389
0.134749	0.00402757
0.144705	0.00477299
0.176492	0.041055
0.186689	0.0302601
0.179885	0.0531604
0.160732	0.0541567
0.177442	0.0575346
0.169927	0.0503403
0.156579	0.0257352
0.149989	0.0251699
0.205675	0.0116527
0.17036	0.00810637
0.17225	0.00127774
0.20629	0.00532074
0.220579	-0.00988421
0.182552	-0.00644911
0.175683	-0.00097412
0.170693	-0.00128165
0.155694	-0.0170508
0.162223	-0.0157389
0.146533	-0.00461956
0.150341	0.0382986
0.179128	0.0490802
0.151536	0.0330052
0.15961	0.0413057
0.142911	0.0510744
0.10377	0.0800051
0.136095	0.0683105
0.135208	0.0767759
0.137809	0.0801284
0.154194	0.0744089
0.154708	0.0627507
0.152616	0.0590758
0.163691	0.0703172
0.150462	0.0694645
0.143949	0.0654379
0.132911	0.0851986
0.134372	0.0824024
0.131628	0.0919098
0.165334	0.0595406
0.152135	0.071131
0.149841	0.0694675
0.163433	0.0299483
0.137299	0.0286354
0.142343	0.0203336
0.164827	0.0199836
0.16995	0.0239773
0.187198	0.0152592
0.166084	0.0164477
0.155743	0.023825
0.158455	0.0251651
0.178876	-0.00622268
0.161776	0.00319933
0.154249	0.00991673
0.156336	0.010143
0.166763	0.0161295
0.160871	0.0205619
0.15961	0.0184414
0.162266	0.00826715
0.16423	0.00635463
0.161693	0.00458725
0.169728	0.0171422
0.172995	-0.00070594
0.154858	0.0191313
0.158564	0.0236277
0.168786	0.0147528
0.182181	0.0263123
0.179164	0.0367228
0.169727	0.0356514
0.176384	0.0557975
0.142876	0.052395
0.134947	0.055745
0.146398	0.0529251
0.150714	0.0806569
0.143677	0.0754626
0.140374	0.0805194
0.141369	0.0916257
0.12533	0.0836599
0.12753	0.0851928
0.127416	0.0839563
0.171371	0.0610913
0.155345	0.068707
0.147352	0.0828486
0.119797	0.0631533
0.128539	0.0710842
0.129695	0.0860078
0.134964	0.0930297
0.15081	0.105273
0.162144	0.131932
0.157349	0.119668
0.13143	0.145838
0.119705	0.13294
0.112304	0.163475
0.127669	0.177008
0.0919738	0.178476
0.0995163	0.152501
0.0613937	0.138383
0.0422136	0.126326
0.0428119	0.130856
0.0604155	0.14115
0.0727047	0.155264
0.0662985	0.148692
0.0751394	0.142481
0.0673639	0.142641
0.0537037	0.146014
0.0453704	0.151552
0.0696711	0.171129
0.0777221	0.150997
0.0873324	0.138691
0.0745164	0.144717
0.0788262	0.129642
0.0849545	0.133613
0.101536	0.126772
0.100951	0.118046
0.100637	0.121627
0.0529288	0.117577
0.037945	0.0828112
0.0480244	0.0728892
0.0547769	0.0977382
0.061325	0.113245
0.0621291	0.150499
0.0724045	0.130156
0.0746107	0.13443
0.0756325	0.119084
0.087642	0.12541
0.0847957	0.12313
0.0980314	0.136767
0.108998	0.140722
0.0875977	0.141482
0.0692504	0.14461
0.0816447	0.139361
0.0983645	0.120119
0.0961021	0.119688
0.0659428	0.121499
0.0949658	0.14536
0.107949	0.150035
0.117892	0.141935
0.0989884	0.136838
0.102943	0.137394
0.108413	0.153016
0.11611	0.131199
0.104195	0.13534
0.0981781	0.132064
0.0883486	0.102952
0.0949626	0.119988
0.0917121	0.114811
0.094143	0.117714
0.0970679	0.120405
0.0998047	0.138061
0.0988498	0.170779
0.0980584	0.154815
0.10738	0.155576
0.109669	0.0977593
0.149735	0.136364
0.143898	0.113002
0.141923	0.105945
0.102655	0.113065
0.0951607	0.125626
0.140041	0.117531
0.139432	0.0836323
0.122385	0.0704416
0.119978	0.0688928
0.128966	0.0721597
0.135421	0.0719425
0.129913	0.0841722
0.131035	0.0790792
0.108078	0.091248
0.120106	0.0926421
0.112685	0.0998982
0.149295	0.115699
0.123871	0.152221
0.109465	0.142532
0.111132	0.150916
0.10477	0.142033
0.100491	0.123005
0.113213	0.126708
0.109889	0.128358
0.105899	0.126072
0.122468	0.0797497
0.118597	0.0888475
0.13711	0.0785841
0.157435	0.0800109
0.150077	0.0768654
0.141128	0.0779468
0.145137	0.0774481
0.152045	0.0887679
0.137645	0.0552814
0.138775	0.0612474
0.125742	0.0504603
0.149619	0.0629406
0.150261	0.0778721
0.154781	0.061063
0.143262	0.0777799
0.130537	0.068317
0.133237	0.0519544
0.147527	0.0570478
0.154324	0.0506075
0.158239	0.0589137
0.156633	0.044238
0.15634	0.0175712
0.149902	-0.00309398
0.143919	-0.00216904
0.163692	0.019137
0.148728	0.0252155
0.160192	0.0437778
0.158773	0.0429437
0.162638	0.071513
0.152784	0.0779501
0.117546	0.0821514
0.098116	0.116225
0.0987728	0.12308
0.101014	0.121968
0.115993	0.129594
0.0944383	0.142419
0.0771112	0.147772
0.103519	0.143358
0.104499	0.106084
0.105332	0.129578
0.108978	0.133987
0.110147	0.13194
0.0947783	0.129723
0.11089	0.131284
0.114097	0.143284
0.109284	0.134345
0.126082	0.129282
0.124357	0.132767
0.154392	0.150993
0.146663	0.126996
0.126084	0.0944466
0.127608	0.0962745
0.129146	0.099312
0.125221	0.0917774
0.144004	0.111864
0.136661	0.10412
0.147314	0.113677
0.140791	0.109567
0.111613	0.0971873
0.0875304	0.0989678
0.0894423	0.112631
0.0913927	0.120811
0.0948332	0.137553
0.0934369	0.141744
0.0765008	0.126931
0.0883903	0.134848
0.0877237	0.146265
0.0921379	0.138114
0.0956678	0.142707
0.093117	0.135648
0.0925755	0.134104
0.0968997	0.177228
0.0983315	0.179591
0.0900086	0.16473
0.0890452	0.150928
0.0872858	0.147948
0.0878696	0.150017
0.0760612	0.144734
0.0817653	0.154045
0.0506001	0.166237
0.0662667	0.176743
0.0668986	0.174297
0.0780337	0.154316
0.0560411	0.154232
0.0619314	0.152486
0.0837806	0.14816
0.100386	0.157181
0.0983013	0.161863
0.117526	0.163802
0.114142	0.1564
0.117547	0.126492
0.114671	0.123104
0.0778731	0.10943
0.0969739	0.129963
0.0888187	0.128744
0.0882431	0.131089
0.0806067	0.131677
0.0928771	0.143602
0.112156	0.122416
0.11032	0.119417
0.122867	0.127698
0.117905	0.117519
0.10939	0.145672
0.0899728	0.121089
0.0892391	0.126406
0.0844532	0.143783
0.0826718	0.138726
0.0809967	0.149941
0.0827396	0.145491
0.0872619	0.139451
0.0849068	0.146049
0.0754275	0.137734
0.0467082	0.131492
0.057265	0.167738
0.0744623	0.177196
0.0599302	0.148324
0.0600494	0.148172
0.0303946	0.135674
0.051242	0.151909
0.0512529	0.151626
0.0561613	0.167198
0.045756	0.159633
0.0603777	0.186968
0.0559077	0.173072
0.0416093	0.149634
0.0325514	0.155589
0.0320042	0.155254
0.0634535	0.202539
0.0570639	0.182487
0.0484091	0.169295
0.0343334	0.175073
0.0318012	0.168148
0.0317789	0.163195
0.0469335	0.187385
0.0399073	0.169329
0.0362227	0.156863
0.0141035	0.17471
0.0311737	0.140036
0.0333303	0.13942
0.035731	0.144256
0.0239907	0.142755
0.0280774	0.149557
0.027396	0.142337
0.0295048	0.147286
0.0528728	0.162718
0.0663356	0.16302
0.0837844	0.192713
0.0562835	0.183396
0.0479024	0.206229
0.0437635	0.188263
0.0695101	0.155272
0.0678044	0.151565
0.0651538	0.156854
0.0646071	0.153615
0.069846	0.159896
0.0661983	0.162714
0.0543494	0.135016
0.0544292	0.139978
0.0526749	0.135004
0.0603201	0.140805
0.0284163	0.153743
0.044975	0.138904
0.0396625	0.133606
0.0554806	0.131779
0.0836268	0.129829
0.0836549	0.131566
0.102447	0.139021
0.105609	0.136284
0.104638	0.12034
0.106068	0.111505
0.0977955	0.120502
0.130747	0.133973
0.122694	0.105334
0.124207	0.105444
0.113095	0.105213
0.11926	0.0891712
0.125302	0.0824778
0.11362	0.0509112
0.155488	0.0592231
0.161663	0.0468463
0.159439	0.0538879
0.153137	0.0519992
0.153592	0.0601637
0.132149	0.0668748
0.164297	0.0765333
0.171802	0.0876599
0.180255	0.0469571
0.174746	0.062011
0.169791	0.0635462
0.158801	0.0371821
0.172886	0.0197877
0.163472	0.0258921
0.140645	0.0489927
0.158314	0.0335513
0.147611	0.0262394
0.13988	0.0266191
0.143415	0.02469
0.16038	0.0219232
0.147773	0.0312941
0.167641	0.0204063
0.161433	0.021402
0.138823	0.0284748
0.133425	0.0339768
0.138986	0.0443079
0.1442	0.0445835
0.153822	0.0494261
0.1593	0.0654391
0.146637	0.0439703
0.154541	0.0484585
0.14691	0.0510853
0.152464	0.0489994
0.15472	0.0534706
0.178295	0.0320422
0.166495	0.0301027
0.163354	0.0267403
0.152986	0.0164921
0.156071	0.0145428
0.157331	0.026675
0.165266	0.00575316
0.16182	-0.000838289
0.153631	-0.00214093
0.16821	-0.00287827
0.175956	0.0164573
0.125289	0.0121124
0.1204	-0.0072085
0.165746	0.0220815
0.150742	0.00181082
0.0952013	-0.0138644
0.117465	-0.010251
0.12651	-0.0128449
0.153484	-0.00777294
0.169708	-0.0431545
0.162398	-0.0401661
0.163561	-0.0173179
0.15444	-0.0264507
0.153912	-0.0262613
0.156249	-0.0260071
0.159206	-0.0139224
0.138897	-0.0248867
0.14635	-0.0264434
0.151462	-0.0218041
0.125163	-0.0211429
0.147786	-0.010059
0.131813	0.00300219
0.148741	0.00761415
0.170726	-0.018363
0.173331	-0.00717421
0.173575	-0.0165195
0.154092	-0.015751
0.182731	-0.0266051
0.187079	-0.0345711
0.17696	-0.0171103
0.190826	-0.0228404
0.173434	-0.018171
0.168941	0.000908654
0.146835	0.0168311
0.136424	0.0276301
0.150714	0.0167982
0.174207	-0.00292182
0.169039	-0.00551095
0.199202	-0.00234726
0.176505	-0.0105059
0.165635	-0.0162691
0.167138	-0.0362084
0.162136	-0.0272771
0.165505	-0.0264424
0.162321	-0.0338686
0.160127	-0.0334299
0.160728	-0.0116561
0.161125	-0.0195242
0.152019	-0.0391813
0.191237	-0.0400568
0.15817	-0.0397246
0.145582	-0.0332397
0.149131	-0.0322605
0.151078	-0.0343758
0.153812	-0.0105087
0.146296	-0.00192386
0.148753	-0.0032433
0.154289	-0.0248261
0.154952	-0.0258725
0.127142	-0.0453077
0.135788	-0.0484092
0.163965	-0.0494056
0.159371	-0.0492249
0.184661	-0.0283069
0.161938	-0.0256679
0.159221	-0.0261455
0.156796	-0.0119499
0.146123	-0.0109288
0.12795	-0.00940754
0.140616	-0.0108119
0.147773	-0.00973002
0.163493	-0.000636369
0.162472	-0.0266234
0.16216	-0.0125482
0.163806	0.00843671
0.160681	0.0080116
0.151969	0.0130146
0.146226	-0.00124059
0.130905	0.0236083
0.1555	0.0217422
0.160195	0.0294911
0.181428	0.0223976
0.191018	0.0340615
0.168711	0.021013
0.151096	0.00352664
0.167503	0.0440954
0.142327	0.0625995
0.147846	0.0625954
0.145898	0.0470409
0.139322	0.0530135
0.150655	0.0414661
0.136485	0.0562718
0.141452	0.0581858
0.129404	0.0607605
0.121965	0.0615169
0.152219	0.0853093
0.142058	0.0690756
0.175344	0.0418941
0.153631	0.0471284
0.154166	0.0477146
0.159581	0.0565371
0.111247	0.088753
0.12666	0.108958
0.124043	0.106967
0.112051	0.113689
0.112844	0.115118
0.117006	0.149774
0.0814477	0.143831
0.0948628	0.140716
0.0934685	0.133358
0.0832215	0.150506
0.095198	0.130085
0.0977614	0.122948
0.0724008	0.0816932
0.0805614	0.0913064
0.0867055	0.108989
0.0955812	0.117914
0.0921149	0.111002
0.0967387	0.115699
0.0958665	0.115112
0.127575	0.125208
0.123759	0.12468
0.117738	0.118952
0.12206	0.11676
0.118647	0.112992
0.117731	0.125846
0.113092	0.118848
0.1119	0.117124
0.106639	0.119635
0.0984721	0.136343
0.091295	0.128591
0.0911562	0.12744
0.108543	0.126552
0.102458	0.129404
0.111565	0.148757
0.105041	0.129728
0.0979838	0.126007
0.0808102	0.119718
0.0964723	0.13536
0.105603	0.137557
0.0969241	0.146776
0.107951	0.137806
0.0904885	0.143215
0.0721863	0.130301
0.0871947	0.128052
0.0787412	0.140279
0.0740112	0.134918
0.113657	0.121306
0.112133	0.119719
0.133915	0.104716
0.130764	0.102243
0.148133	0.11571
0.15797	0.133069
0.133455	0.120516
0.119924	0.125081
0.112115	0.138426
0.0896538	0.0839463
0.0737487	0.1114
0.0881794	0.126611
0.0924138	0.14191
0.072427	0.165137
0.070258	0.158953
0.0790944	0.171978
0.0711641	0.161358
0.0915999	0.165089
0.0852543	0.155899
0.0751608	0.148792
0.0764163	0.145279
0.0809303	0.138634
0.08759	0.142515
0.0850201	0.14494
0.0846487	0.141767
0.0830312	0.135091
0.0800377	0.162625
0.105165	0.174191
0.0988675	0.160606
0.0599197	0.141375
0.060615	0.151492
0.02606	0.128785
0.0265595	0.140295
0.016545	0.137257
0.00973317	0.152559
0.00448469	0.144783
-0.00776347	0.126292
-0.0128119	0.142623
-0.0132295	0.154939
0.0121267	0.152143
0.0100179	0.149976
0.0121645	0.150681
0.0269082	0.132345
0.0449629	0.14923
0.0530392	0.14223
0.0519053	0.150365
0.0574599	0.14957
0.0467884	0.154604
0.0535955	0.150771
0.0539028	0.150922
0.0532966	0.15236
0.0585147	0.135092
0.0690454	0.145862
0.0660997	0.151421
0.070675	0.180473
0.0663487	0.166676
0.0626838	0.1589
0.0606765	0.155362
0.0760229	0.159301
0.0785762	0.167616
0.0661292	0.144548
0.0677863	0.158809
0.0609408	0.134414
0.0883595	0.137692
0.0818672	0.128076
0.0697262	0.111185
0.0809989	0.122718
0.0685268	0.162788
0.0654618	0.156124
0.0730135	0.148775
0.0725098	0.144302
0.0548513	0.145643
0.0529895	0.143295
0.0633412	0.120989
0.0663405	0.129529
0.067155	0.123922
0.0706168	0.130687
0.0790599	0.134986
0.0621482	0.125427
0.0705436	0.13087
0.0737659	0.130218
0.0689964	0.141377
0.0693766	0.142531
0.0486822	0.146632
0.0672703	0.137313
0.0440361	0.124028
0.103696	0.115511
0.125451	0.106695
0.123804	0.104886
0.135848	0.129157
0.11689	0.115937
0.107599	0.116084
0.13749	0.132781
0.139784	0.132999
0.135107	0.183599
0.117876	0.143845
0.122663	0.121487
0.122796	0.157697
0.115317	0.151627
0.117266	0.146262
0.11698	0.143972
0.117905	0.146806
0.100204	0.147517
0.0686715	0.137957
0.0744362	0.14201
0.0772787	0.149592
0.0760073	0.146865
0.0823802	0.128823
0.0773827	0.14963
0.0668899	0.150506
0.054145	0.161789
0.0602181	0.161382
0.0747886	0.145649
0.0728488	0.145521
0.0659385	0.111242
0.0845157	0.135621
0.101643	0.121348
0.119216	0.138665
0.1068	0.138985
0.0351984	0.132504
0.0533646	0.112287
0.0503437	0.131601
0.0799768	0.162598
0.073194	0.135676
0.0755433	0.141735
0.0830168	0.14388
0.12141	0.134236
0.11171	0.123643
0.0858202	0.12705
0.0872589	0.126648
0.0672237	0.13017
0.0728561	0.147471
0.0599872	0.158496
0.0528702	0.161469
0.0447508	0.162564
0.040581	0.162657
0.0457073	0.168352
0.0424491	0.148597
0.0197572	0.142322
0.0212798	0.158832
0.0220316	0.150957
0.0217664	0.154834
0.0288702	0.14697
0.0374009	0.155933
0.0380861	0.152716
0.0430463	0.154101
0.0483147	0.180807
0.0717267	0.206008
0.0773337	0.190514
0.0703639	0.173202
0.0655352	0.162167
0.0599335	0.169629
0.0664853	0.164407
0.06066	0.168735
0.0484282	0.175249
0.0329245	0.171324
0.0264555	0.161103
0.0242056	0.143536
0.0480579	0.152222
0.0480899	0.149472
0.0538746	0.159159
0.0545838	0.177948
0.0459888	0.167311
0.0565775	0.169011
0.0630273	0.157412
0.0896417	0.151085
0.0814834	0.133369
0.0823318	0.137415
0.0609741	0.114323
0.0751936	0.123039
0.0832934	0.115114
0.0684078	0.104725
0.115011	0.110052
0.118908	0.100996
0.120575	0.0967456
0.120733	0.0916068
0.114612	0.0940878
0.11433	0.0874084
0.12421	0.116162
0.119949	0.128988
0.121065	0.130679
0.114466	0.138652
0.0990794	0.141656
0.117018	0.142502
0.102812	0.141489
0.115944	0.104597
0.119617	0.102988
0.103743	0.120553
0.132099	0.130014
0.122687	0.120974
0.111645	0.121538
0.0787262	0.149177
0.0864728	0.158544
0.0810952	0.149018
0.0910342	0.141444
0.097329	0.124597
0.10189	0.116308
0.111475	0.120434
0.105368	0.103907
0.10266	0.0928615
0.084286	0.120139
0.087264	0.124569
0.0902279	0.126971
0.0816856	0.129416
0.0829242	0.131869
0.100584	0.133946
0.0974819	0.131618
0.0941282	0.128919
0.101529	0.129252
0.0832739	0.107556
0.0709157	0.120304
0.0349554	0.142192
0.0253688	0.152189
0.0204681	0.14837
0.00152694	0.151614
0.00351869	0.167256
-0.00921985	0.162734
-0.00939962	0.163544
-0.0256591	0.162984
-0.015833	0.161107
-0.0192854	0.148913
-0.0181966	0.12111
-0.0207932	0.138779
0.0117938	0.142652
0.0353807	0.161523
0.0659386	0.177597
