-0.00473576	-0.122506
-0.00864495	-0.122896
-0.0076125	-0.145262
0.00984456	-0.111498
0.0360615	-0.151278
0.0237134	-0.173985
0.0229991	-0.171263
0.0225071	-0.166859
0.010671	-0.149012
0.0112976	-0.153356
0.00319763	-0.156656
-0.0114993	-0.176619
-0.00662038	-0.16228
-0.0481191	-0.164766
-0.0320977	-0.163744
-0.0242465	-0.161179
-0.00856462	-0.136543
0.0224775	-0.130489
0.0176238	-0.151434
0.0333149	-0.138978
0.0110374	-0.125945
-0.0198359	-0.161306
-0.0196887	-0.160214
-0.0169001	-0.159373
-0.0112629	-0.15832
-0.0455058	-0.115571
-0.0358016	-0.152097
-0.0419733	-0.114645
-0.032727	-0.123945
-0.0335497	-0.119361
0.0173701	-0.105693
0.046272	-0.117785
0.0516425	-0.134994
0.0457952	-0.14523
0.0354945	-0.143564
0.025872	-0.115117
0.0374927	-0.141611
0.0206433	-0.171694
0.0863374	-0.175685
0.0757134	-0.186011
0.0561344	-0.16724
0.0469347	-0.143172
0.0435377	-0.150823
0.0423191	-0.162782
0.0601858	-0.150524
0.0748809	-0.167753
0.0651411	-0.145783
0.0565134	-0.14293
0.0842657	-0.157654
0.0883725	-0.146551
0.067681	-0.141766
0.0827212	-0.143071
0.0750344	-0.134295
0.0745086	-0.13479
0.0729913	-0.144407
0.0719313	-0.143699
0.0943873	-0.146894
0.110204	-0.148332
0.10915	-0.145272
0.103438	-0.137787
0.0923494	-0.143329
0.0742767	-0.126862
0.0541493	-0.10561
0.0660607	-0.119828
0.0741726	-0.125463
0.0647863	-0.0830849
0.084892	-0.095906
0.126321	-0.119606
0.140838	-0.124665
0.167477	-0.125848
0.151806	-0.10984
0.115552	-0.110335
0.10522	-0.106803
0.114266	-0.0967047
0.1236	-0.0986388
0.124501	-0.099667
0.136223	-0.0729269
0.137104	-0.0732731
0.140702	-0.07776
0.121113	-0.0229649
0.131476	-0.0162334
0.138809	-0.0154295
0.187558	-0.0394108
0.170806	-0.0290539
0.165578	-0.0281724
0.160972	-0.0217543
0.167981	-0.0180996
0.189947	0.00796255
0.183095	-0.0208994
0.177227	-0.00765829
0.166179	-0.00664277
0.165609	-0.00308156
0.174677	-0.00160147
0.221393	-0.00503583
0.185319	0.0045476
0.170356	0.0112252
0.152395	-0.0182009
0.175601	-0.0336087
0.184501	0.0114894
0.179625	0.0102126
0.156501	0.0415658
0.155856	0.0925348
0.135285	0.116684
0.125894	0.142659
0.1201	0.148343
0.119903	0.149312
0.0795391	0.108324
0.102203	0.100924
0.105516	0.0914068
0.113898	0.0872842
0.111769	0.0774169
0.128745	0.0919465
0.132397	0.0779866
0.132206	0.039184
0.136371	0.0244353
0.145143	-0.000334821
0.137059	-0.00868537
0.131602	-0.0297642
0.121483	-0.0161228
0.138342	-0.0463988
0.157389	-0.0617511
0.147132	-0.0523386
0.14005	-0.0805963
0.1515	-0.0670206
0.14505	-0.0600388
0.157293	-0.0682839
0.158983	-0.0583035
0.137474	-0.0519881
0.147927	-0.0662275
0.152287	-0.0650107
0.139696	-0.0522882
0.135845	-0.0471275
0.125657	-0.0665116
0.155563	-0.0877974
0.147819	-0.0645393
0.154293	-0.0679821
0.167189	-0.0821656
0.172054	-0.0685957
0.166215	-0.0803726
0.165603	-0.0762983
0.172409	-0.0400258
0.173294	-0.0431102
0.164806	-0.0553905
0.140654	-0.0494676
0.185602	-0.0320775
0.181531	-0.0421811
0.181278	-0.0295843
0.169922	-0.0313375
0.156697	-0.0482259
0.158301	-0.053151
0.15436	-0.0467534
0.164086	-0.0247951
0.13744	-0.0113193
0.141222	-0.0365195
0.15519	-0.0433606
0.165234	-0.0166453
0.170921	-0.0295898
0.166619	-0.0300622
0.194509	-0.0310526
0.161442	0.0137702
0.158742	0.000856795
0.12932	-0.02629
0.146414	-0.0129783
0.115581	-0.0189266
0.157709	-0.0181672
0.155444	-0.0209036
0.139002	-0.0596292
0.141504	-0.0389966
0.147048	-0.0388105
0.143694	-0.0260359
0.153859	-0.0293813
0.146872	-0.00639008
0.146765	-0.0150414
0.157018	-0.00902859
0.168398	0.000251059
0.16638	-0.0216975
0.184826	-0.042765
0.152566	-0.0357937
0.162431	-0.001543
0.153004	-0.0226002
0.159927	-0.0188008
0.170443	-0.0206206
0.107759	-0.0287581
0.122992	0.0227416
0.10995	0.0108069
0.11968	-0.0183283
0.134544	-0.0191451
0.143968	-0.0243764
0.144857	-0.0336065
0.152499	-0.0516393
0.151223	-0.0559009
0.0969109	-0.0488492
0.0962088	-0.0453884
0.119639	-0.0423937
0.129373	-0.0307588
0.150499	-0.0442061
0.148902	-0.0483973
0.153418	-0.0449867
0.163117	-0.0461913
0.157848	-0.0447881
0.152484	-0.0578265
0.138006	-0.0473888
0.154113	-0.0408698
0.15279	-0.0699423
0.144791	-0.0724185
0.136802	-0.0834387
0.135438	-0.0823947
0.147437	-0.0636441
0.127328	-0.0852805
0.128729	-0.0826062
0.122894	-0.0776288
0.10972	-0.0678756
0.126261	-0.0954511
0.12248	-0.0821164
0.114076	-0.0649545
0.137709	-0.0748178
0.0956634	-0.0733846
0.112208	-0.0756921
0.095472	-0.0506892
0.114087	-0.0671316
0.119042	-0.0679105
0.135501	-0.0456442
0.158133	-0.0635091
0.149864	-0.0618364
0.176111	-0.0650275
0.146254	-0.0974835
0.136787	-0.0984353
0.143198	-0.0804441
0.149248	-0.068325
0.141986	-0.0720926
0.14709	-0.0732879
0.141696	-0.0505137
0.141011	-0.0658937
0.137327	-0.0731982
0.122192	-0.0775034
0.143297	-0.0847709
0.139979	-0.0789213
0.139025	-0.0869004
0.144633	-0.0761211
0.130265	-0.0882066
0.125242	-0.0884977
0.0946167	-0.0673142
0.151718	-0.0761435
0.151414	-0.064059
0.149537	-0.0573872
0.145612	-0.0517132
0.168472	-0.0507071
0.161925	-0.044765
0.177084	-0.0155297
0.17489	-0.0360029
0.156452	-0.0285555
0.13279	-0.0340958
0.133272	-0.0450299
0.146595	-0.0333741
0.167115	-0.0264067
0.190792	0.0022877
0.180801	0.00524736
0.201909	0.0028444
0.183254	0.00516076
0.1549	0.00294424
0.164279	0.00401451
0.160614	-0.00391334
0.155901	-0.00520992
0.169343	-0.0105314
0.156246	-0.00501043
0.155657	-0.00679782
0.162908	0.00245211
0.162734	0.00107086
0.173362	0.0122236
0.156326	0.00523769
0.167248	0.0245667
0.144257	0.012127
0.143603	-0.00571615
0.133482	0.0167635
0.129886	0.00666835
0.160512	0.015613
0.136825	0.0180645
0.124727	0.00236448
0.127446	-0.00504684
0.162267	-0.00583671
0.165803	0.000912869
0.163603	0.00126434
0.184666	-0.00795274
0.209144	-0.00817543
0.168425	-0.00913325
0.163055	0.001479
0.166753	0.00110348
0.161422	-0.00318796
0.152467	0.0179309
0.155145	0.0324213
0.153518	0.0340785
0.111377	0.0182804
0.126823	0.0281778
0.104982	0.0191541
0.130869	0.0158661
0.123074	0.0153498
0.133989	0.023014
0.135752	0.0417957
0.181755	0.0539281
0.153597	0.0427611
0.181551	0.0589655
0.165927	0.040948
0.125441	0.058657
0.121397	0.0747452
0.127067	0.0736459
0.130822	0.0613645
0.134048	0.0191016
0.136827	0.0361478
0.140652	0.0389629
0.117606	0.0593861
0.13128	0.0547173
0.131296	0.0545219
0.119658	0.0133775
0.150458	0.034218
0.160807	0.0380327
0.151545	0.0547997
0.153956	0.0479556
0.161508	-0.0116895
0.176211	-0.00382805
0.16686	0.0155559
0.158105	0.0188686
0.173069	0.0331873
0.175812	0.0703483
0.143383	0.0360103
0.157973	0.0244066
0.149676	0.0308086
0.149158	0.0395746
0.182046	0.0476058
0.175912	0.0403841
0.150165	0.0480203
0.173621	0.0411546
0.169955	0.0383525
0.177697	0.0480145
0.142156	0.0562548
0.138788	0.0395178
0.140731	0.000476527
0.144562	0.0275789
0.157544	0.0323362
0.154618	0.0476659
0.162506	0.0541918
0.160432	0.0443769
0.16053	0.0261802
0.160902	0.039562
0.15263	0.0600774
0.12056	0.0618532
0.154778	0.0641258
0.13311	0.0663115
0.145114	0.0613166
0.126712	0.0545611
0.159824	0.0716132
0.15795	0.0704796
0.148315	0.0782938
0.144586	0.0905232
0.144868	0.0691452
0.137094	0.0432175
0.132889	0.0645854
0.10885	0.0698053
0.116469	0.0820894
0.109684	0.0988552
0.107455	0.106761
0.152188	0.106846
0.135492	0.134003
0.129839	0.139599
0.141889	0.160736
0.126734	0.146013
0.124899	0.148765
0.14442	0.107259
0.10799	0.0821054
0.0978836	0.102228
0.0645447	0.125802
0.0556484	0.126831
0.0569874	0.155251
0.0510866	0.133741
0.0496346	0.14169
0.0621491	0.141764
0.0612733	0.142669
0.0936067	0.156915
0.0732866	0.143323
0.0876079	0.127864
0.089134	0.12741
0.0816693	0.136052
0.0867732	0.133513
0.0699408	0.12667
0.0866508	0.122981
0.0814871	0.133291
0.0583113	0.140649
0.0860027	0.134874
0.0857044	0.137354
0.0819401	0.110123
0.0807006	0.115843
0.109596	0.107357
0.0557505	0.084113
0.0686851	0.110487
0.0641339	0.118035
0.0837035	0.111214
0.0750491	0.115247
0.0764723	0.122055
0.0792517	0.137229
0.0780964	0.155084
0.0797198	0.144959
0.103296	0.132933
0.115118	0.13697
0.109704	0.134405
0.115319	0.117435
0.105679	0.123845
0.0941272	0.14692
0.079922	0.124088
0.0917926	0.104065
0.0849496	0.0850853
0.0754037	0.13868
0.0757972	0.138501
0.0844299	0.112274
0.0762464	0.123089
0.0823973	0.120093
0.0882928	0.120037
0.0958316	0.115657
0.0718229	0.106968
0.0818147	0.112567
0.094154	0.114148
0.061451	0.109072
0.076008	0.0883712
0.0883145	0.115742
0.0818248	0.130466
0.071889	0.109399
0.0903965	0.111332
0.077052	0.100527
0.105614	0.0964136
0.096811	0.0970266
0.102193	0.0937893
0.0937887	0.0835003
0.103743	0.0922314
0.113433	0.0970236
0.121172	0.100956
0.12906	0.0928553
0.121886	0.0864978
0.11469	0.0750965
0.118412	0.0913848
0.120686	0.0622357
0.119529	0.0774208
0.100371	0.0852285
0.0984243	0.0999363
0.0877156	0.0988172
0.11228	0.0790889
0.105111	0.093127
0.095893	0.103277
0.0971638	0.0959878
0.0958801	0.105857
0.0992921	0.109532
0.0854312	0.118436
0.121589	0.14617
0.111299	0.130852
0.116268	0.126523
0.114049	0.11703
0.103033	0.125192
0.11695	0.141237
0.141662	0.112217
0.138134	0.116043
0.146123	0.106566
0.138194	0.101959
0.168723	0.101149
0.147176	0.0933287
0.1517	0.0843449
0.132286	0.102849
0.142167	0.0918607
0.140434	0.085782
0.138386	0.0774135
0.156976	0.0775426
0.182405	0.0703853
0.165481	0.0650318
0.155662	0.0687847
0.142894	0.0661345
0.148577	0.0631205
0.141043	0.0956324
0.138773	0.0982624
0.137715	0.096004
0.142905	0.0685385
0.146547	0.100958
0.148523	0.0749015
0.143966	0.0383505
0.124543	0.0523062
0.140302	0.0708957
0.123869	0.0737156
0.126508	0.0771371
0.120356	0.0981484
0.117938	0.0997235
0.11639	0.0909736
0.120615	0.0936415
0.130562	0.0784185
0.132481	0.0809343
0.148512	0.0682385
0.148772	0.0755725
0.139446	0.0948696
0.139561	0.0774945
0.120878	0.0935003
0.133415	0.0963599
0.129886	0.100316
0.140164	0.110472
0.128636	0.1079
0.121118	0.105788
0.125306	0.0992374
0.120076	0.101749
0.118182	0.106088
0.122484	0.120354
0.108878	0.107245
0.11152	0.103272
0.112975	0.107909
0.116767	0.123904
0.0868045	0.133401
0.0951813	0.104072
0.0998417	0.10922
0.0821476	0.133458
0.122117	0.161113
0.118405	0.126183
0.115532	0.120261
0.101247	0.124041
0.0861526	0.130288
0.109772	0.0984845
0.124406	0.120962
0.13403	0.125191
0.110243	0.123166
0.0928029	0.119051
0.0849465	0.154197
0.0656378	0.145434
0.0948499	0.0897702
0.133729	0.11926
0.106846	0.126625
0.0911487	0.109012
0.0818082	0.120038
0.0760305	0.127357
0.0633401	0.13178
0.0661152	0.121602
0.074819	0.134361
0.0559516	0.101935
0.0634884	0.108462
0.0685435	0.125686
0.0675362	0.129584
0.0768365	0.138052
0.0825206	0.143146
0.0686572	0.150423
0.0680657	0.147671
0.0836278	0.123708
0.0925337	0.119134
0.131932	0.132425
0.110248	0.135099
0.106219	0.0989498
0.0874608	0.109408
0.0788424	0.11062
0.0686572	0.125868
0.0829711	0.150114
0.0806529	0.146079
0.0741149	0.143669
0.0597084	0.143313
0.0676932	0.124691
0.0744105	0.120062
0.0649104	0.0833256
0.073862	0.103976
0.0925584	0.122785
0.0992864	0.125685
0.120466	0.152589
0.100962	0.152934
0.0880106	0.138107
0.0824867	0.148336
0.104292	0.131122
0.0953158	0.137237
0.102639	0.137062
0.0964401	0.140365
0.105763	0.161313
0.0891641	0.125566
0.0880776	0.143329
0.0668276	0.148872
0.0811199	0.162342
0.0467221	0.177579
0.045158	0.166063
0.0389571	0.166411
0.0376337	0.159633
0.0435102	0.152351
0.0280785	0.131912
0.0404097	0.131737
0.0670081	0.139025
0.0591716	0.155788
0.055623	0.161692
0.0472569	0.116117
0.0488046	0.143041
0.0475975	0.143932
0.0323852	0.137852
0.0272721	0.137801
0.0375071	0.124224
0.037911	0.139268
0.0331218	0.121448
0.0535105	0.112836
0.0493017	0.120757
0.0398828	0.137495
0.0422298	0.142836
0.03958	0.139847
0.0334693	0.17522
0.0241148	0.165159
0.0293893	0.152119
0.0171608	0.124515
0.026201	0.133153
0.0471053	0.12242
0.0463842	0.125801
0.0431841	0.133928
0.0334925	0.141405
0.0262191	0.142096
0.0339425	0.145081
0.0350285	0.133348
0.0247303	0.141896
0.0455169	0.149167
0.0405942	0.166385
0.0451735	0.144873
0.0468196	0.14434
0.0403512	0.136145
0.0378691	0.150454
0.0450027	0.149016
0.0616788	0.1431
0.0617668	0.145102
0.0625716	0.144083
0.0460891	0.137096
0.049917	0.140304
0.0568576	0.128038
0.0548679	0.158258
0.0585763	0.153877
0.0933599	0.149837
0.0848164	0.138562
0.0786428	0.124085
0.0657999	0.130808
0.0860491	0.132239
0.0925728	0.14933
0.104154	0.147615
0.0941964	0.121094
0.0926933	0.135621
0.109418	0.130153
0.114725	0.0909796
0.149525	0.133568
0.143401	0.133818
0.13825	0.119199
0.138554	0.108589
0.0979826	0.108282
0.103966	0.0949125
0.112599	0.0896092
0.113458	0.0837043
0.121647	0.0780839
0.119805	0.0768986
0.125498	0.0715294
0.138777	0.0764354
0.132338	0.0830171
0.149208	0.046429
0.159758	0.0482591
0.153935	0.0503269
0.139971	0.0601155
0.158466	0.0886878
0.163309	0.0760723
0.156766	0.0646999
0.158435	0.0571844
0.156005	0.0465775
0.157208	0.0411545
0.114161	0.0243318
0.131883	0.0270763
0.143978	0.0272503
0.146955	0.036251
0.12064	0.0552657
0.128734	0.0570083
0.109264	0.0353255
0.136396	0.0545483
0.140457	0.0501013
0.145517	0.0484603
0.175293	0.0639876
0.182155	0.0485614
0.17159	0.0434246
0.163699	0.0285667
0.169414	0.0331764
0.162699	0.0340003
0.161385	0.0549833
0.183591	0.0464055
0.205348	0.0202386
0.185822	0.0153219
0.163994	0.00596655
0.191034	0.00723005
0.175309	0.0145836
0.175714	0.00938817
0.16926	0.0105333
0.148912	0.00946437
0.173036	-0.0506032
0.16631	-0.0287327
0.159007	-0.0174569
0.169039	-0.0171992
0.162742	-0.0372732
0.159632	-0.013648
0.162704	0.00321074
0.15845	-0.000686608
0.135095	0.0346577
0.142686	0.026385
0.148873	0.0125465
0.152915	-0.00533327
0.153261	-0.0030916
0.156865	0.0121977
0.1678	-0.00133955
0.161541	-0.000303047
0.157016	-0.00199591
0.153697	-0.0158425
0.157475	-0.0108087
0.164843	0.0199405
0.162074	-0.0353992
0.162594	-0.0226189
0.174489	-0.0355033
0.201255	-0.0406854
0.175335	-0.0674676
0.168724	-0.0363577
0.159581	-0.0190031
0.171821	-0.0144132
0.164735	-0.000124884
0.161625	0.0225204
0.149615	0.0249313
0.144384	0.0200963
0.13279	0.0278999
0.116214	0.0216475
0.141027	0.0146118
0.148154	0.00294892
0.154714	-0.0112607
0.148505	-0.0178594
0.155879	-0.0227567
0.15693	-0.0191112
0.145969	-0.0195269
0.140497	0.0199215
0.138562	0.00377729
0.151308	-0.0112649
0.139287	-0.016465
0.145597	-0.0207623
0.171854	-0.0617277
0.172111	-0.0470761
0.165167	-0.0396563
0.148217	-0.0404423
0.141189	-0.0331122
0.152578	-0.0322142
0.161549	-0.021238
0.161587	-0.0200567
0.117078	-0.0417632
0.113893	-0.0325554
0.128212	-0.0269842
0.151454	0.00573744
0.1654	0.00929442
0.151865	-0.0154764
0.148211	-0.00604761
0.146415	-0.0107828
0.150967	-0.012152
0.146619	-0.0195244
0.125317	-0.0283017
0.142643	-0.0353811
0.143599	-0.0214394
0.139283	-0.0190214
0.140644	-0.00810367
0.145013	-0.00296641
0.131986	0.0115547
0.131032	-0.0139541
0.140703	-0.00564019
0.126623	3.13578e-05
0.124727	0.0140109
0.120397	0.00695728
0.124566	0.0243801
0.144015	-0.000706496
0.135863	0.0211681
0.116682	0.000488648
0.14423	-0.00311074
0.153154	-0.00313854
0.147694	0.00567629
0.155451	0.0162046
0.141322	0.0380226
0.156119	0.042023
0.164974	0.0441465
0.163585	0.0357615
0.14458	0.022934
0.144715	0.0219265
0.143787	0.0293068
0.138861	0.0159035
0.144654	0.0109932
0.132355	-0.0185802
0.147572	-0.0115135
0.182446	-0.0178035
0.157312	0.0149783
0.148603	0.0579935
0.113357	0.0797687
0.135455	0.109789
0.15758	0.096367
0.151464	0.0902655
0.155539	0.130069
0.151025	0.119701
0.14553	0.109038
0.140927	0.0951154
0.136739	0.092063
0.143164	0.0718528
0.134792	0.0876442
0.146777	0.0803851
0.127882	0.092136
0.124238	0.103077
0.115629	0.108438
0.11192	0.110623
0.117358	0.105682
0.112927	0.108743
0.11122	0.109894
0.112725	0.134538
0.110116	0.125741
0.0985154	0.126698
0.060166	0.0748701
0.0699332	0.0797188
0.0784804	0.0847379
0.102136	0.0899547
0.12216	0.10215
0.121	0.0901929
0.123752	0.140629
0.106448	0.142794
0.10081	0.158273
0.105659	0.145582
0.103376	0.131185
0.12239	0.118899
0.114824	0.117152
0.109704	0.116756
0.117581	0.0941165
0.0923064	0.120895
0.0949993	0.124039
0.0940693	0.125528
0.0709705	0.145859
0.0758936	0.142752
0.0906803	0.134235
0.110921	0.148472
0.0920204	0.171341
0.0971824	0.142035
0.118483	0.131652
0.113347	0.121454
0.0836847	0.0687071
0.111628	0.0899634
0.104846	0.100656
0.103422	0.109133
0.0825346	0.114607
0.0984934	0.112913
0.116826	0.0974083
0.0982143	0.124978
0.114799	0.136881
0.124626	0.132691
0.139818	0.15716
0.140048	0.158056
0.11949	0.145913
0.127566	0.189666
0.114073	0.163575
0.0983536	0.137742
0.0782997	0.131007
0.0687546	0.129856
0.0752118	0.131848
0.0788256	0.174746
0.075174	0.158791
0.0623978	0.139095
0.0802973	0.152898
0.116675	0.125245
0.084566	0.130582
0.100509	0.153508
0.0923714	0.141773
0.0809803	0.154901
0.0800557	0.144813
0.0776129	0.139226
0.0891844	0.133559
0.0655971	0.140157
0.0655037	0.144577
0.0512125	0.143405
0.0742626	0.119501
0.0579947	0.13441
0.0195773	0.140802
0.0288686	0.146254
0.0393883	0.146555
0.027125	0.159906
0.05769	0.137251
0.0764939	0.146951
0.113974	0.128941
0.0925633	0.145059
0.0662054	0.112023
0.0675453	0.114598
0.0513183	0.138859
0.0367256	0.145301
0.0358598	0.15152
0.00890591	0.174529
0.030721	0.187332
0.0316418	0.176621
0.0397648	0.181775
0.0112303	0.178804
0.0111865	0.176105
0.0275684	0.149581
0.0341064	0.174005
0.0289469	0.159119
0.0442327	0.151697
0.0694297	0.158296
0.0730366	0.155141
0.07623	0.149608
0.0883632	0.143625
0.088365	0.116046
0.0893832	0.139877
0.0760938	0.142796
0.0736509	0.134677
0.0884108	0.117303
0.0624136	0.120739
0.0829837	0.118024
0.0634967	0.144378
0.0669903	0.166276
0.0685673	0.146563
0.0678551	0.16719
0.0676371	0.16048
0.0945931	0.146985
0.0683052	0.125791
0.0732781	0.133024
0.0692568	0.128799
0.0671349	0.138337
0.0846783	0.136019
0.0782444	0.149865
0.0784193	0.149778
0.0834137	0.130141
0.0829405	0.139828
0.084852	0.149533
0.107042	0.140204
0.0609985	0.127075
0.0727931	0.128036
0.0996887	0.116208
0.0783644	0.114752
0.0811666	0.123748
0.101184	0.147658
0.102769	0.130492
0.108153	0.137369
0.100175	0.139684
0.0918042	0.139274
0.0748031	0.142671
0.0694212	0.14476
0.0918666	0.126815
0.0998013	0.129791
0.0938461	0.125999
0.0962901	0.133418
0.0895907	0.132657
0.0761904	0.142987
0.0944003	0.120202
0.0876823	0.123539
0.0800413	0.114782
0.0711936	0.126465
0.075676	0.135109
0.0745363	0.139309
0.0732603	0.143314
0.0677572	0.142433
0.0594643	0.143568
0.0859314	0.141182
0.0816315	0.136243
0.0974364	0.156982
0.0562415	0.166154
0.051803	0.154296
0.0562276	0.151077
0.0745638	0.11423
0.0974376	0.134779
0.0373786	0.11479
0.0540209	0.114457
0.0643601	0.124818
0.0676918	0.118105
0.122464	0.132949
0.11988	0.119873
0.103994	0.124976
0.0867522	0.135251
0.0840699	0.139657
0.115493	0.15065
0.106679	0.172477
0.0896835	0.172668
0.077223	0.173925
0.0678441	0.16068
0.0389177	0.158596
0.0412092	0.132622
0.0473551	0.151207
0.0513563	0.15756
0.0529405	0.129183
0.0538205	0.140836
0.0350769	0.143739
0.0510841	0.16767
0.053275	0.160309
0.0544266	0.165999
0.0729098	0.16695
0.0637831	0.148212
0.0399504	0.153387
0.0435122	0.155408
0.0363653	0.157483
0.055769	0.162106
0.0567961	0.147868
0.0462722	0.145052
0.0521785	0.134906
0.0349341	0.15714
0.0411812	0.164042
0.0468536	0.158622
0.0431245	0.14788
0.0831967	0.159894
0.0631202	0.174389
0.060503	0.166662
0.0578779	0.164715
0.0489837	0.155031
0.0733266	0.127599
0.0668373	0.149174
0.0476855	0.168634
0.0758577	0.172033
0.0962487	0.189083
0.0921494	0.168646
0.102833	0.150806
0.0970504	0.142263
