0.119658	0.0879474
0.140996	0.0877309
0.155668	0.111158
0.157304	0.0910676
0.15242	0.119113
0.142978	0.111552
0.16414	0.105358
0.139384	0.0996306
0.126177	0.098252
0.115991	0.124984
0.125093	0.0962971
0.118244	0.103033
0.126135	0.100029
0.128116	0.0806132
0.138355	0.0861055
0.142364	0.0861455
0.165336	0.073586
0.159927	0.0711085
0.167956	0.0538415
0.146551	0.0709146
0.138547	0.0617015
0.14743	0.0608518
0.144022	0.0560673
0.114752	0.0701385
0.12578	0.0735515
0.132259	0.0683136
0.13523	0.0603042
0.141759	0.0536341
0.14276	0.0540801
0.145311	0.0554181
0.145586	0.0619296
0.141689	0.0579474
0.126768	0.0997514
0.117151	0.0481493
0.153522	0.0525675
0.119763	0.0335005
0.137534	0.0374948
0.145493	0.0358416
0.145518	0.0318833
0.144824	0.0214629
0.13846	0.0279485
0.141143	0.0168168
0.140433	0.00817253
0.14026	0.0279891
0.147521	0.0458704
0.150135	0.0531539
0.142219	0.0640707
0.153121	0.0801843
0.152245	0.0753638
0.154591	0.0661455
0.149266	0.0606351
0.128487	0.0669303
0.136647	0.0708649
0.139271	0.078141
0.13923	0.0790871
0.152132	0.0547548
0.168785	0.0473977
0.170597	0.0489176
0.179742	0.0741045
0.168109	0.0720469
0.149481	0.0884683
0.140686	0.0796996
0.145968	0.0910853
0.143638	0.0988211
0.124433	0.0962892
0.107696	0.151645
0.0959366	0.141781
0.073053	0.134073
0.0827913	0.131205
0.0789597	0.112707
0.0653957	0.133347
0.0957196	0.130632
0.0988542	0.111808
0.11755	0.11712
0.101277	0.0831101
0.0804666	0.085687
0.0906765	0.106502
0.104066	0.105139
0.107021	0.107781
0.109685	0.109366
0.110654	0.109246
0.111194	0.11018
0.109208	0.13462
0.0998335	0.157785
0.0901278	0.145573
0.0869552	0.15337
0.0578895	0.148185
0.041405	0.148257
0.0224188	0.155547
0.0234581	0.152475
0.0750868	0.136201
0.0713244	0.15792
0.0558378	0.14083
0.0701438	0.146917
0.0717943	0.163828
0.0739382	0.156818
0.0517509	0.14824
0.0475893	0.117793
0.0491897	0.132801
0.0509679	0.118201
0.0509436	0.145327
0.0705529	0.143168
0.0742884	0.148053
0.0972944	0.152188
0.0963809	0.15246
0.0918989	0.145354
0.116499	0.156414
0.103773	0.115565
0.135145	0.105904
0.109537	0.090047
0.125236	0.0712169
0.132795	0.0734103
0.140971	0.0725408
0.144314	0.0759296
0.14146	0.0777262
0.142755	0.081288
0.13313	0.083229
0.135972	0.0821953
0.161334	0.0923823
0.156438	0.0940683
0.12469	0.0791603
0.126378	0.0815334
0.135277	0.0787253
0.134274	0.0821139
0.131863	0.081686
0.149151	0.0719311
0.154544	0.0443074
0.112878	0.0375552
0.128327	0.0504951
0.143113	0.0791851
0.143671	0.0762547
0.142494	0.0619011
0.143994	0.0624793
0.161038	0.0335619
0.169133	0.0520385
0.169067	0.0503923
0.16882	0.0473764
0.16292	0.0455268
0.153223	0.0497071
0.159665	0.0745483
0.156682	0.0656563
0.145909	0.050971
0.146002	0.0347028
0.140444	0.0214304
0.130215	0.0254101
0.138943	0.0265422
0.150286	0.0353921
0.181487	0.0491423
0.152977	0.037284
0.146533	0.0476601
0.143326	0.0504682
0.137004	0.0528361
0.139414	0.0529328
0.151857	0.0593399
0.149553	0.0704947
0.14394	0.0690427
0.140692	0.0683848
0.161971	0.0697576
0.155603	0.073165
0.188734	0.071116
0.161455	0.0926874
0.159491	0.119581
0.125866	0.10367
0.151382	0.107193
0.143285	0.0959738
0.111609	0.110448
0.158815	0.113056
0.138022	0.101227
0.126096	0.084556
0.126666	0.0856848
0.128061	0.0851749
0.137464	0.119862
0.141541	0.113044
0.127657	0.113142
0.131236	0.10608
0.129026	0.103609
0.133894	0.0911449
0.1429	0.060353
0.140989	0.059401
0.115267	0.0705577
0.147942	0.0689492
0.1411	0.0719651
0.135933	0.0781558
0.143876	0.0945965
0.137883	0.088999
0.151745	0.085618
0.125097	0.0981967
0.117353	0.0896157
0.136818	0.0725342
0.150338	0.0591341
0.155077	0.0593087
0.147103	0.0580207
0.156073	0.0510034
0.146499	0.0595975
0.167558	0.0504309
0.174942	0.0424538
0.153103	0.0240406
0.150662	0.0334577
0.141468	0.0156179
0.146571	0.0174031
0.104403	0.0162272
0.116252	0.0209569
0.126333	0.038987
0.119886	0.0238024
0.117532	0.0239058
0.142118	-0.0117643
0.126575	-0.0238945
0.142321	-0.0266462
0.168614	-0.018628
0.174479	-0.0387544
0.17605	-0.0486214
0.16883	-0.048603
0.160985	-0.0397701
0.154783	-0.0200724
0.168119	-0.0456092
0.168876	-0.0483093
0.162486	-0.046569
0.15683	-0.0504993
0.153581	-0.0487283
0.16116	-0.0511016
0.17158	-0.0668667
0.148608	-0.0533589
0.153688	-0.0628953
0.149525	-0.0554427
0.149694	-0.0561343
0.156146	-0.0595569
0.155026	-0.0343501
0.162692	-0.0388085
0.162757	-0.0403392
0.165787	-0.0426004
0.133992	-0.0298686
0.146074	-0.0366051
0.15066	-0.035058
0.157679	-0.0269493
0.146112	-0.0203375
0.13956	-0.0150528
0.131033	-0.0142533
0.143601	-0.0148731
0.133481	0.00701553
0.148782	-0.00514252
0.155366	-0.0063365
0.175838	-0.0109725
0.204635	-0.00682123
0.20025	-0.000174133
0.209794	-0.00303098
0.209631	-0.0104045
0.183583	-0.0220009
0.168426	-0.0304148
0.161979	-0.0255298
0.110002	-0.00407939
0.126995	0.0175694
0.133013	0.0269498
0.160619	0.0425538
0.15393	0.0570725
0.142281	0.0595687
0.153965	0.0722099
0.116661	0.0589342
0.125762	0.0432268
0.13803	0.0595928
0.137994	0.055507
0.125467	0.0366077
0.141649	0.0390831
0.141914	0.0322279
0.152855	0.0276341
0.147802	0.0270397
0.168458	0.0260147
0.163864	0.0254682
0.175089	0.0281649
0.142975	0.0146329
0.142678	0.0057746
0.133092	0.00636425
0.144503	0.00233679
0.139646	-0.0112204
0.146214	-0.00944295
0.148361	0.0136706
0.144129	0.0132075
0.145426	0.0261081
0.180248	0.0539908
0.166654	0.0487718
0.191985	0.0257434
0.187041	0.0273469
0.189165	0.0267668
0.17474	0.0287424
0.162971	0.0224662
0.167475	0.0117686
0.164419	0.0114596
0.123907	-0.0149098
0.13546	-0.00755782
0.147567	0.0116855
0.18052	0.00534557
0.156064	0.0155007
0.146571	0.0167457
0.152354	0.0469274
0.1573	0.0490068
0.153613	0.0276392
0.153634	0.0345274
0.154644	0.0350963
0.154843	0.0352397
0.175362	0.0249536
0.164083	0.0342287
0.180127	0.0361166
0.162867	0.0122075
0.152681	0.0109726
0.167223	0.0155209
0.166015	0.0078257
0.16682	0.00974093
0.188638	0.00384455
0.212884	0.00655885
0.167214	0.0039859
0.16094	-0.00148958
0.151501	-0.0150906
0.154506	-0.0147247
0.162136	-0.00479685
0.178126	-0.00164873
0.209524	-0.0160622
0.209603	-0.0231486
0.180212	-0.0280903
0.192765	-0.0129242
0.143002	-0.000672482
0.149125	0.00254836
0.159177	0.00251927
0.153603	-0.0175568
0.1752	-0.0197934
0.191041	-0.0337061
0.175509	-0.0340393
0.123568	-0.0117457
0.126622	-0.00498924
0.172656	-0.0137145
0.16501	-0.00485646
0.145015	-0.0189591
0.140321	-0.0216279
0.140279	-0.040674
0.142814	-0.0633958
0.143604	-0.0549315
0.121093	-0.0659984
0.126785	-0.0713554
0.131988	-0.0664785
0.110658	-0.075823
0.120094	-0.111341
0.111607	-0.106888
0.13451	-0.127277
0.144746	-0.126729
0.138084	-0.121571
0.134324	-0.12853
0.113239	-0.128234
0.0845491	-0.133936
0.0878765	-0.161052
0.088711	-0.139123
0.0919909	-0.132462
0.0990893	-0.111461
0.119346	-0.113836
0.120511	-0.10831
0.116773	-0.10689
0.119388	-0.107056
0.108627	-0.122688
0.117837	-0.129908
0.116995	-0.126954
0.100572	-0.123767
0.0975368	-0.124895
0.087301	-0.106219
0.101446	-0.115149
0.0972495	-0.106797
0.0964443	-0.121959
0.0721064	-0.128113
0.0752566	-0.133184
0.0806824	-0.13462
0.0769579	-0.144955
0.0679119	-0.148477
0.0747699	-0.160817
0.0838513	-0.15312
0.065347	-0.138481
0.0665331	-0.140962
0.067675	-0.125884
0.0641801	-0.133173
0.0661703	-0.154598
0.0544499	-0.16984
0.0588132	-0.152011
0.0519238	-0.155389
0.0466177	-0.146602
0.0250132	-0.15734
0.0323714	-0.164063
0.0324966	-0.162617
0.0240309	-0.165227
0.03384	-0.148516
0.0627975	-0.131209
0.0886592	-0.136504
0.0899451	-0.138471
0.0795375	-0.144618
0.0770079	-0.156789
0.0846944	-0.150668
0.0823604	-0.148178
0.0415469	-0.140608
0.0472696	-0.142441
0.0505715	-0.145033
0.051403	-0.145901
0.0358302	-0.131206
0.0485793	-0.147364
0.064428	-0.156674
0.0800223	-0.142273
0.0685042	-0.155671
0.0729678	-0.154183
0.0488614	-0.152531
0.0529259	-0.167802
0.0296224	-0.183446
0.0186911	-0.157042
0.0155782	-0.159884
0.0154691	-0.160442
0.0135123	-0.156745
-0.0143022	-0.140075
0.00514541	-0.168716
-0.00305788	-0.164066
0.0132373	-0.156384
-0.0199349	-0.152697
-0.0168048	-0.155861
-0.0183614	-0.157162
0.00294236	-0.165058
0.00629194	-0.148046
0.016352	-0.178683
0.016476	-0.165773
0.030551	-0.148355
0.0531064	-0.137377
0.0600819	-0.12222
0.0662255	-0.130644
0.0787923	-0.128149
0.0791561	-0.140396
0.0828567	-0.142058
0.075752	-0.136937
0.074902	-0.138227
0.0847108	-0.129303
0.0928248	-0.132304
0.0871739	-0.128494
0.0963409	-0.130519
0.0982685	-0.129148
0.100041	-0.134856
0.0663287	-0.110056
0.0809408	-0.0832209
0.117218	-0.080785
0.128927	-0.0771328
0.126243	-0.0318785
0.113817	0.00468937
0.131227	0.00627709
0.109359	0.0127688
0.121666	0.031921
0.146589	0.0311329
0.142933	0.0519357
0.142755	0.0577316
0.150639	0.0401314
0.139446	0.024726
0.141399	0.0197895
0.162549	-0.0141803
0.17211	-0.0155551
0.182186	-0.0427423
0.17347	-0.0493888
0.157631	-0.0597493
0.147426	-0.108629
0.110255	-0.139348
0.0899558	-0.145624
0.0695503	-0.168025
0.0726549	-0.180322
0.0749242	-0.187106
0.0623808	-0.149083
0.0310016	-0.150683
0.0274805	-0.157372
0.0130451	-0.153413
0.0226801	-0.150754
-0.0268777	-0.124914
-0.064778	-0.129111
-0.0728444	-0.146224
-0.0809812	-0.158259
-0.0959726	-0.16988
-0.133834	-0.150701
-0.134494	-0.134019
-0.141934	-0.0942161
-0.14074	-0.0952061
-0.15778	-0.0902428
-0.150005	-0.0908179
-0.161403	-0.0691604
-0.150741	-0.0778787
-0.138123	-0.0862219
-0.127977	-0.068865
-0.150305	-0.0853106
-0.154023	-0.0891354
-0.141571	-0.0945391
-0.0987311	-0.126649
-0.104388	-0.120261
-0.09715	-0.112953
-0.106319	-0.105627
-0.081074	-0.0862695
-0.10937	-0.0859824
-0.111971	-0.0950449
-0.110256	-0.0986726
-0.140204	-0.104757
-0.130678	-0.107273
-0.117499	-0.0842681
-0.104141	-0.0738743
-0.115064	-0.0963041
-0.106122	-0.101951
-0.150472	-0.104342
-0.11135	-0.0896554
-0.102283	-0.0894357
-0.0939941	-0.0948207
-0.106897	-0.0980007
-0.088608	-0.100318
-0.0942736	-0.112233
-0.103122	-0.112051
-0.095577	-0.116038
-0.0994797	-0.104703
-0.12248	-0.105925
-0.112674	-0.0987713
-0.118244	-0.107879
-0.115953	-0.148221
-0.105231	-0.151333
-0.0870511	-0.128221
-0.0771425	-0.119457
-0.0893403	-0.115711
-0.092828	-0.111562
-0.0867986	-0.132478
-0.0951431	-0.134238
-0.100273	-0.0973034
-0.131806	-0.0937369
-0.109487	-0.0808531
-0.0990251	-0.0938894
-0.11088	-0.117476
-0.106516	-0.137186
-0.114186	-0.116819
-0.103802	-0.129224
-0.138566	-0.124246
-0.11369	-0.105786
-0.106279	-0.131108
-0.103374	-0.129861
-0.125718	-0.143949
-0.131473	-0.131503
-0.0845258	-0.143103
-0.0937327	-0.153993
-0.0732174	-0.181573
-0.0601658	-0.164177
-0.0391072	-0.149412
-0.0469941	-0.142602
-0.041661	-0.131003
-0.0637226	-0.133612
-0.0782987	-0.119777
-0.0965321	-0.0850305
-0.0812265	-0.13779
-0.0872373	-0.137312
-0.0797022	-0.136582
-0.0893445	-0.134064
-0.0887744	-0.133184
-0.0909396	-0.132695
-0.0881428	-0.11768
-0.0863393	-0.119468
-0.0849464	-0.135538
-0.0962373	-0.137126
-0.10295	-0.13412
-0.104696	-0.103452
-0.126334	-0.116452
-0.124441	-0.116429
-0.10207	-0.122106
-0.0990338	-0.130988
-0.10709	-0.130283
-0.101567	-0.124993
-0.0961229	-0.123418
-0.0775374	-0.121535
-0.0797766	-0.128946
-0.0769737	-0.129451
-0.0989505	-0.136901
-0.0951489	-0.149212
-0.0916568	-0.147447
-0.113628	-0.142254
-0.109188	-0.136556
-0.0799329	-0.144439
-0.093301	-0.150579
-0.0786523	-0.151392
-0.0857261	-0.142264
-0.130159	-0.119641
-0.136581	-0.114422
-0.127913	-0.109389
-0.119868	-0.118814
-0.122284	-0.0905787
-0.118751	-0.0716296
-0.122802	-0.0802858
-0.118644	-0.0885696
-0.129201	-0.0912716
-0.132272	-0.0920382
-0.13189	-0.0914176
-0.155654	-0.0808664
-0.148332	-0.0752176
-0.144583	-0.0756825
-0.135827	-0.0987439
-0.154262	-0.11006
-0.145838	-0.10113
-0.14007	-0.0929573
-0.13953	-0.0837211
-0.141284	-0.0835796
-0.113074	-0.071029
-0.119225	-0.0733696
-0.139297	-0.0863605
-0.159355	-0.0856264
-0.187429	-0.0580066
-0.200951	-0.0673289
-0.178351	-0.0558267
-0.18397	-0.061189
-0.193975	-0.0875975
-0.182004	-0.0620894
-0.177897	-0.0453278
-0.152199	-0.0274116
-0.156762	-0.0290304
-0.184118	-0.0160027
-0.167526	-0.0152383
-0.170052	-0.0198229
-0.177395	0.0193013
-0.171661	0.0134958
-0.146729	0.0085995
-0.169894	-0.0282894
-0.171923	-0.0653276
-0.18752	-0.0390064
-0.144818	-0.00810154
-0.135888	-0.0452124
-0.141458	-0.083211
-0.108827	-0.0724847
-0.121149	-0.0829964
-0.130488	-0.0762518
-0.113152	-0.0639695
-0.142029	-0.0843618
-0.133445	-0.0771679
-0.137653	-0.0598004
-0.135104	-0.00194189
-0.102982	0.0096659
-0.116324	0.00636994
-0.133879	0.00197904
-0.11792	-0.00809184
-0.138165	-0.0125366
-0.147064	-0.0196905
-0.132474	0.000284798
-0.151758	0.00716565
-0.142369	-0.00924277
-0.151822	-0.0170156
-0.158052	-0.00929564
-0.135359	-0.00739618
-0.134702	-0.035007
-0.147302	-0.0665854
-0.135861	-0.0643848
-0.138245	-0.0590709
-0.14873	-0.0424102
-0.169304	-0.0260292
-0.177629	-0.024971
-0.163193	-0.0570686
-0.164701	-0.0590203
-0.172797	-0.0529036
-0.165663	-0.0608977
-0.138823	-0.0640743
-0.139831	-0.0462473
-0.165599	-0.0481703
-0.183187	-0.0447214
-0.172311	-0.0477643
-0.1688	-0.0394069
-0.135405	-0.00309923
-0.144414	-0.0200993
-0.136084	-0.00128158
-0.145601	-0.00914238
-0.192331	-0.0224906
-0.201101	0.00650561
-0.183447	-0.0067354
-0.135215	0.0105413
-0.142344	0.00979712
-0.155544	0.0129672
-0.149902	0.00797541
-0.174636	-0.0235361
-0.1754	-0.0176968
-0.169849	-0.0157306
-0.167289	-0.00494224
-0.123575	0.00765752
-0.133066	0.00763914
-0.129017	0.0151437
-0.144147	0.0159069
-0.148278	0.00950032
-0.145273	0.0627643
-0.125535	0.050066
-0.136271	0.0494221
-0.153325	0.0597414
-0.150121	0.0517
-0.137513	0.051397
-0.122224	0.0508284
-0.117321	0.0520089
-0.114768	0.0633119
-0.117661	0.0661894
-0.137688	0.0629591
-0.123796	0.0466079
-0.11549	0.0589474
-0.119866	0.0628352
-0.126067	0.0685837
-0.145456	0.0720346
-0.165287	0.0564252
-0.123393	0.0411607
-0.128182	0.0462331
-0.146949	0.0651614
-0.174576	0.0733234
-0.170249	0.0636466
-0.157164	0.0528376
-0.135903	0.0833727
-0.115821	0.0792047
-0.156029	0.0632736
-0.143781	0.0691785
-0.145115	0.0682268
-0.139834	0.0686721
-0.132417	0.0530175
-0.138396	0.0572588
-0.140808	0.0680411
-0.153086	0.0711091
-0.147205	0.0696894
-0.139331	0.0713277
-0.144886	0.0663522
-0.109003	0.0439623
-0.122191	0.0382009
-0.145131	0.0326853
-0.130631	0.0378884
-0.136357	0.0407392
-0.148161	0.0417064
-0.131602	0.0462883
-0.134937	0.043465
-0.17051	-0.00301895
-0.194597	0.0372481
-0.229695	0.0362493
-0.204883	0.0299235
-0.194279	0.0242389
-0.180592	0.0177084
-0.137844	-0.0135491
-0.14556	-0.0153506
-0.144068	-0.00825291
-0.155721	-0.00361881
-0.146815	-0.0110922
-0.174208	0.00721809
-0.182081	-0.00803199
-0.184645	-0.026637
-0.17501	-0.022093
-0.152428	-0.0389949
-0.108375	-0.0781877
-0.139471	-0.097868
-0.139462	-0.0911237
-0.138517	-0.0331045
-0.134785	-0.0279894
-0.137678	-0.0253477
-0.119613	-0.0378012
-0.14037	-0.0368156
-0.144074	-0.0315009
-0.173846	-0.0175381
-0.166766	-0.0166466
-0.165517	-0.0161923
-0.168945	-0.0210131
-0.17651	-0.0413166
-0.141078	-0.0293288
-0.12834	-0.0267337
-0.138476	-0.0269672
-0.141855	-0.0342235
-0.17456	-0.0121781
-0.156489	-0.00991413
-0.165807	-0.00680233
-0.184063	-0.0160411
-0.189437	-0.00356783
-0.188462	0.00161291
-0.183025	0.00698201
-0.187549	0.00579722
-0.163956	0.00401406
-0.148719	-0.00241405
-0.117892	0.00286795
-0.121973	0.0179094
-0.140324	0.0324769
-0.146952	0.0429237
-0.144296	0.0404734
-0.187624	0.0681009
-0.172669	0.0632954
-0.162076	0.0571052
-0.172028	0.036394
-0.152454	0.0601541
-0.112239	0.0587541
-0.124481	0.0681069
-0.151837	0.094877
-0.108162	0.0752813
-0.124434	0.0808161
-0.111881	0.0967937
-0.102858	0.0706979
-0.117733	0.0715915
-0.154336	0.0936061
-0.146272	0.0828027
-0.144	0.0821979
-0.131705	0.0754636
-0.146308	0.0717323
-0.125388	0.0825816
-0.128434	0.0840881
-0.13747	0.0518172
-0.174641	0.0691886
-0.148945	0.0651262
-0.143872	0.0652726
-0.146075	0.0681987
-0.150807	0.049528
-0.135128	0.0412327
-0.132805	0.0404954
-0.160633	0.0523646
-0.147565	0.0622802
-0.161852	0.0713121
-0.137557	0.074952
-0.122766	0.0740854
-0.118163	0.0604436
-0.0998742	0.0552802
-0.127024	0.0507516
-0.136272	0.0546967
-0.139755	0.076548
-0.145228	0.0722318
-0.128738	0.0249358
-0.138593	0.0305842
-0.147378	0.0106682
-0.137571	0.02036
-0.121806	0.0227153
-0.147214	0.00338436
-0.157718	-0.0259552
-0.152832	-0.017517
-0.155139	-0.0174531
-0.148609	-0.0258032
-0.16276	-0.0096591
-0.184832	0.0024603
-0.190679	-0.00170184
-0.178424	-0.00121929
-0.176972	-0.0681641
-0.166711	-0.0645908
-0.152518	-0.0548458
-0.144396	-0.0381215
-0.149851	-0.0304433
-0.145705	-0.0350727
-0.153362	-0.0543448
-0.151213	-0.084066
-0.1435	-0.0803214
-0.154178	-0.0753857
-0.162742	-0.0851789
-0.140156	-0.0929051
-0.135367	-0.0940051
-0.159411	-0.078244
-0.152089	-0.0864498
-0.109897	-0.070866
-0.135115	-0.0822966
-0.138595	-0.0860796
-0.137139	-0.085613
-0.112913	-0.0773671
-0.124413	-0.0789388
-0.131466	-0.0952482
-0.127362	-0.130457
-0.094558	-0.104023
-0.110374	-0.116931
-0.103438	-0.123509
-0.0812025	-0.140308
-0.0410775	-0.133626
-0.0552253	-0.136772
-0.0600391	-0.135928
-0.0712166	-0.120579
-0.0749533	-0.159717
-0.0582428	-0.144288
-0.0519065	-0.149138
-0.050637	-0.157925
-0.0399282	-0.157616
-0.0393191	-0.157101
-0.0400427	-0.158086
-0.0184541	-0.169888
0.0156069	-0.170913
0.0507657	-0.173465
0.0441191	-0.171878
0.0274838	-0.156255
0.0284692	-0.158343
0.0241425	-0.16481
0.0280934	-0.169671
-0.00652559	-0.172803
-0.00598322	-0.155204
0.0017534	-0.153488
-0.00451322	-0.142466
0.00528162	-0.15788
0.0121262	-0.160677
0.0114988	-0.143291
0.0122824	-0.148717
0.0283714	-0.150414
0.00387203	-0.128474
0.0155318	-0.115886
0.0172821	-0.131314
0.0296266	-0.157183
0.0321437	-0.15855
0.0208165	-0.151972
0.0216793	-0.155428
0.0160582	-0.154357
0.0206471	-0.129443
0.0430856	-0.15286
0.0441442	-0.156221
0.0706531	-0.128474
0.0613772	-0.141868
0.0511923	-0.148757
0.039472	-0.167194
0.0377586	-0.157561
0.0379849	-0.154825
0.0392757	-0.153747
0.0410831	-0.151844
0.022227	-0.174154
0.0298553	-0.161606
0.0608078	-0.159613
0.0551358	-0.162313
0.0576544	-0.183976
0.0403318	-0.165717
0.0398183	-0.164648
0.0363733	-0.155386
0.0470209	-0.16754
0.0468756	-0.151011
0.0433951	-0.153438
0.0855886	-0.14691
0.0893214	-0.151183
0.0847447	-0.145359
0.0655322	-0.145367
0.0638284	-0.145016
0.0683022	-0.144293
0.0470255	-0.146473
0.0636146	-0.15137
0.0596509	-0.152903
0.0787313	-0.148729
0.092288	-0.20503
0.0954106	-0.194824
0.0923406	-0.173332
0.0968973	-0.181338
0.102849	-0.156923
0.102713	-0.149963
0.0778591	-0.165169
0.087022	-0.153285
0.0815906	-0.145326
0.080446	-0.14355
0.10832	-0.123121
0.104827	-0.121701
0.114679	-0.150165
0.0691939	-0.15493
0.0597522	-0.159076
0.0411206	-0.161672
0.0323501	-0.18093
0.0244752	-0.174334
0.0367959	-0.171583
0.0565569	-0.169419
0.0634635	-0.161292
0.0525253	-0.15442
0.0362594	-0.154707
0.0489715	-0.167464
0.0476842	-0.160946
0.0452052	-0.149872
0.0498946	-0.13024
0.0522045	-0.13808
0.0699083	-0.113689
0.0690342	-0.123022
0.0812003	-0.107404
0.0910292	-0.0951861
0.111071	-0.0981511
0.124439	-0.10045
0.117991	-0.109708
0.134399	-0.102298
0.108584	-0.094429
0.124846	-0.0998522
0.109811	-0.0962829
0.125431	-0.102098
0.12768	-0.100314
0.132476	-0.105394
0.111568	-0.124229
0.129022	-0.12148
0.094097	-0.10825
0.10222	-0.114947
0.0991204	-0.141332
0.0864218	-0.12178
0.109266	-0.114343
0.100019	-0.112007
0.116096	-0.107528
0.113331	-0.112578
0.104277	-0.111027
0.104522	-0.112771
0.105863	-0.114225
0.103437	-0.121719
0.103343	-0.117902
0.104331	-0.11151
0.101491	-0.103198
0.0990305	-0.115786
0.106952	-0.107067
0.107046	-0.111614
0.0869039	-0.139423
0.084974	-0.13425
0.0896653	-0.133526
0.10874	-0.119787
0.104991	-0.134911
0.116305	-0.132195
0.0884534	-0.128121
0.108705	-0.130648
0.117714	-0.132078
0.112404	-0.121497
0.0939143	-0.123518
0.0904306	-0.119892
0.0945027	-0.122741
0.0889229	-0.135398
0.101886	-0.11913
0.109516	-0.100619
0.13044	-0.112362
0.158505	-0.0994078
0.119033	-0.0988802
0.125006	-0.112517
0.127529	-0.12403
0.131207	-0.0969662
