0.101758	-0.086291
0.0984268	-0.0772303
0.118248	-0.0921527
0.107303	-0.0880023
0.0844891	-0.0767294
0.0795955	-0.0909331
0.0558515	-0.0745672
0.0499323	-0.0738925
0.0517383	-0.0763168
0.0539996	-0.0775178
0.0480271	-0.0818047
0.0363891	-0.0731322
0.03401	-0.0703367
0.0431955	-0.0704018
0.0323065	-0.0306596
0.0571281	-0.0389474
0.0701463	-0.032192
0.0511939	-0.0332915
0.0641001	-0.0320841
0.0709195	-0.0441581
0.0754036	-0.0515641
0.0607874	-0.0253407
0.0794064	-0.0598372
0.0833615	-0.0658882
0.0963496	-0.0950395
0.108272	-0.0834377
0.0965707	-0.0854537
0.075078	-0.0851349
0.0656774	-0.0855349
0.0735722	-0.0880198
0.070489	-0.0525342
0.0755391	-0.0625981
0.087122	-0.0736481
0.0827357	-0.0851385
0.0873849	-0.0949462
0.102947	-0.0957655
0.0995633	-0.115836
0.102192	-0.109648
0.0770665	-0.116117
0.056607	-0.0974016
0.0764119	-0.0972544
0.105716	-0.0910022
0.103532	-0.0799746
0.116559	-0.0841166
0.119726	-0.11871
0.113721	-0.107745
0.138811	-0.108748
0.100118	-0.0997866
0.101268	-0.0989454
0.116844	-0.108851
0.128481	-0.146034
0.124259	-0.113349
0.111481	-0.151282
0.0946777	-0.133494
0.138108	-0.162726
0.151833	-0.152648
0.122108	-0.128218
0.103107	-0.132737
0.0832644	-0.135616
0.099541	-0.122468
0.0938692	-0.104772
0.0922337	-0.110278
0.121438	-0.10311
0.0932432	-0.111666
0.103341	-0.0972627
0.0988001	-0.128443
0.0965329	-0.120224
0.119084	-0.078488
0.10601	-0.0859376
0.104774	-0.0763633
0.083954	-0.0824594
0.0943086	-0.106125
0.0843288	-0.0891253
0.0894567	-0.0973972
0.0766901	-0.0849843
0.115156	-0.0826745
0.108837	-0.0834752
0.110775	-0.0883187
0.0964365	-0.0886381
0.110703	-0.119112
0.113784	-0.114046
0.116458	-0.114597
0.118483	-0.164579
0.0938078	-0.119975
0.11222	-0.117988
0.111172	-0.104991
0.11149	-0.100106
0.110026	-0.0945569
0.107824	-0.100669
0.137788	-0.0954991
0.127726	-0.0991579
0.134177	-0.076383
0.134343	-0.0647376
0.130325	-0.0707022
0.132155	-0.0629245
0.123021	-0.07624
0.14437	-0.0711747
0.141558	-0.0701
0.126136	-0.0918083
0.169199	-0.0640914
0.150526	-0.0649844
0.141633	-0.0767168
0.138322	-0.0796493
0.168168	-0.100041
0.154307	-0.0890432
0.132619	-0.0884665
0.132804	-0.085366
0.147153	-0.0933148
0.161151	-0.096363
0.135954	-0.0712513
0.129317	-0.0626553
0.123392	-0.0670541
0.127258	-0.115534
0.121189	-0.109884
0.122984	-0.101221
0.157528	-0.121265
0.158546	-0.0844331
0.150052	-0.0741716
0.124668	-0.0616003
0.146237	-0.0690359
0.165135	-0.068996
0.168457	-0.0976993
0.141789	-0.0736132
0.134027	-0.107793
0.148952	-0.0909976
0.149048	-0.070943
0.149264	-0.0615803
0.163334	-0.0584679
0.159675	-0.0479817
0.172259	-0.0081476
0.176439	-6.94513e-05
0.158034	0.00985913
0.160514	-0.00540121
0.145643	-0.0474235
0.152592	-0.0417407
0.144076	-0.022326
0.113357	-0.0279005
0.12042	-0.02849
0.137179	-0.0360136
0.153226	-0.0298364
0.139779	-0.0361985
0.143248	-0.0374349
0.149511	-0.0404059
0.14619	-0.0317295
0.160304	-0.0370112
0.152177	-0.0257614
0.138475	-0.0299158
0.163286	-0.0111516
0.179146	-0.0188047
0.151019	0.00199097
0.13513	-0.00406642
0.136905	0.00435022
0.140668	-0.00318433
0.150801	0.00380639
0.124376	-0.0179671
0.12337	-0.0330848
0.131446	-0.0259285
0.136936	-0.0194942
0.165619	-0.0404278
0.158458	-0.000719419
0.151556	-0.00929747
0.164815	-0.0149324
0.171803	0.0110226
0.156369	0.00309591
0.164463	0.00903384
0.14562	0.00279745
0.146139	-0.00416274
0.141765	-0.0163525
0.142699	-0.0277653
0.148669	-0.0317252
0.138715	-0.0323415
0.141033	-0.0307179
0.146139	-0.022787
0.152384	-0.0548829
0.14411	-0.0386803
0.157397	-0.00690562
0.146334	0.000983358
0.120072	-0.00961277
0.12067	-0.0261869
0.127331	-0.0351476
0.133045	-0.063897
0.15462	-0.0833895
0.140875	-0.0919656
0.137916	-0.0858238
0.124897	-0.072209
0.142598	-0.0804267
0.140392	-0.0703193
0.107784	-0.0867337
0.127947	-0.0779893
0.134455	-0.0946401
0.128848	-0.0798011
0.148352	-0.0631607
0.139217	-0.0625489
0.139804	-0.0604853
0.11867	-0.0901394
0.123793	-0.0834269
0.150495	-0.0613415
0.134461	-0.0615569
0.171793	-0.0747313
0.162163	-0.0764744
0.149289	-0.0806616
0.142813	-0.0939179
0.165281	-0.0867697
0.132402	-0.128049
0.126694	-0.107803
0.14132	-0.0787305
0.133868	-0.0824327
0.131851	-0.0684631
0.124391	-0.0741787
0.132355	-0.0695423
0.148952	-0.036815
0.133334	-0.0447626
0.148758	-0.060311
0.138396	-0.0669702
0.140598	-0.0598716
0.134936	-0.0602517
0.136226	-0.0734954
0.130323	-0.106049
0.128128	-0.0993897
0.12584	-0.0956843
0.150207	-0.0907953
0.121056	-0.0487033
0.12614	-0.0586535
0.135434	-0.0518715
0.122683	-0.0707484
0.120517	-0.0202841
0.144889	-0.0557668
0.161975	-0.0594427
0.157064	-0.0518376
0.155941	-0.0357027
0.157989	-0.0389245
0.183715	-0.0320128
0.169211	-0.0343662
0.129773	-0.0244255
0.136415	-0.0196828
0.141829	-0.0428687
0.161878	-0.0294695
0.143286	-0.028641
0.14636	-0.0276187
0.158386	-0.024736
0.170136	-0.0556593
0.167115	-0.0360229
0.159182	-0.0191154
0.150313	0.0172003
0.16749	-0.0106509
0.16767	-0.0113129
0.157526	0.0143985
0.174801	-0.00451195
0.157539	0.00145682
0.127542	0.00500288
0.163292	-0.00529309
0.177254	-0.0128316
0.165782	-0.0206707
0.159055	-0.00786167
0.147719	0.00273377
0.147894	0.00564032
0.125426	-0.00525207
0.159319	-0.0106448
0.162972	-0.00702193
0.167983	-0.0128282
0.163486	0.0130282
0.180401	0.0030898
0.179653	0.0238764
0.174319	0.0258101
0.169275	0.0258195
0.16704	0.02419
0.150684	0.0284173
0.164543	0.00903783
0.149578	0.0209358
0.145016	-0.0280626
0.170801	0.0050694
0.133455	0.0344168
0.139672	0.0115542
0.152455	0.0257187
0.146867	0.036178
0.103304	0.0414424
0.122221	0.0418772
0.152035	0.0133315
0.143481	-0.00271147
0.154903	-0.00117774
0.157503	0.027826
0.150563	0.0462752
0.170645	0.0376674
0.157483	0.0496363
0.136771	0.0770997
0.141288	0.0885876
0.127802	0.111196
0.142771	0.0976385
0.139614	0.0648036
0.148272	0.0629354
0.158522	0.0587805
0.135237	0.0563966
0.164564	0.0406496
0.190484	0.0606001
0.188104	0.0817656
0.186446	0.0654188
0.161444	0.0690037
0.143288	0.0588234
0.129393	0.0686002
0.142399	0.0469301
0.150534	0.0491617
0.146736	0.0303996
0.141825	0.0389489
0.144179	-0.00176515
0.158441	-0.0187615
0.160609	-0.0141467
0.159076	-0.00241824
0.178218	0.0370887
0.175201	0.00988321
0.15226	0.00121606
0.130449	0.00608519
0.135173	0.0107593
0.138652	0.0257883
0.13679	0.0300244
0.146379	0.0129019
0.154584	0.0200767
0.163686	0.0320551
0.159377	0.0317013
0.153897	0.0344552
0.180134	0.0252536
0.158844	0.0292934
0.171152	0.0326354
0.156892	0.0477109
0.146794	0.0816332
0.129311	0.0451163
0.142462	0.0547395
0.13287	0.0563692
0.132843	0.0530435
0.140091	0.0527901
0.143767	0.0596767
0.137464	0.0712546
0.114553	0.0749899
0.134863	0.0682233
0.138319	0.0776601
0.134666	0.0768994
0.141451	0.0724147
0.142985	0.0919749
0.148578	0.0644932
0.146224	0.0702494
0.138935	0.0852769
0.132604	0.0873178
0.102711	0.0665151
0.102603	0.085209
0.146847	0.0775287
0.113829	0.0848361
0.138721	0.0980457
0.135519	0.113347
0.127026	0.113702
0.123065	0.117049
0.12815	0.13109
0.137792	0.139471
0.104133	0.145659
0.132898	0.189227
0.150172	0.151221
0.128042	0.14721
0.101633	0.152585
0.0836534	0.154627
0.0651095	0.145597
0.0682871	0.127358
0.0528086	0.146235
0.0906291	0.159811
0.08462	0.190592
0.071236	0.15096
0.0373484	0.154438
0.0607417	0.149663
0.0471564	0.137827
0.0604932	0.136868
0.0546336	0.134451
0.0684166	0.132993
0.0711753	0.123788
0.077391	0.127794
0.0822221	0.130945
0.0851369	0.133139
0.058936	0.140068
0.0676797	0.145389
0.0867866	0.130265
0.0860064	0.134727
0.0854758	0.130586
0.100887	0.140611
0.0770339	0.144245
0.100055	0.143734
0.126329	0.121232
0.115324	0.137771
0.100588	0.126316
0.103595	0.122938
0.100438	0.122652
0.110594	0.126168
0.103072	0.125073
0.099783	0.123577
0.0949084	0.125333
0.113339	0.108414
0.123019	0.1342
0.102952	0.126448
0.0801119	0.121979
0.0818007	0.108685
0.0848191	0.0965036
0.083753	0.139325
0.0643662	0.125592
0.0761191	0.123733
0.0784751	0.110183
0.0869314	0.125389
0.101681	0.126051
0.110837	0.122926
0.103478	0.137449
0.100508	0.114672
0.107073	0.0946864
0.135676	0.0877952
0.152227	0.0853163
0.13036	0.0984073
0.125908	0.0996959
0.123457	0.109385
0.12036	0.129094
0.107233	0.127726
0.109436	0.128662
0.0981204	0.13754
0.0972935	0.116127
0.105307	0.114468
0.106661	0.113999
0.109589	0.124271
0.130735	0.131955
0.139429	0.149887
0.149003	0.161922
0.127518	0.148105
0.102375	0.140651
0.119671	0.112405
0.109123	0.113971
0.130998	0.113125
0.11223	0.122868
0.115486	0.110701
0.122203	0.0966962
0.136079	0.0837151
0.117078	0.0956972
0.123021	0.0881004
0.127033	0.0862936
0.146637	0.0913373
0.147191	0.0837569
0.097145	0.0634421
0.0938866	0.0307727
0.109159	0.0472105
0.120559	0.0888765
0.152773	0.090937
0.148523	0.0804848
0.134331	0.101425
0.137796	0.0845955
0.135259	0.0752625
0.1238	0.0579348
0.169932	0.0889835
0.165872	0.0513637
0.151359	0.0541525
0.145479	0.0485299
0.148007	0.0415286
0.149724	0.0458173
0.148934	0.0505342
0.145613	0.0491748
0.142626	0.0695104
0.14183	0.0442495
0.1256	0.0468468
0.120447	0.0538496
0.12646	0.0617792
0.130098	0.0693051
0.145181	0.0805082
0.142548	0.0885772
0.161419	0.0705343
0.151133	0.0813843
0.132787	0.0890837
0.132093	0.117217
0.118396	0.0616157
0.100524	0.0855247
0.1211	0.0853633
0.114541	0.0990799
0.0954121	0.112372
0.120296	0.102979
0.112251	0.108184
0.129001	0.101062
0.120418	0.112714
0.11416	0.115574
0.149903	0.113946
0.137127	0.111409
0.126806	0.112562
0.11499	0.103716
0.0950794	0.0764586
0.0881599	0.0906611
0.0957328	0.0710766
0.0772655	0.0719663
0.0923192	0.0903995
0.107757	0.0891777
0.0856736	0.0909635
0.0949718	0.102346
0.0984408	0.0975389
0.131845	0.104721
0.104274	0.11767
0.0986515	0.154655
0.112403	0.157899
0.108034	0.154106
0.110549	0.139695
0.0950467	0.124452
0.0930759	0.11199
0.0917191	0.118092
0.0950569	0.131807
0.054244	0.127703
0.0847958	0.134112
0.0966624	0.138936
0.077696	0.136589
0.0738356	0.158764
0.0830108	0.141846
0.0933892	0.163415
0.102523	0.132155
0.0916014	0.139244
0.113828	0.115981
0.078405	0.116319
0.0852716	0.127258
0.090262	0.107823
0.088317	0.123903
0.0781475	0.0779381
0.065145	0.115731
0.063961	0.12573
0.0850957	0.133782
0.0659728	0.145329
0.0513498	0.158441
0.0546996	0.14802
0.0923303	0.164689
0.0972862	0.123687
0.0845882	0.1553
0.0416889	0.131813
0.0943781	0.148323
0.100549	0.141502
0.121308	0.149773
0.100824	0.162146
0.112474	0.108252
0.102305	0.127278
0.104718	0.125481
0.0813201	0.121184
0.0901218	0.127116
0.0831781	0.127766
0.0836827	0.140668
0.0932712	0.110854
0.0906128	0.117497
0.094514	0.116075
0.105964	0.10974
0.0872504	0.148567
0.0878754	0.143812
0.0796372	0.134303
0.0847341	0.142074
0.0839105	0.139692
0.0873827	0.140301
0.0831838	0.13993
0.103506	0.171946
0.0906133	0.166361
0.0890094	0.151903
0.0838104	0.138974
0.0777227	0.143343
0.0734408	0.149142
0.0629495	0.145483
0.0501086	0.148662
0.0472399	0.154232
0.0177899	0.139479
0.0396751	0.154924
0.0445026	0.17486
0.0487948	0.164334
0.0677638	0.141326
0.053718	0.139655
0.0473675	0.133426
0.0390858	0.146616
0.0399405	0.148595
0.0365915	0.158551
0.0750901	0.17949
0.105901	0.163877
0.0537097	0.16949
0.0423152	0.162119
0.0321619	0.166364
0.0390515	0.172449
0.0410213	0.176047
0.0488943	0.173
0.0706504	0.179619
0.062391	0.164941
0.0722961	0.166153
0.0689377	0.124636
0.0463251	0.115056
0.0385346	0.133333
0.0357323	0.156635
0.0542197	0.155037
0.0509886	0.153639
0.0235441	0.159872
0.0372542	0.167526
0.0433512	0.156511
0.0614634	0.192518
0.0401127	0.190717
0.0399745	0.176205
0.0537142	0.151161
0.0432137	0.153334
0.0723084	0.213733
0.0703232	0.190362
0.0644564	0.196083
0.0632174	0.178741
0.0676637	0.161006
0.0610687	0.149519
0.0566014	0.160449
0.0692641	0.15237
0.064991	0.167693
0.069999	0.11589
0.0795287	0.114714
0.125172	0.125812
0.119264	0.132279
0.105698	0.107526
0.105343	0.113838
0.108107	0.11648
0.109708	0.123369
0.114921	0.124267
0.129983	0.122326
0.103196	0.144488
0.112478	0.121478
0.113729	0.09157
0.121945	0.0851926
0.122645	0.0781408
0.130879	0.0926503
0.123664	0.0859742
0.13125	0.0635171
0.129333	0.0931687
0.152829	0.083316
0.133214	0.0565128
0.107884	0.0152357
0.0991446	0.022116
0.115599	0.0571823
0.130998	0.0565142
0.166899	0.0510156
0.160679	0.0512171
0.179306	0.0594722
0.185111	0.123994
0.184139	0.0947679
0.210666	0.080825
0.184068	0.0750057
0.173749	0.0832595
0.157318	0.0690673
0.149352	0.0365287
0.146957	0.0281382
0.139198	0.00368462
0.12887	0.0115131
0.141658	0.0207955
0.147812	0.0307107
0.145608	0.0320801
0.129783	0.0320248
0.143527	0.0388398
0.152372	0.040002
0.151437	0.0557236
0.163577	0.0678109
0.16239	0.0554144
0.162011	0.0491117
0.173759	0.0423981
0.167226	0.0334237
0.176069	0.0027295
0.180445	0.0017086
0.154835	0.00780842
0.146108	0.00580764
0.154505	0.0119563
0.153207	-0.0259638
0.158656	-0.0047916
0.156376	-0.0195115
0.175577	-0.00469386
0.172836	0.0028422
0.175928	-0.00393442
0.172515	-0.00628801
0.170833	-0.00539368
0.16985	0.0135442
0.151665	0.0128457
0.166826	-0.00890807
0.115943	-0.0325752
0.103121	-0.0112754
0.145109	-0.0318151
0.152455	-0.00841622
0.16001	-0.0233785
0.116486	-0.026726
0.126831	-0.0167326
0.136438	-0.00781628
0.157393	-0.0141397
0.154954	-0.00700179
0.156985	-0.0121162
0.17962	-0.0229424
0.187596	-0.026774
0.158401	-0.00242345
0.165189	0.0177527
0.172786	0.00605956
0.160691	0.00187729
0.199956	-0.0175738
0.191287	-0.0114338
0.218473	-0.0115936
0.168204	-0.0229871
0.163678	-0.0140073
0.168263	-0.0124804
0.151672	-0.00980252
0.139823	0.0339559
0.132313	0.0286477
0.132678	0.000215615
0.170164	0.000354013
0.168284	-0.00274578
0.133234	-0.0162977
0.141968	-0.027905
0.134183	-0.0472561
0.14791	-0.0363534
0.129617	-0.00661381
0.133334	-0.0171341
0.142728	-0.0120361
0.1445	-0.0303751
0.147698	-0.0219487
0.154029	-0.0222907
0.17264	-0.00105708
0.169451	-0.00504061
0.146821	-0.0280386
0.162232	-0.0533654
0.163718	-0.024229
0.162042	-0.0251177
0.188006	-0.020292
0.163916	-0.00711677
0.179357	-0.000273946
0.208303	-0.0250588
0.225933	-0.0218607
0.205492	-0.0382506
0.188478	-0.0364054
0.177196	-0.0347763
0.146456	-0.0454478
0.153544	-0.0443716
0.189147	0.00185747
0.1723	-0.00303111
0.186226	-0.00889595
0.184842	0.0020498
0.164412	0.00119195
0.154133	0.00493905
0.146057	-0.0108738
0.147538	-0.0318805
0.150583	-0.0208515
0.138613	-0.00957638
0.158199	-0.0191655
0.153692	-0.0101848
0.186621	-0.0208879
0.167295	-0.013572
0.186356	0.0154542
0.176347	0.022331
0.163306	0.0127215
0.153149	-0.0209753
0.141816	-0.00325752
0.146032	0.0192764
0.112125	0.025695
0.122321	0.0434334
0.143253	0.0745107
0.172618	0.0745417
0.162738	0.0677274
0.163433	0.0642285
0.137543	0.071665
0.133703	0.0350002
0.143704	0.0341953
0.143994	0.0328035
0.122275	0.0261981
0.13403	0.0689049
0.132531	0.0796005
0.135056	0.0857322
0.128697	0.0730185
0.132947	0.0806536
0.134382	0.0907534
0.128027	0.0975174
0.133118	0.11148
0.163585	0.0879805
0.14521	0.12806
0.109519	0.103887
0.107074	0.0850606
0.114815	0.0968859
0.12224	0.101102
0.120701	0.0987946
0.121338	0.125186
0.100582	0.124517
0.101654	0.127927
0.112914	0.134453
0.0988917	0.124028
0.113247	0.125614
0.109825	0.149637
0.115594	0.166213
0.105371	0.123844
0.121725	0.153261
0.11295	0.156929
0.106233	0.145917
0.0952477	0.135126
0.0973079	0.116708
0.0956195	0.114927
0.110828	0.105905
0.107748	0.112538
0.111012	0.108301
0.0967542	0.114281
0.102275	0.127761
0.103042	0.149532
0.0962817	0.146232
0.104158	0.15876
0.0805967	0.152058
0.100243	0.169479
0.127135	0.166986
0.117528	0.153209
0.139737	0.142974
0.11523	0.1119
0.0998303	0.121707
0.10114	0.119351
0.0877042	0.118836
0.0871237	0.12748
0.098184	0.126848
0.0993003	0.124488
0.102787	0.105711
0.0943614	0.111066
0.0928044	0.111558
0.0985977	0.125571
0.0988782	0.124043
0.131559	0.106294
0.101846	0.109247
0.0781503	0.112588
0.0945535	0.130815
0.0899848	0.125069
0.0848017	0.117328
0.106504	0.11983
0.119232	0.150455
0.103389	0.145336
0.0878902	0.139929
0.0859971	0.138364
0.0527646	0.126913
0.0154141	0.149919
0.0652367	0.122468
0.056753	0.136548
0.0487867	0.143205
0.0875944	0.12429
0.0839746	0.130689
0.0797318	0.148742
0.0914678	0.142924
0.0980236	0.12814
0.0900721	0.148432
0.0756382	0.147741
0.0748558	0.16035
0.0880128	0.14558
0.0625626	0.178401
0.0509775	0.157578
0.052771	0.152998
0.079628	0.130395
0.0972841	0.144019
0.0770267	0.157911
0.0440528	0.16488
0.0562017	0.156856
0.0443866	0.16605
0.0241161	0.163102
0.0492885	0.197422
0.0370884	0.176173
0.0277089	0.16815
0.0173334	0.160613
0.0277987	0.156022
0.0299647	0.142356
0.0349027	0.137387
0.0476981	0.139953
0.063138	0.112636
0.0536405	0.132461
0.0555249	0.12406
0.0400584	0.146038
0.0322183	0.149674
0.0244009	0.144931
0.0376215	0.150661
0.0517192	0.142728
0.0665409	0.136289
0.0605718	0.140386
0.10957	0.173804
0.0801615	0.148652
0.0717153	0.168103
0.0559666	0.149464
0.0556478	0.141575
0.0308151	0.138359
0.0131061	0.111446
0.00934539	0.106408
0.0302714	0.112105
0.0398587	0.119439
0.0379871	0.14535
0.0496503	0.146922
0.0739239	0.152688
0.0835124	0.140689
0.0888526	0.13508
0.0831553	0.137009
0.0939532	0.138325
0.115537	0.117972
0.0909836	0.119263
0.0847703	0.129676
0.123891	0.137202
0.104991	0.155533
0.0813806	0.134345
0.0741567	0.13925
0.0784773	0.143731
0.0626762	0.136612
0.103677	0.121516
0.099884	0.1224
0.0951354	0.127439
0.0868393	0.114578
0.0601556	0.104151
0.0710425	0.0880231
0.075493	0.11514
0.0629857	0.154695
0.0815643	0.142422
0.0813511	0.0982348
0.0965778	0.11035
0.0908554	0.108143
0.0843576	0.119352
0.087242	0.128492
0.104867	0.141373
0.083428	0.165036
0.090611	0.154986
0.0870017	0.132669
0.0934722	0.132005
0.10358	0.135167
0.110971	0.136314
0.109401	0.138106
0.103931	0.154107
0.0859729	0.150553
0.0830867	0.147189
0.0584013	0.151522
0.0519326	0.146641
0.0662744	0.142008
0.0765628	0.13594
0.0913653	0.166435
0.0904573	0.15278
0.0936875	0.145151
0.109228	0.148936
0.108854	0.158956
0.114913	0.153896
0.104765	0.148524
0.113321	0.125564
0.0996288	0.147588
0.105181	0.1541
0.103922	0.120662
0.0828931	0.134536
0.0819901	0.138555
0.0831341	0.118042
0.0580604	0.100092
0.058948	0.123791
0.0587274	0.130719
0.0650249	0.117184
0.0785507	0.117775
0.0657817	0.148016
0.0640326	0.10959
0.0535093	0.128446
0.056663	0.1536
0.0223739	0.110483
0.0322964	0.102322
0.0383059	0.112463
0.0418908	0.130985
0.0423243	0.140749
0.0498546	0.119219
0.0629113	0.116922
0.0838244	0.0832277
0.0592728	0.116535
0.0903777	0.141893
0.0576884	0.139324
0.051085	0.166657
0.043586	0.166606
0.0429821	0.150977
0.0361994	0.149727
0.0113041	0.158336
0.0178581	0.159155
0.0272556	0.196791
0.0158003	0.169929
0.0250469	0.16296
0.0310713	0.161623
0.0164071	0.142612
0.0401017	0.147964
0.0237234	0.141801
0.0539129	0.141479
0.0730504	0.15226
0.0789078	0.159083
0.0701322	0.150698
0.0365974	0.139483
0.00302739	0.151938
0.0264838	0.147878
0.0276509	0.152293
0.0390031	0.133596
0.0620853	0.139101
0.0601837	0.129848
0.0726316	0.134161
0.0973661	0.160804
0.0829921	0.155201
0.0822823	0.144022
0.124058	0.133596
0.0910011	0.125194
0.0937835	0.128147
0.0981618	0.119346
0.100032	0.115426
0.107556	0.128526
0.0986088	0.138216
0.101273	0.127997
0.112804	0.131279
0.125937	0.0957556
0.129253	0.111163
0.139975	0.0923058
0.130389	0.111355
0.13017	0.137126
0.148356	0.144326
0.130907	0.14073
0.119936	0.159018
0.106998	0.143983
0.100333	0.140917
0.0984942	0.137213
0.0977656	0.134566
0.0761765	0.1599
0.0725311	0.135391
0.0818595	0.1332
