0.124763	-0.0281554
0.123637	-0.0165958
0.117426	-0.0295564
0.156762	-0.0225147
0.162705	-0.0232921
0.150162	-0.0242126
0.158999	-0.0329359
0.154275	-0.0445064
0.177575	-0.0059305
0.162841	0.00108287
0.148572	0.0354564
0.152541	0.0346588
0.144948	0.0121513
0.165864	0.00472488
0.130919	-0.00722604
0.156094	0.00865855
0.165214	0.00543231
0.169555	0.0127673
0.153709	0.00994185
0.137541	0.0425412
0.124786	0.0259627
0.121939	0.0322536
0.132712	0.0474945
0.111385	0.0391627
0.13244	0.0260932
0.118687	0.0190477
0.119564	0.028257
0.156399	0.0565889
0.132239	0.0425756
0.135309	0.0602313
0.14722	0.0646312
0.145887	0.068508
0.125439	0.0757932
0.124572	0.112148
0.0876329	0.0943038
0.0559605	0.153781
0.00102595	0.15139
-0.0178624	0.168502
-0.0344703	0.147055
-0.0433666	0.151514
-0.0335802	0.138253
-0.0225535	0.128866
0.00337218	0.134169
0.0174041	0.121369
0.0627335	0.109443
0.0595815	0.116042
0.0668194	0.0908698
0.0488818	0.0824033
0.0619496	0.0544081
0.080403	0.0603274
0.0964667	0.0640465
0.107297	0.0723564
0.130538	0.0731427
0.127191	0.0513413
0.120779	0.0473921
0.12622	0.0294254
0.121402	0.04811
0.147523	0.0341362
0.143467	0.0540117
0.13649	0.0591678
0.127663	0.0633472
0.140682	0.0719416
0.153695	0.0410331
0.158728	0.0471028
0.164656	0.0597376
0.173119	0.0718789
0.16799	0.0849299
0.156963	0.0752422
0.139399	0.115838
0.141915	0.106303
0.133625	0.0991165
0.125557	0.0880357
0.112314	0.0978195
0.0887701	0.103733
0.0858006	0.0919184
0.0975354	0.0910043
0.112868	0.0766481
0.115492	0.0934303
0.109967	0.0927789
0.105192	0.0927876
0.0979746	0.0956954
0.0796136	0.147675
0.0986173	0.140201
0.102533	0.127814
0.146021	0.117632
0.126182	0.0970338
0.132747	0.106386
0.114426	0.093602
0.131065	0.0855068
0.126784	0.115825
0.114363	0.115489
0.0977152	0.125426
0.0894183	0.109235
0.117115	0.117301
0.125388	0.123007
0.107913	0.151426
0.122039	0.14314
0.108455	0.139094
0.0649675	0.142411
0.0420671	0.131752
0.0615885	0.132025
0.0278683	0.140233
0.0516267	0.14462
0.0537783	0.129839
0.055241	0.135475
0.0518397	0.136555
0.0527027	0.149399
0.0479638	0.173627
0.0512839	0.173913
0.0625228	0.161803
0.0652044	0.142998
0.0726264	0.151034
0.0753016	0.139231
0.0693972	0.112722
0.0924237	0.120859
0.113407	0.100602
0.0885151	0.0985411
0.097086	0.108465
0.0981842	0.112218
0.101144	0.129434
0.123003	0.122993
0.102708	0.136316
0.114196	0.118447
0.114627	0.120302
0.107802	0.116093
0.0860063	0.123523
0.0710263	0.127629
0.0907059	0.114244
0.111834	0.102079
0.13862	0.0882428
0.115497	0.0862662
0.129993	0.0729254
0.133141	0.0675177
0.118727	0.0678331
0.153546	0.0612475
0.159912	0.0602479
0.157413	0.040529
0.165338	0.0181971
0.163718	0.0376121
0.154819	0.0648689
0.102066	0.0765413
0.116627	0.0702154
0.116924	0.0709017
0.12587	0.0811478
0.139318	0.0684057
0.135881	0.0611046
0.135288	0.0634456
0.122272	0.0626662
0.139825	0.0559759
0.145252	0.0508944
0.16729	0.0696628
0.168014	0.0496463
0.151862	0.0654377
0.143563	0.0606646
0.145984	0.0402008
0.154921	0.0317057
0.151417	0.0328543
0.14246	0.0280774
0.143616	0.0467865
0.170709	0.0827063
0.146056	0.0641461
0.1597	0.0705166
0.188993	0.054872
0.155858	0.0311415
0.159867	0.0435825
0.165749	0.0806201
0.161982	0.0613817
0.146209	0.065624
0.12285	0.0446799
0.111211	0.0252126
0.138018	0.0588909
0.145122	0.0641484
0.145767	0.0739014
0.151269	0.0740521
0.168935	0.0890384
0.126681	0.0955223
0.136297	0.0788461
0.138547	0.0785693
0.126442	0.0522576
0.136641	0.0653275
0.150592	0.0610895
0.155671	0.0952067
0.140927	0.0917141
0.134935	0.0887164
0.133199	0.0991159
0.0944552	0.0856451
0.125231	0.127435
0.106314	0.0913651
0.107473	0.0916255
0.116069	0.0837687
0.163621	0.0745382
0.164736	0.0782672
0.13611	0.0564387
0.121075	0.0444399
0.131838	0.065412
0.143	0.046934
0.144959	0.0680822
0.139934	0.0771197
0.145873	0.0725896
0.165505	0.0714033
0.154909	0.0771015
0.162736	0.0487473
0.15818	0.0647575
0.165405	0.0784661
0.162299	0.0799513
0.152794	0.0782612
0.125933	0.0829026
0.14123	0.0706477
0.138538	0.0805782
0.208706	0.0484565
0.182498	0.0532783
0.183594	0.033022
0.158301	0.017877
0.165368	0.0209811
0.122381	0.0402805
0.116899	0.0495528
0.129026	0.0356581
0.137206	0.0363416
0.153042	0.0310082
0.158635	0.00930138
0.146152	-0.0170844
0.126891	-0.000994202
0.135789	-0.0169423
0.157875	0.000517124
0.166328	-0.00814126
0.165046	-0.0125891
0.164724	-0.0323269
0.161588	-0.0365827
0.152276	-0.0381568
0.153437	-0.0373368
0.152782	-0.0415552
0.127585	-0.0295804
0.11631	-0.0254619
0.127868	-0.0342407
0.145259	-0.0336085
0.150332	-0.037845
0.130827	0.00128284
0.145397	-0.00851391
0.150329	-0.0278309
0.156996	-0.0790219
0.147622	-0.0697822
0.109914	-0.0293885
0.112678	-0.0343858
0.153684	-0.0379237
0.148824	-0.0439158
0.143236	-0.0400988
0.175099	-0.000357446
0.136321	0.00982274
0.166071	-0.00552019
0.174521	0.0049271
0.172345	-0.0106254
0.166517	-0.0208811
0.164041	-0.00853677
0.163773	-0.0261184
0.179276	-0.0524944
0.181047	-0.0266355
0.173691	-0.024859
0.172797	-0.0203908
0.168784	-0.0190665
0.186147	-0.016953
0.176453	-0.0100725
0.169659	-0.0130651
0.151977	-0.0286701
0.163694	-0.00380826
0.155906	-7.48042e-05
0.167433	-0.00673943
0.16959	0.0114374
0.168807	0.00845947
0.18348	0.0185752
0.172226	0.0286249
0.123355	0.0257377
0.130377	0.0299107
0.136284	0.010064
0.146777	0.0082841
0.147519	0.0186887
0.149888	0.0178277
0.142136	0.0269108
0.146273	0.0246225
0.165569	0.0710728
0.161	0.0524961
0.152371	0.0223469
0.158354	0.0432038
0.140374	0.0378264
0.138946	0.04347
0.139405	0.011422
0.113007	0.0256485
0.108229	0.0195016
0.14781	0.0243369
0.190745	0.0474438
0.179098	0.0321906
0.168416	0.0526854
0.142716	0.0574994
0.128686	0.0484733
0.138765	0.0232942
0.144694	0.0302045
0.167851	0.0366936
0.153538	0.05438
0.173967	0.0332952
0.170612	0.0206571
0.173005	0.0098472
0.153268	-0.00298832
0.128337	0.0359829
0.132757	0.0430637
0.108235	0.0224469
0.135776	0.0162295
0.120435	0.0178821
0.14305	0.0112542
0.165076	-7.54068e-05
0.196277	-0.0161104
0.208512	-0.0176778
0.196708	-0.00689478
0.190592	-0.00373317
0.17307	0.0105197
0.174889	0.0109634
0.174277	0.014611
0.179963	0.0144622
0.172528	0.0168036
0.167724	0.0185017
0.178788	-0.0126004
0.187459	-0.00643131
0.166678	-0.0203721
0.14444	-0.0291179
0.147471	-0.0146331
0.147998	-0.0312159
0.161354	-0.0341614
0.169536	-0.0344243
0.1543	-0.013299
0.170753	0.00583228
0.173295	0.0037948
0.152784	0.012968
0.131719	-0.000436617
0.168768	0.0175012
0.172714	0.010042
0.159258	-0.0232261
0.165961	-0.0174101
0.17475	-0.0107834
0.183034	0.000607575
0.177838	-0.00461159
0.169106	-0.0111374
0.155456	-0.00158971
0.152551	-0.0103886
0.147145	-0.0229147
0.150125	-0.0286581
0.146358	-0.0361002
0.150447	-0.0332491
0.144689	-0.0339714
0.119226	-0.0356806
0.135236	-0.0325965
0.142445	-0.0673044
0.143204	-0.0798529
0.140891	-0.0871631
0.126645	-0.108511
0.130264	-0.0787359
0.135472	-0.0884616
0.161251	-0.120876
0.166937	-0.101091
0.102368	-0.081844
0.100445	-0.09642
0.112777	-0.101908
0.111797	-0.111021
0.110297	-0.0863895
0.107613	-0.0981281
0.106664	-0.105292
0.135733	-0.0999111
0.128786	-0.103879
0.106761	-0.156259
0.102215	-0.139651
0.10416	-0.126681
0.109277	-0.127191
0.0987387	-0.112738
0.094637	-0.110295
0.093255	-0.10829
0.0958647	-0.123644
0.0776305	-0.108896
0.0878802	-0.11749
0.0889042	-0.121479
0.0810633	-0.127531
0.0864624	-0.132316
0.0800477	-0.139563
0.0448172	-0.167518
0.0544006	-0.150273
0.0711831	-0.153725
0.0761331	-0.174921
0.0258367	-0.166746
0.0394128	-0.191166
0.0593695	-0.170776
0.0799677	-0.160759
0.0759919	-0.137126
0.098117	-0.120807
0.0926905	-0.131584
0.0752148	-0.147084
0.110195	-0.158061
0.101634	-0.174103
0.0773436	-0.139111
0.0695679	-0.13194
0.0714016	-0.121199
0.0840457	-0.129828
0.0645569	-0.139141
0.0667794	-0.141567
0.0629021	-0.143445
0.048938	-0.167898
0.0691118	-0.139429
0.0533463	-0.134273
0.0559108	-0.14707
0.0659267	-0.151493
0.0643057	-0.13175
0.0619485	-0.141997
0.040944	-0.155061
0.0467994	-0.154807
0.0680037	-0.136269
0.0625133	-0.140464
0.0882033	-0.115337
0.0674277	-0.156128
0.0635002	-0.162082
0.0401347	-0.151447
0.0364159	-0.157942
0.0491207	-0.167172
0.0323423	-0.157274
0.0145814	-0.163109
0.0182444	-0.141325
0.013045	-0.144837
-0.00426155	-0.155299
0.00169038	-0.147804
-0.00426976	-0.149473
0.00834136	-0.108997
0.0115147	-0.128089
-0.00585929	-0.133675
0.0239577	-0.143549
0.0387249	-0.136419
0.0129241	-0.130206
0.0221136	-0.139781
0.0366324	-0.166714
0.0449361	-0.166239
0.0486291	-0.144839
0.0221336	-0.171862
0.0454361	-0.190511
0.0360379	-0.176447
0.0470062	-0.163379
0.0713412	-0.158464
0.0961827	-0.147735
0.0845658	-0.139831
0.0888142	-0.150689
0.102669	-0.121812
0.140896	-0.113042
0.113051	-0.117042
0.104685	-0.109619
0.0656352	-0.116727
0.0813918	-0.127189
0.0863393	-0.0967891
0.0696625	-0.0773636
0.0771403	-0.0590381
0.108499	-0.0486654
0.112679	-0.0382757
0.148288	-0.0439017
0.133826	0.00045173
0.136797	0.0079461
0.13719	0.00397392
0.145621	0.00214324
0.138008	0.0109892
0.143111	-0.0180027
0.139875	-0.0228163
0.112995	0.000989797
0.119147	-0.0247307
0.108139	-0.0377987
0.096726	-0.0367815
0.0888247	-0.0614931
0.0929946	-0.0853267
0.127429	-0.129995
0.11009	-0.141696
0.0983313	-0.162307
0.101935	-0.175978
0.0809346	-0.170354
0.0590448	-0.176776
0.048605	-0.159722
0.0213409	-0.128517
0.0147834	-0.140745
0.00329612	-0.138961
-0.0179012	-0.135068
-0.0396271	-0.131331
-0.0570362	-0.136928
-0.0913672	-0.122522
-0.0888769	-0.129141
-0.101915	-0.105738
-0.103233	-0.0944981
-0.117656	-0.100442
-0.109861	-0.104408
-0.110513	-0.106735
-0.097599	-0.07975
-0.100144	-0.0866051
-0.115369	-0.0844035
-0.143673	-0.057774
-0.123571	-0.082903
-0.0989323	-0.107577
-0.0847098	-0.11983
-0.0755232	-0.108727
-0.0887974	-0.110159
-0.112723	-0.123725
-0.113814	-0.120663
-0.16635	-0.0994378
-0.14726	-0.107509
-0.132512	-0.112498
-0.122403	-0.109639
-0.11909	-0.110153
-0.106577	-0.120875
-0.105173	-0.121023
-0.124242	-0.149219
-0.128024	-0.138774
-0.126554	-0.12603
-0.125568	-0.131751
-0.0954194	-0.124559
-0.103245	-0.129782
-0.107287	-0.121475
-0.114127	-0.128522
-0.113728	-0.109739
-0.117836	-0.0829682
-0.114963	-0.0615745
-0.105612	-0.069741
-0.0977995	-0.0837584
-0.127061	-0.101485
-0.116914	-0.101902
-0.111915	-0.103289
-0.112869	-0.118707
-0.143911	-0.124506
-0.129007	-0.11905
-0.122693	-0.122075
-0.126488	-0.111973
-0.121126	-0.108707
-0.111448	-0.112059
-0.115644	-0.0985156
-0.108476	-0.100887
-0.11213	-0.110265
-0.0804054	-0.103355
-0.076265	-0.129293
-0.101093	-0.140778
-0.0861127	-0.118512
-0.0964628	-0.121912
-0.0956127	-0.122811
-0.0687682	-0.127086
-0.0774738	-0.129812
-0.0833761	-0.123017
-0.0850741	-0.103715
-0.129709	-0.128002
-0.116958	-0.114434
-0.13236	-0.110149
-0.0818814	-0.136585
-0.0721626	-0.113298
-0.076661	-0.120914
-0.104871	-0.127977
-0.131854	-0.146866
-0.132116	-0.152849
-0.117966	-0.131369
-0.109352	-0.126225
-0.0986084	-0.131433
-0.0882061	-0.137071
-0.0799212	-0.11667
-0.0536427	-0.146532
-0.0638329	-0.153871
-0.0658884	-0.147952
-0.0640595	-0.14466
-0.0748708	-0.151969
-0.0623264	-0.139649
-0.0669621	-0.153503
-0.064958	-0.147458
-0.0716403	-0.150229
-0.0770814	-0.138887
-0.0680316	-0.135356
-0.0535303	-0.145182
-0.0636366	-0.13504
-0.0483369	-0.141907
-0.065636	-0.143113
-0.0672818	-0.128056
-0.080227	-0.118582
-0.0945009	-0.120836
-0.0934957	-0.115031
-0.113402	-0.119868
-0.0966992	-0.121445
-0.0969905	-0.121413
-0.0985326	-0.122514
-0.100925	-0.120788
-0.061234	-0.109963
-0.0779037	-0.0960989
-0.104271	-0.0930553
-0.1092	-0.0506216
-0.108724	-0.0724284
-0.0986518	-0.0760203
-0.114102	-0.0937139
-0.102444	-0.0976752
-0.117488	-0.121252
-0.142402	-0.106093
-0.126306	-0.0934921
-0.122153	-0.0987915
-0.11618	-0.10227
-0.122337	-0.0954854
-0.123669	-0.128764
-0.108864	-0.128337
-0.108932	-0.144758
-0.12865	-0.129778
-0.129418	-0.108904
-0.115386	-0.102648
-0.115259	-0.135354
-0.107372	-0.100291
-0.115982	-0.0812793
-0.129371	-0.0852086
-0.150834	-0.108017
-0.134455	-0.116663
-0.13145	-0.0889801
-0.152946	-0.0650193
-0.142124	-0.033043
-0.164912	-0.0345877
-0.154741	-0.0355176
-0.150038	-0.0328142
-0.143577	-0.00276164
-0.155881	-0.0104342
-0.158863	-0.0118983
-0.143886	-0.0190754
-0.151147	-0.0189351
-0.14513	-0.0678623
-0.153355	-0.067294
-0.154137	-0.0559109
-0.168831	-0.0148816
-0.164118	-0.0121597
-0.16131	-0.0523774
-0.168477	-0.0460269
-0.160344	-0.0401117
-0.163715	-0.0388252
-0.165504	-0.0420845
-0.190388	-0.0421209
-0.181701	-0.0398304
-0.195086	-0.0376769
-0.190668	-0.0458452
-0.203885	-0.0229393
-0.158116	0.00105356
-0.171119	-0.00834766
-0.141826	0.0109644
-0.135951	-0.00306251
-0.182239	0.00102557
-0.169545	-0.012656
-0.158793	-0.0423651
-0.164598	-0.0339528
-0.169522	-0.0147351
-0.15651	-0.0280088
-0.152304	-0.0363941
-0.125931	-0.0342749
-0.133511	-0.0414373
-0.156457	-0.0824815
-0.141726	-0.08372
-0.129434	-0.0631325
-0.136392	-0.0605616
-0.143138	-0.0400189
-0.131467	-0.0385634
-0.158609	-0.0134288
-0.150449	-0.0201498
-0.124331	-0.0111014
-0.134884	-0.0187766
-0.154997	-0.0488157
-0.166244	-0.0436513
-0.16382	-0.0365454
-0.147242	-0.0358095
-0.144838	-0.0421558
-0.140037	-0.0548025
-0.132646	-0.081406
-0.136365	-0.0398715
-0.126838	-0.0511834
-0.125206	-0.00159123
-0.162256	-0.0236638
-0.178834	-0.0282715
-0.193238	-0.0562061
-0.180208	-0.0725161
-0.186834	-0.0693982
-0.17565	-0.0635869
-0.163247	-0.0368843
-0.156942	-0.0354838
-0.148736	-0.0283357
-0.168426	-0.0377349
-0.175343	-0.0242022
-0.188937	-0.0159964
-0.171644	-0.0169999
-0.151327	-0.00667151
-0.132501	0.00288304
-0.162879	0.0121208
-0.168172	0.0167482
-0.160324	0.0284822
-0.149326	0.0261328
-0.128217	0.0296297
-0.118399	0.0269412
-0.105327	0.0340075
-0.0764224	0.0276954
-0.0910114	0.0123963
-0.108416	0.0251014
-0.106813	0.0261764
-0.115942	0.0355088
-0.125693	0.0419006
-0.114595	0.0487971
-0.111117	0.0345461
-0.120599	0.073327
-0.139783	0.0555375
-0.148912	0.0554208
-0.155419	0.0556669
-0.139121	0.0519016
-0.134073	0.0530351
-0.14315	0.0552875
-0.135848	0.0547382
-0.140672	0.0505464
-0.160334	0.0681112
-0.15403	0.0726653
-0.170049	0.0930661
-0.152363	0.105577
-0.138089	0.0747545
-0.133084	0.0578431
-0.0988789	0.0663562
-0.0802423	0.0973623
-0.107982	0.0868491
-0.11079	0.0666203
-0.146906	0.0632283
-0.180756	0.0466398
-0.155687	0.0520357
-0.140846	0.0743881
-0.159677	0.0620539
-0.145369	0.0703685
-0.137111	0.055191
-0.138836	0.0480802
-0.139836	0.0575805
-0.141697	0.0504868
-0.130707	0.0314518
-0.149886	0.0335335
-0.166197	0.032187
-0.166129	0.03625
-0.158219	0.026523
-0.156751	0.0114345
-0.108297	0.00823008
-0.145571	0.0181208
-0.161366	0.0242056
-0.167378	0.00175207
-0.186986	-0.00113987
-0.196194	0.0199411
-0.21578	-0.00226928
-0.174229	0.012315
-0.143922	0.0265935
-0.142363	0.0246755
-0.136978	0.0159518
-0.115828	0.0204628
-0.105958	0.0496871
-0.11406	0.000931737
-0.126243	0.0159524
-0.167559	0.0162175
-0.141378	-0.0124646
-0.153163	-0.0164289
-0.158633	-0.0309098
-0.128123	-0.0145969
-0.145062	-0.0269733
-0.154678	-0.0381471
-0.185131	-0.0485743
-0.170984	-0.0443346
-0.190505	-0.0506316
-0.171487	-0.0437026
-0.15722	-0.0371758
-0.149494	-0.0361551
-0.148657	-0.0336977
-0.121653	-0.0247192
-0.149514	-0.0391022
-0.158382	-0.0308629
-0.171917	-0.0253645
-0.175616	-0.0126818
-0.178197	-0.0254451
-0.16591	-0.0138678
-0.158363	-0.0253098
-0.165799	0.00568095
-0.171624	0.0144304
-0.182778	0.00876298
-0.167687	0.0142593
-0.136205	0.0280657
-0.133453	0.0311383
-0.156676	0.0191421
-0.150421	0.0111776
-0.159617	0.011465
-0.153739	0.00987216
-0.184006	-0.00877553
-0.181052	0.00414844
-0.17401	0.0161959
-0.164234	4.03917e-05
-0.155798	0.0139923
-0.156508	0.067595
-0.168166	0.0738335
-0.180304	0.0467085
-0.165599	0.0448464
-0.146985	0.0485
-0.141218	0.0620312
-0.128544	0.0563076
-0.138903	0.0607462
-0.145557	0.046477
-0.104736	0.0765609
-0.117842	0.0736364
-0.0970708	0.0777831
-0.123151	0.0341646
-0.12944	0.0458426
-0.129926	0.0560819
-0.119322	0.045767
-0.105397	0.00169037
-0.1219	0.0319819
-0.117204	0.041913
-0.135114	0.0780843
-0.135613	0.0769719
-0.101211	0.0731097
-0.144399	0.0962434
-0.148369	0.0955984
-0.142261	0.0880317
-0.152641	0.0818816
-0.12227	0.095093
-0.128465	0.0929674
-0.130275	0.0763889
-0.122988	0.0806633
-0.138742	0.0618812
-0.147198	0.0669213
-0.149736	0.0540643
-0.152135	0.03286
-0.157344	0.0510712
-0.146793	0.0832648
-0.140369	0.06174
-0.107965	0.0448185
-0.121906	0.0271477
-0.135148	0.0214011
-0.133211	0.0162919
-0.135348	0.00859882
-0.132757	0.0375908
-0.145013	0.0223475
-0.156319	0.0314408
-0.179015	0.0141719
-0.143564	0.00127711
-0.118274	-0.00117782
-0.137618	-0.00883743
-0.15629	-0.000511151
-0.145687	-0.0137597
-0.154108	-0.0341612
-0.156234	-0.0357463
-0.166266	-0.0415122
-0.160187	-0.0601261
-0.154311	-0.056565
-0.168208	-0.0540467
-0.156437	-0.0469281
-0.148532	-0.0509896
-0.142523	-0.0456966
-0.14289	-0.0520062
-0.145152	-0.0556741
-0.131692	-0.0394509
-0.128886	-0.0338477
-0.07376	-0.0756886
-0.097287	-0.103675
-0.121605	-0.088429
-0.143238	-0.0541469
-0.0982721	-0.0604836
-0.104398	-0.0539538
-0.105229	-0.0617027
-0.127206	-0.0566161
-0.138936	-0.0966723
-0.153874	-0.0996584
-0.138953	-0.0717215
-0.122008	-0.0874829
-0.136377	-0.0997662
-0.118539	-0.079556
-0.109823	-0.100104
-0.112472	-0.11498
-0.102904	-0.123658
-0.0735467	-0.157053
-0.0847728	-0.134858
-0.058503	-0.159502
-0.0697413	-0.148116
-0.0815419	-0.15265
-0.0684133	-0.169216
-0.0564164	-0.154443
-0.0662016	-0.157855
-0.0664457	-0.16598
-0.048838	-0.180344
-0.0457705	-0.172906
-0.0316102	-0.163773
-0.0310392	-0.158677
-0.0166635	-0.156517
0.0184134	-0.151706
-0.0114881	-0.171512
-0.00368156	-0.171719
-0.00686927	-0.160795
-0.019203	-0.142136
-0.0315371	-0.137526
-0.0189803	-0.138997
-0.000468929	-0.141881
0.0123552	-0.151136
0.0101114	-0.143891
0.0318115	-0.165501
0.027232	-0.161485
0.0224309	-0.181024
-0.0109297	-0.197305
-0.0384172	-0.176052
-0.0138529	-0.168314
0.0119004	-0.137934
0.0269036	-0.12762
0.016691	-0.124819
0.0233894	-0.155528
0.0272316	-0.154602
0.0383581	-0.156216
0.0346882	-0.139388
0.0585133	-0.160734
0.0534361	-0.15637
0.0683083	-0.158954
0.0656085	-0.163865
0.0520194	-0.122684
0.0364804	-0.137663
0.0336351	-0.143897
0.0295645	-0.186538
0.0189786	-0.209816
0.0247038	-0.181429
0.0267664	-0.159896
0.0289939	-0.161654
0.0517857	-0.12952
0.0565387	-0.138448
0.0599963	-0.178595
0.065764	-0.16584
0.0766883	-0.171784
0.075533	-0.169862
0.0755217	-0.16596
0.0715097	-0.151989
0.0704382	-0.172231
0.0595861	-0.140472
0.0742983	-0.140594
0.0617576	-0.138571
0.0621928	-0.135396
0.0664368	-0.165435
0.0798488	-0.140955
0.0537889	-0.135382
0.0690705	-0.131705
0.0713202	-0.147133
0.0801425	-0.154053
0.0663634	-0.131987
0.0697534	-0.135491
0.106921	-0.140125
0.114587	-0.14439
0.10404	-0.15223
0.0672121	-0.142772
0.0530912	-0.147871
0.0512804	-0.143353
0.0515502	-0.127958
0.0351291	-0.128102
0.049396	-0.136601
0.0528941	-0.165301
0.0818981	-0.17043
0.0753689	-0.159247
0.0716043	-0.154361
0.0862551	-0.143271
0.082222	-0.160834
0.0682633	-0.164625
0.0681817	-0.160192
0.0474649	-0.148398
0.0434373	-0.139104
0.0659031	-0.136046
0.0642935	-0.13604
0.0434139	-0.166723
0.0842979	-0.1545
0.0744883	-0.157533
0.0879099	-0.110583
0.0943479	-0.117051
0.101012	-0.117687
0.0974228	-0.11496
0.0859265	-0.127744
0.0878137	-0.125906
0.104862	-0.118457
0.109382	-0.122987
0.096586	-0.115268
0.10375	-0.120794
0.117502	-0.123456
0.116902	-0.108901
0.108565	-0.120235
0.100902	-0.126854
0.0590398	-0.0956883
0.0847091	-0.111112
0.0887759	-0.106191
0.120666	-0.120938
0.109582	-0.117163
0.12362	-0.120489
0.133492	-0.0912956
0.102671	-0.0797191
0.0937595	-0.0777368
0.110391	-0.117557
0.0704199	-0.13698
0.0602205	-0.131399
0.076067	-0.12105
0.0884029	-0.122892
0.0868133	-0.118182
0.0853	-0.115291
0.0669718	-0.107354
0.0988725	-0.132342
0.0885709	-0.143511
0.0772872	-0.137455
0.114745	-0.155373
0.11351	-0.138189
0.111373	-0.129201
0.120253	-0.106047
0.111813	-0.110846
0.115969	-0.126306
0.128051	-0.125254
0.126471	-0.122351
0.142195	-0.145773
0.129602	-0.129798
