-0.112674	-0.0387672
-0.127791	-0.0477743
-0.155638	-0.0538249
-0.171229	0.00140719
-0.160076	0.000666767
-0.173528	-0.0194705
-0.171998	-0.0290328
-0.187656	-0.0270564
-0.176757	-0.00942942
-0.173631	-0.0142303
-0.167318	-0.00357783
-0.179939	0.0302698
-0.173908	0.0602106
-0.180882	0.0247566
-0.186089	0.0287171
-0.181239	0.0187462
-0.184582	0.0186092
-0.174449	0.0175674
-0.1671	0.012753
-0.155895	-0.0096882
-0.163888	-0.0504677
-0.174715	-0.0476732
-0.149927	-0.0358437
-0.154598	-0.0390745
-0.154553	-0.0389259
-0.17225	-0.0396188
-0.183484	-0.0313396
-0.181495	-0.038166
-0.177833	-0.0378033
-0.174005	-0.0375171
-0.163205	-0.0317605
-0.160387	-0.0362177
-0.156048	-0.0234584
-0.152997	-0.017674
-0.147604	-0.0500136
-0.174053	-0.0411981
-0.171766	-0.0388472
-0.169206	-0.0265833
-0.166032	-0.0461409
-0.144523	-0.017451
-0.126082	0.0230571
-0.121021	0.00692275
-0.123809	0.00186953
-0.139328	0.00373722
-0.145114	0.00376092
-0.137601	0.00589404
-0.152614	0.0322278
-0.140413	0.0121518
-0.144006	-0.00602689
-0.144809	-0.0114821
-0.167201	0.0128108
-0.147885	-0.00213113
-0.143298	-0.00211303
-0.13753	0.0025452
-0.177804	-0.00247849
-0.16068	0.0080839
-0.184881	0.00398278
-0.15495	0.030637
-0.155594	0.0259362
-0.156467	0.0260716
-0.172474	0.0388987
-0.150868	0.0298202
-0.154916	0.0446012
-0.153631	0.0438775
-0.164526	0.0623947
-0.147206	0.0646743
-0.147178	0.0645649
-0.149041	0.0632972
-0.166078	0.062594
-0.161706	0.0548741
-0.160795	0.0490176
-0.156736	0.0488254
-0.150999	0.0465432
-0.164626	0.0405758
-0.141799	0.0455615
-0.130121	0.0451095
-0.124409	0.0182468
-0.117664	-0.0131099
-0.117236	-0.0361711
-0.134607	-0.0348145
-0.137786	-0.0343884
-0.14688	-0.0327925
-0.137587	-0.0348337
-0.120181	-0.0440186
-0.134143	-0.0534337
-0.122814	-0.0659745
-0.138439	-0.0719823
-0.139	-0.0735488
-0.186821	-0.0571091
-0.165595	-0.0478331
-0.161068	-0.0463732
-0.159742	-0.0504605
-0.157714	-0.0680928
-0.145216	-0.093174
-0.138644	-0.0897139
-0.135623	-0.0880736
-0.157823	-0.0626039
-0.171943	-0.0356555
-0.158441	-0.0136353
-0.161985	-0.00675859
-0.132828	-0.00138482
-0.133312	0.000613312
-0.146223	0.00496443
-0.179362	-0.0215647
-0.200815	0.00457391
-0.212545	-0.0126018
-0.212469	0.0151442
-0.19942	-0.00288806
-0.178654	-0.00892207
-0.187823	-0.0131849
-0.17841	-0.0389706
-0.147279	-0.0508532
-0.138708	-0.0324415
-0.135304	-0.0199648
-0.128904	-0.0120544
-0.149282	-0.0313967
-0.167014	-0.0392632
-0.16307	-0.0351433
-0.156257	-0.0234503
-0.158639	-0.0245643
-0.158551	-0.0246056
-0.154501	-0.025
-0.158216	-0.0192451
-0.16765	-0.0130423
-0.180115	-0.0130823
-0.168117	-0.00171496
-0.154411	0.0212048
-0.156413	0.0212148
-0.173342	0.011
-0.16936	0.0119277
-0.172196	0.0322741
-0.177437	0.0364138
-0.170175	0.048587
-0.159238	0.0647586
-0.1594	0.0563529
-0.182061	0.0618734
-0.184342	0.0691098
-0.158587	0.042999
-0.156523	0.0477766
-0.149468	0.0381245
-0.133407	0.0473857
-0.144255	0.0599831
-0.147802	0.0655325
-0.142289	0.0849842
-0.140572	0.0840902
-0.13598	0.0827318
-0.174757	0.0611823
-0.167131	0.0555052
-0.16225	0.0686028
-0.16023	0.0635293
-0.166954	0.0392112
-0.165805	0.0379704
-0.160778	0.0212986
-0.174404	0.0215233
-0.180582	0.00842915
-0.184079	-0.00353645
-0.167806	-0.00573578
-0.163305	-0.00417787
-0.162335	-0.0037592
-0.161076	-0.00334765
-0.159608	-0.00406537
-0.127254	0.0261849
-0.133672	0.0300853
-0.17328	0.0383677
-0.161354	0.022638
-0.158432	0.00635764
-0.157407	0.0017283
-0.14229	0.0134873
-0.14909	0.0132699
-0.159878	0.0387296
-0.160557	0.036133
-0.160133	0.0334105
-0.196351	0.075403
-0.187371	0.0484753
-0.188197	0.0634088
-0.195355	0.0767078
-0.18936	0.0695286
-0.167949	0.0683261
-0.177697	0.0736907
-0.176543	0.0524965
-0.168444	0.047693
-0.152947	0.0500528
-0.141771	0.0820208
-0.103356	0.102876
-0.111716	0.0930562
-0.11841	0.0841072
-0.116217	0.0501866
-0.133336	0.0569393
-0.147739	0.0578646
-0.135405	0.0336654
-0.142348	0.0320269
-0.154986	0.0268476
-0.152462	0.010975
-0.15805	0.0128217
-0.156552	-0.00843127
-0.15667	-0.010656
-0.144379	0.00145016
-0.143693	-0.00562344
-0.159986	0.010796
-0.154469	0.0117085
-0.156669	0.0244476
-0.154367	0.0204674
-0.161188	0.0190236
-0.174524	0.0172326
-0.171362	0.00965323
-0.191291	0.00580966
-0.183378	0.00868073
-0.159641	-2.14197e-05
-0.144348	-7.99312e-06
-0.169868	0.00648377
-0.170483	0.00868078
-0.167141	0.0160272
-0.187395	0.0290794
-0.178559	0.0276674
-0.151695	0.0217765
-0.167881	0.016642
-0.164664	0.0307445
-0.153601	0.018469
-0.150575	0.0150968
-0.15084	0.0201192
-0.142395	-0.00104054
-0.156165	0.013838
-0.165744	0.0257106
-0.190578	0.06719
-0.18308	0.0557695
-0.170673	0.0550381
-0.175497	0.00896851
-0.177378	0.0350685
-0.157923	0.0408603
-0.158979	0.0429045
-0.150779	0.0557176
-0.151306	0.0574297
-0.136787	0.0770228
-0.156375	0.0822773
-0.150078	0.0740988
-0.138869	0.0752396
-0.144474	0.0704912
-0.115463	0.0686651
-0.143164	0.0694668
-0.151929	0.0543308
-0.128489	0.0343221
-0.140412	0.0386321
-0.111233	-0.00718131
-0.132473	-0.00889692
-0.171615	-0.010318
-0.158333	0.00257474
-0.158806	0.000523331
-0.151672	-0.00660556
-0.133038	-0.0306561
-0.174675	-0.0331853
-0.150807	-0.0412037
-0.159614	-0.0440734
-0.155772	-0.0456258
-0.160023	-0.0597256
-0.138674	-0.0794931
-0.111873	-0.0572149
-0.124951	-0.0629219
-0.116734	-0.0672283
-0.133599	-0.0967038
-0.133486	-0.0923439
-0.132716	-0.092269
-0.141129	-0.129543
-0.155812	-0.117302
-0.140538	-0.111632
-0.154306	-0.10184
-0.159682	-0.106547
-0.149842	-0.097311
-0.134325	-0.101464
-0.131272	-0.119228
-0.138589	-0.117902
-0.135711	-0.11017
-0.107526	-0.104519
-0.107807	-0.0973821
-0.0976158	-0.102109
-0.0939263	-0.111273
-0.10268	-0.0873917
-0.132826	-0.0815006
-0.120825	-0.0773603
-0.126883	-0.0802664
-0.127952	-0.0803754
-0.132024	-0.0858245
-0.138013	-0.0952475
-0.111756	-0.0747626
-0.122916	-0.0844384
-0.129982	-0.081926
-0.127881	-0.0665293
-0.119643	-0.0536233
-0.138474	-0.0569097
-0.12129	-0.0562262
-0.126874	-0.0603047
-0.146368	-0.0655121
-0.140238	-0.0634853
-0.142111	-0.0661096
-0.175281	-0.0460606
-0.160793	-0.0508727
-0.162133	-0.0463764
-0.139365	-0.0432579
-0.143641	-0.0362912
-0.148464	-0.0158551
-0.146641	-0.0133939
-0.151485	-0.0149498
-0.138201	-0.0255201
-0.118082	-0.0616021
-0.137317	-0.0604576
-0.156774	-0.0095598
-0.192119	0.0128927
-0.16712	0.00549185
-0.15664	0.0167396
-0.159299	0.0156036
-0.16344	0.019006
-0.163482	0.0081942
-0.167389	0.00966268
-0.145215	0.00593821
-0.129989	0.0209908
-0.141453	0.0131105
-0.14787	0.0279438
-0.159768	0.0311609
-0.156553	0.0343307
-0.138357	0.0242804
-0.134774	-0.00491639
-0.137101	0.00246931
-0.16774	0.00516518
-0.181676	0.00554591
-0.17565	0.00610051
-0.163185	0.00664149
-0.166798	0.033103
-0.161829	0.0300043
-0.13988	0.0236232
-0.150019	0.0673527
-0.134878	0.0659114
-0.210709	0.0773021
-0.185378	0.0677889
-0.168375	0.0719062
-0.157208	0.0710076
-0.167444	0.0765585
-0.156279	0.0903118
-0.144964	0.0960829
-0.14785	0.0897358
-0.143405	0.0868126
-0.157088	0.0879736
-0.15296	0.0810913
-0.149265	0.0795084
-0.129859	0.0651905
-0.134426	0.0690509
-0.137473	0.0708981
-0.138979	0.0746968
-0.133996	0.0459108
-0.148288	0.0583482
-0.148695	0.0586282
-0.138491	0.0627995
-0.131304	0.0843576
-0.128854	0.0812676
-0.137563	0.0951102
-0.128178	0.0992126
-0.112122	0.121558
-0.0871654	0.0893977
-0.103955	0.10596
-0.109402	0.151657
-0.118667	0.13891
-0.109272	0.134425
-0.146732	0.133426
-0.150731	0.120888
-0.143916	0.114727
-0.131257	0.0956968
-0.152988	0.0922572
-0.144124	0.0840042
-0.152762	0.0689266
-0.149217	0.0689535
-0.143306	0.0715211
-0.132489	0.0494389
-0.139449	0.0520782
-0.167009	0.0833131
-0.150569	0.0775624
-0.169803	0.0598201
-0.150733	0.0593646
-0.135366	0.0466808
-0.119953	0.0450388
-0.143874	0.0431918
-0.150578	0.0292529
-0.122516	0.0658567
-0.12752	0.0560341
-0.13995	0.0572593
-0.147565	0.0648902
-0.145183	0.0531453
-0.176875	0.0646452
-0.17493	0.0588589
-0.157223	0.0630301
-0.197428	0.0756568
-0.175261	0.0763566
-0.171858	0.0994695
-0.159929	0.108518
-0.173938	0.131412
-0.151923	0.114
-0.143768	0.122569
-0.135478	0.110679
-0.133045	0.113361
-0.132521	0.081214
-0.131994	0.0805739
-0.129047	0.0718796
-0.134687	0.0642257
-0.12209	0.0976338
-0.104022	0.0876356
-0.10764	0.0899787
-0.136351	0.0664997
-0.155802	0.0563989
-0.167377	0.0675537
-0.155484	0.034886
-0.151992	0.0488367
-0.148468	0.0445688
-0.148944	0.0455054
-0.1637	0.0385103
-0.128476	0.0258042
-0.11933	0.0231608
-0.134465	0.025552
-0.132941	0.0340684
-0.135426	0.0280418
-0.14702	0.0502021
-0.14701	0.053727
-0.129534	0.0659911
-0.15125	0.0578352
-0.149824	0.0855392
-0.162691	0.0705827
-0.138733	0.0622606
-0.103244	0.0486913
-0.111474	0.0780145
-0.121102	0.0837012
-0.129661	0.088487
-0.130836	0.0949558
-0.125857	0.0951155
-0.106027	0.134283
-0.0890649	0.132968
-0.0922826	0.151076
-0.106467	0.160282
-0.0993857	0.188742
-0.100271	0.195806
-0.0844344	0.189335
-0.076259	0.163473
-0.0705762	0.158621
-0.0506959	0.137156
-0.0621135	0.145639
-0.0719758	0.145101
-0.0719299	0.144323
-0.0726907	0.145482
-0.0777478	0.115822
-0.101447	0.1317
-0.0916636	0.13108
-0.0982104	0.125144
-0.0983669	0.127883
-0.0975202	0.154863
-0.0918973	0.146512
-0.0770148	0.155804
-0.120786	0.115454
-0.120602	0.110459
-0.112492	0.111931
-0.0940226	0.112783
-0.10926	0.117281
-0.114576	0.115604
-0.13945	0.107332
-0.10787	0.0899249
-0.101265	0.0932932
-0.0878411	0.0849268
-0.0926338	0.104244
-0.102415	0.116447
-0.128948	0.0954517
-0.133639	0.106723
-0.11818	0.12083
-0.102806	0.104921
-0.0917145	0.0905615
-0.128521	0.112795
-0.123423	0.109809
-0.150865	0.151208
-0.140829	0.130928
-0.130603	0.120879
-0.108496	0.119573
-0.104287	0.143443
-0.103805	0.148293
-0.101311	0.132077
-0.112535	0.115894
-0.122823	0.143704
-0.124543	0.107216
-0.129447	0.0889145
-0.131992	0.0692241
-0.136377	0.0710528
-0.168272	0.0669456
-0.15696	0.0596419
-0.169363	0.0544736
-0.162524	0.0525418
-0.158357	0.0511738
-0.15962	0.0771153
-0.131117	0.0910522
-0.130644	0.107232
-0.127288	0.104796
-0.142196	0.111074
-0.141551	0.106439
-0.164646	0.0867653
-0.130291	0.064922
-0.140864	0.0549751
-0.138697	0.0519753
-0.16127	0.0649145
-0.161617	0.0698184
-0.11831	0.0417727
-0.142206	0.0591737
-0.142478	0.0543642
-0.110715	0.0681202
-0.121817	0.0631164
-0.14915	0.0348328
-0.13325	6.61358e-05
-0.143221	-5.9105e-05
-0.169652	0.0331395
-0.130751	0.0194246
-0.162902	0.0124916
-0.164062	0.0245923
-0.159106	0.0164378
-0.201983	-0.00741183
-0.159195	-0.00214306
-0.171145	-0.0016864
-0.18168	0.030621
-0.170434	0.0173871
-0.200197	-0.00347186
-0.179943	-0.0102878
-0.164659	0.00737158
-0.136209	-0.0249293
-0.152721	-0.0105533
-0.151746	-0.0112958
-0.161263	-0.0206199
-0.163175	-0.0228807
-0.147653	-0.0188312
-0.157077	-0.0443527
-0.163109	-0.0296579
-0.163294	-0.0273245
-0.152212	-0.0303322
-0.133903	-0.0344848
-0.128829	-0.032647
-0.159604	-0.0327952
-0.151616	-0.0227366
-0.155319	-0.0183159
-0.152743	-0.0510461
-0.139055	-0.0440331
-0.0991993	-0.0760133
-0.0948239	-0.0972803
-0.0859737	-0.116935
-0.0922392	-0.120721
-0.066886	-0.114289
-0.0615211	-0.114015
-0.0672286	-0.0997827
-0.10298	-0.128982
-0.108017	-0.140108
-0.103827	-0.134967
-0.0971097	-0.123722
-0.094642	-0.132068
-0.106003	-0.153309
-0.0977672	-0.143403
-0.0905347	-0.134268
-0.102575	-0.122043
-0.11028	-0.134608
-0.113496	-0.132496
-0.132762	-0.126624
-0.126328	-0.120505
-0.121806	-0.117135
-0.119756	-0.114232
-0.0990598	-0.111688
-0.106236	-0.0995343
-0.114995	-0.0815647
-0.101039	-0.0496249
-0.116936	-0.0767704
-0.124817	-0.0610969
-0.134817	-0.0772083
-0.102037	-0.0462037
-0.118751	-0.0468945
-0.132644	-0.0532502
-0.133806	-0.0359848
-0.141017	-0.0419122
-0.139971	-0.0380117
-0.150255	-0.0411777
-0.148602	-0.0549165
-0.146199	-0.0560938
-0.138023	-0.0388486
-0.143445	-0.0449012
-0.154391	-0.048104
-0.148791	-0.0481328
-0.160113	-0.0209373
-0.145062	-0.00752022
-0.1504	0.00469262
-0.166091	-0.00122756
-0.179382	0.0142551
-0.173917	0.0335176
-0.167677	0.0407897
-0.152871	0.0339869
-0.15953	0.0275133
-0.16147	0.00963118
-0.167282	0.0195848
-0.152938	0.06446
-0.162398	0.0860511
-0.156925	0.091646
-0.148557	0.0871496
-0.123427	0.0822959
-0.105549	0.0925381
-0.0641814	0.108329
-0.0711709	0.120755
-0.0827102	0.119314
-0.065034	0.160362
-0.0633063	0.157941
-0.0694336	0.162965
-0.0843065	0.166092
-0.0662547	0.156681
-0.0742002	0.137273
-0.0776876	0.140852
-0.0762951	0.150004
-0.067112	0.150702
-0.0685581	0.135714
-0.0865947	0.155079
-0.0657215	0.129044
-0.0778662	0.13281
-0.0731934	0.135672
-0.0881592	0.14036
-0.0845507	0.125107
-0.0891914	0.118017
-0.1005	0.13145
-0.0991646	0.129961
-0.0994404	0.129861
-0.0965658	0.103418
-0.0832242	0.106305
-0.0792689	0.128718
-0.091268	0.129712
-0.0916401	0.129936
-0.0724097	0.148573
-0.0659486	0.152321
-0.0615386	0.150963
-0.0699297	0.155552
-0.0650182	0.151927
-0.0618333	0.112987
-0.0529555	0.100347
-0.0437672	0.110937
-0.0773455	0.141121
-0.0618671	0.155415
-0.0611855	0.169771
-0.0558246	0.153951
-0.0668017	0.157406
-0.0619461	0.146503
-0.0518372	0.142861
-0.0601378	0.138195
-0.0636442	0.145838
-0.0611085	0.140508
-0.0547995	0.144156
-0.0534528	0.143989
-0.0575228	0.157968
-0.0858418	0.167972
-0.0807268	0.16147
-0.0799501	0.144141
-0.0813052	0.140012
-0.0766516	0.131637
-0.0784673	0.124724
-0.0655878	0.0928444
-0.0802055	0.0982294
-0.0863596	0.106157
-0.0990238	0.0850249
-0.103317	0.0942191
-0.130956	0.0845795
-0.138508	0.072013
-0.13745	0.0909058
-0.117892	0.0923376
-0.119568	0.0473396
-0.1139	0.000144489
-0.12771	0.000872902
-0.126675	-0.014165
-0.144699	-0.002066
-0.150385	-0.00579298
-0.153536	0.00268993
-0.127213	-0.0431741
-0.172009	-0.0264626
-0.165763	-0.0243206
-0.196887	-0.0339727
-0.200779	-0.0441158
-0.167262	-0.0424204
-0.142102	-0.0521263
-0.159055	-0.0565952
-0.140924	-0.0341917
-0.162215	-0.0603943
-0.154826	-0.0956138
-0.193515	-0.0491119
-0.178568	-0.0469366
-0.170681	-0.0425254
-0.147861	-0.0281862
-0.131411	-0.0346602
-0.136633	-0.0430487
-0.14565	-0.0393666
-0.130824	-0.0346057
-0.133342	-0.032596
-0.132712	-0.0137245
-0.157351	-0.0227483
-0.161919	-0.0376528
-0.160325	-0.034541
-0.168349	-0.0215941
-0.172268	-0.0127097
-0.168839	-0.0188735
-0.170624	0.0107136
-0.180533	0.0289661
-0.166973	0.0381568
-0.169562	0.0426612
-0.188166	0.0144281
-0.186979	0.00916548
-0.202075	-0.00788008
-0.195848	-0.00825497
-0.183571	-0.00770147
-0.171086	-0.0153392
-0.165386	-0.0118936
-0.170502	-0.0195326
-0.200992	-0.0246739
-0.153893	0.0054897
-0.154276	0.00474965
-0.165644	-0.0123559
-0.162736	-0.0123907
-0.161502	0.00623478
-0.158125	0.00561759
-0.159494	0.00103323
-0.165043	0.000480917
-0.132914	-0.0233085
-0.161576	-0.0426597
-0.160193	-0.0478235
-0.157514	-0.0470844
-0.156359	-0.0512977
-0.153038	-0.0562072
-0.152387	-0.0563552
-0.161927	-0.0545237
-0.164861	-0.0438379
-0.161722	-0.0528572
-0.130688	-0.0742492
-0.134648	-0.0701782
-0.141305	-0.0923333
-0.13895	-0.0902084
-0.134327	-0.0912766
-0.12702	-0.114561
-0.141344	-0.115899
-0.135857	-0.1201
-0.127227	-0.10268
-0.125198	-0.102261
-0.127351	-0.107508
-0.109002	-0.12333
-0.112224	-0.118614
-0.110879	-0.106803
-0.0982266	-0.0939734
-0.105028	-0.101162
-0.118166	-0.119394
-0.114122	-0.115389
-0.113755	-0.113768
-0.123386	-0.106851
-0.142708	-0.105076
-0.137151	-0.101017
-0.158209	-0.10254
-0.171194	-0.0990517
-0.164536	-0.113816
-0.133588	-0.109266
-0.146424	-0.106466
-0.137962	-0.103848
-0.146086	-0.0948502
-0.153925	-0.0901505
-0.146937	-0.0692629
-0.139869	-0.073266
-0.163718	-0.0966397
-0.152165	-0.0905564
-0.14077	-0.071685
-0.122411	-0.0807096
-0.137017	-0.0872767
-0.133396	-0.0939357
-0.110745	-0.100481
-0.114435	-0.106146
-0.12685	-0.104004
-0.128477	-0.0997171
-0.138191	-0.0952954
-0.126823	-0.122859
-0.117334	-0.129732
-0.113172	-0.126115
-0.128708	-0.10458
-0.157571	-0.114688
-0.136792	-0.116535
-0.133541	-0.104382
-0.134232	-0.0772526
-0.136805	-0.0782002
-0.130072	-0.0924267
-0.129723	-0.0805037
-0.133365	-0.0616649
-0.134047	-0.0858219
-0.171287	-0.0738023
-0.177345	-0.0455389
-0.163856	-0.0628666
-0.149047	-0.0590518
-0.158003	-0.0593237
-0.14974	-0.0569322
-0.160262	-0.0880563
-0.152215	-0.0860768
-0.149986	-0.0784022
-0.157371	-0.0814293
-0.158634	-0.061252
-0.13637	-0.0562762
-0.156366	-0.0592075
-0.138273	-0.0587438
-0.161599	-0.0462671
-0.177492	-0.0556479
-0.151348	-0.0547833
-0.128053	-0.0588212
-0.177136	-0.0741373
-0.164277	-0.0662781
-0.15543	-0.0699284
-0.140583	-0.0647246
-0.147406	-0.0627199
-0.131378	-0.109171
-0.127463	-0.106541
-0.14403	-0.109979
-0.136454	-0.108292
-0.0981289	-0.11736
-0.0961657	-0.120112
-0.11763	-0.136229
-0.114108	-0.135505
-0.121838	-0.104187
-0.110273	-0.104069
-0.125105	-0.0844102
-0.13275	-0.0947344
-0.123721	-0.0991475
-0.13312	-0.0822988
-0.121102	-0.0687194
-0.128007	-0.0799608
-0.132369	-0.105629
-0.0810731	-0.105328
-0.082606	-0.115662
-0.0860881	-0.121056
-0.0788542	-0.156433
-0.0723961	-0.124133
-0.0628648	-0.128564
-0.0564684	-0.130085
-0.065015	-0.118365
-0.0738169	-0.113328
-0.0902366	-0.109154
-0.093033	-0.114009
-0.0743877	-0.12863
-0.0772861	-0.120157
-0.0749095	-0.124806
-0.081952	-0.180947
-0.0406096	-0.153625
-0.0411599	-0.154349
-0.0408168	-0.154775
-0.0413829	-0.15633
-0.0484657	-0.155652
-0.0406077	-0.146974
-0.0369415	-0.150003
-0.031733	-0.15982
-0.0158413	-0.137647
-0.0156314	-0.146168
0.000276727	-0.130923
-0.000900625	-0.14122
0.0115875	-0.144348
0.0248382	-0.139095
0.0388191	-0.126877
0.0631683	-0.141626
0.0545231	-0.14167
0.0645236	-0.141916
0.0632051	-0.134244
0.0584386	-0.146342
0.0309551	-0.168965
0.0191031	-0.182746
0.0462954	-0.179001
0.0249444	-0.194604
0.00960834	-0.174189
0.0253328	-0.164984
0.0128134	-0.159847
0.0175045	-0.156543
0.00390886	-0.171717
0.00413931	-0.181577
0.0087146	-0.173563
0.00181693	-0.166795
0.0038477	-0.151341
0.00163083	-0.158716
-0.00349287	-0.162873
-0.0293883	-0.147909
-0.0341148	-0.139401
-0.0367777	-0.134398
-0.0328695	-0.100138
-0.0439746	-0.128223
-0.0514542	-0.140892
-0.0511697	-0.133773
-0.0459039	-0.138773
-0.0616282	-0.153631
-0.0714426	-0.148059
-0.0712003	-0.14417
-0.0873347	-0.162091
-0.0835645	-0.150628
-0.0896909	-0.148579
-0.0999189	-0.153497
-0.0980409	-0.153298
-0.089885	-0.117842
-0.0456532	-0.12301
-0.0558288	-0.131663
-0.040507	-0.10456
-0.0375292	-0.0961894
-0.0442576	-0.0992791
-0.0712272	-0.100657
-0.0777376	-0.106539
-0.072665	-0.111305
-0.0842993	-0.128278
-0.0911854	-0.128492
-0.0755725	-0.127798
-0.0271934	-0.13411
-0.0312533	-0.121386
-0.037441	-0.140833
-0.0204992	-0.13718
-0.0218846	-0.14424
-0.0642391	-0.105842
-0.0956818	-0.113595
-0.0971766	-0.0784608
-0.115948	-0.0794736
-0.133793	-0.0800923
-0.12218	-0.0872736
-0.141126	-0.0625632
-0.148521	-0.0471687
-0.146047	-0.0489672
-0.130387	-0.0640518
-0.133657	-0.0645586
-0.14162	-0.059624
-0.126395	-0.0587144
-0.137668	-0.0495344
-0.146689	-0.0642553
-0.151082	-0.0731158
-0.149568	-0.0725442
-0.162756	-0.0684611
-0.160865	-0.0657015
-0.146254	-0.0777245
-0.114404	-0.0787156
-0.125082	-0.0903428
-0.12914	-0.0752575
-0.132156	-0.0857829
-0.118399	-0.10185
-0.110629	-0.0908118
-0.115312	-0.0874658
-0.123309	-0.0752579
-0.129342	-0.0646236
-0.136291	-0.0914952
-0.122227	-0.0568146
-0.141132	-0.0720774
-0.175248	-0.0822439
-0.162297	-0.0792554
-0.151171	-0.0723965
-0.137554	-0.0463328
-0.121148	-0.0407159
-0.132389	-0.0594573
-0.139783	-0.0593941
-0.14904	-0.0631286
-0.147263	-0.0614209
-0.157737	-0.0534806
-0.158539	-0.0479967
-0.15015	-0.039671
-0.156061	-0.0479756
-0.151124	-0.0394746
-0.162834	-0.0299546
-0.18035	-0.0401272
-0.160948	-0.0370859
-0.152676	-0.0356652
-0.162341	-0.0367485
-0.153247	-0.0450312
-0.138525	-0.0476136
-0.138508	-0.0509612
-0.152286	-0.0503516
-0.152625	-0.0510231
-0.152196	-0.0507446
-0.175534	-0.0331254
-0.18797	-0.0274646
-0.191962	-0.0390307
-0.16074	-0.0127653
-0.140595	-0.0106042
-0.14728	0.00274132
-0.145916	-0.00589037
-0.159797	-0.0110974
-0.15896	-0.0117101
-0.169463	-0.000145812
-0.162005	0.0095026
-0.174011	-0.0140234
-0.169271	-0.0134069
-0.150933	0.00736697
-0.15465	-0.00364079
-0.151856	-0.0199591
-0.169281	-0.00738866
-0.159256	0.00117027
-0.165786	0.0107593
-0.184756	0.015205
-0.173215	0.0162905
-0.166793	0.0198781
-0.172652	0.0128976
-0.159113	0.0189517
-0.16986	0.0276289
-0.155508	0.0151944
-0.159269	-0.00746961
-0.158978	-0.00636981
-0.160919	-0.00628596
-0.143457	-0.0265283
-0.151158	-0.0293954
-0.155015	-0.0286373
-0.156868	-0.0238372
-0.157805	-0.0226079
-0.157195	-0.0244583
-0.121694	0.00678233
-0.124977	-0.0049903
-0.166199	-0.0295825
