-0.0381805	-0.0842994
-0.0326073	-0.128242
-0.0314712	-0.136345
-0.0359787	-0.140973
-0.0110725	-0.133995
-0.0148677	-0.104954
-0.00666695	-0.125871
-0.0044781	-0.134085
-0.00500445	-0.142852
0.010809	-0.141398
0.0104902	-0.111714
0.0276499	-0.116582
0.036316	-0.111765
0.0348557	-0.095718
0.0292645	-0.0743829
0.023538	-0.0728943
0.0186699	-0.0630261
0.0161765	-0.0721147
0.040999	-0.0771345
0.0101758	-0.0350561
0.0110496	-0.0621049
0.00726558	-0.0675345
-0.00320872	-0.0500177
-0.00553086	-0.0683537
-0.0126845	-0.0712877
-0.0179537	-0.103314
-0.018592	-0.103734
-0.0202863	-0.103654
-0.035448	-0.10202
-0.0301357	-0.100956
-0.0271072	-0.110564
-0.000865295	-0.109514
-0.00972868	-0.10214
0.00187753	-0.109375
-0.00511789	-0.113477
0.00241941	-0.116835
-0.021178	-0.127365
-0.0359325	-0.115859
-0.0418618	-0.121576
-0.0217993	-0.117758
-0.0190958	-0.101766
-0.0356291	-0.0853669
-0.0356852	-0.103794
-0.0132938	-0.109481
-0.0171717	-0.109757
-0.050021	-0.13735
-0.0234903	-0.160856
-0.00674754	-0.162002
-0.0262496	-0.179997
-0.0161527	-0.167077
0.0363525	-0.146446
0.0140941	-0.148639
0.00543322	-0.17384
0.0190641	-0.1523
0.0100495	-0.121433
0.019681	-0.135803
0.0127897	-0.138558
0.00304182	-0.166262
-0.00245179	-0.173125
-0.0289283	-0.177362
-0.0350281	-0.150035
-0.0646585	-0.173843
-0.0916709	-0.165906
-0.0781649	-0.165208
-0.0877006	-0.134019
-0.103521	-0.141216
-0.0924722	-0.140209
-0.0713677	-0.144475
-0.06868	-0.146311
-0.0843342	-0.148414
-0.0916513	-0.147437
-0.0849503	-0.144788
-0.0881318	-0.14031
-0.0565073	-0.120598
-0.0748979	-0.113594
-0.0823207	-0.141761
-0.080952	-0.114627
-0.0744876	-0.126596
-0.0716693	-0.130423
-0.0765898	-0.153647
-0.0689109	-0.124309
-0.0808099	-0.129413
-0.0852846	-0.133435
-0.0854447	-0.145904
-0.106048	-0.160785
-0.0870244	-0.145906
-0.114876	-0.119449
-0.0926832	-0.138602
-0.105645	-0.120565
-0.117387	-0.0941652
-0.0996443	-0.101702
-0.111844	-0.085292
-0.0912581	-0.058163
-0.126531	-0.0590489
-0.137852	-0.0701559
-0.133516	-0.0674526
-0.1466	-0.0392941
-0.156189	-0.0558962
-0.138704	-0.0467686
-0.127644	-0.057838
-0.138455	-0.0600462
-0.171176	-0.0838477
-0.137151	-0.106793
-0.1479	-0.112146
-0.147182	-0.096214
-0.164921	-0.091587
-0.149408	-0.0883431
-0.159251	-0.0650784
-0.145018	-0.0754368
-0.179343	-0.044943
-0.178558	-0.0346288
-0.14735	-0.0455992
-0.136186	-0.00951339
-0.168075	-0.0321031
-0.170581	-0.0281179
-0.153591	-0.0298153
-0.156574	-0.0273272
-0.152339	-0.0391274
-0.137481	-0.0426831
-0.134783	-0.0547901
-0.152234	-0.05011
-0.132138	-0.0559348
-0.148301	-0.0650231
-0.145715	-0.0417316
-0.170044	-0.0732807
-0.161615	-0.0749836
-0.186042	-0.0838056
-0.164239	-0.099563
-0.164824	-0.0981014
-0.154955	-0.103958
-0.159145	-0.0929248
-0.139488	-0.0997927
-0.135483	-0.0788036
-0.126892	-0.0863296
-0.14021	-0.0683794
-0.141879	-0.042184
-0.16141	-0.0465644
-0.143799	-0.0423825
-0.145183	-0.0417092
-0.151422	-0.0391959
-0.157492	-0.0509816
-0.141092	-0.0322673
-0.140477	-0.0254702
-0.139407	-0.0444465
-0.144578	-0.0521729
-0.126812	-0.0649977
-0.121736	-0.0437762
-0.125204	-0.0576286
-0.135541	-0.0600084
-0.109321	-0.0360763
-0.104546	-0.0550538
-0.121743	-0.0538518
-0.122059	-0.0472146
-0.122502	-0.0450763
-0.134788	-0.0602543
-0.167204	-0.0579013
-0.181247	-0.0614073
-0.147051	-0.0689072
-0.147802	-0.0885608
-0.142397	-0.104453
-0.128647	-0.0862029
-0.137426	-0.0782439
-0.147358	-0.0748087
-0.13294	-0.0797961
-0.127695	-0.0857027
-0.116841	-0.0644325
-0.120764	-0.0546504
-0.116705	-0.0464786
-0.127156	-0.0379155
-0.140264	-0.0508098
-0.158273	-0.0528474
-0.15044	-0.0572636
-0.153838	-0.064558
-0.152838	-0.0621029
-0.186706	-0.0315951
-0.187482	-0.0374726
-0.1538	-0.0643355
-0.114832	-0.0639738
-0.0850259	-0.0480297
-0.0807267	-0.067601
-0.0997272	-0.0738132
-0.12545	-0.0731825
-0.119884	-0.0671471
-0.129924	-0.0700691
-0.119141	-0.102009
-0.156103	-0.131002
-0.150912	-0.110843
-0.137665	-0.109805
-0.107892	-0.123607
-0.123162	-0.123585
-0.12995	-0.13062
-0.132566	-0.120898
-0.140997	-0.109225
-0.139875	-0.103091
-0.151465	-0.0977772
-0.140736	-0.110629
-0.122622	-0.113575
-0.165147	-0.147334
-0.137395	-0.13381
-0.126267	-0.0826986
-0.106604	-0.0860924
-0.0803202	-0.105056
-0.0890699	-0.0684676
-0.0815442	-0.102836
-0.0692375	-0.131375
-0.0813891	-0.12707
-0.0756777	-0.128484
-0.0622945	-0.139686
-0.053889	-0.147893
-0.0460205	-0.140567
-0.00853945	-0.159595
-0.0162679	-0.154203
-0.0307713	-0.156564
-0.0397876	-0.157352
-0.0390721	-0.15176
-0.0488605	-0.150359
-0.0362579	-0.153867
-0.0558767	-0.147043
-0.0486291	-0.146482
-0.0388504	-0.151501
-0.0398035	-0.168062
-0.0289283	-0.150343
-0.0375063	-0.142235
-0.0606037	-0.149041
-0.0668008	-0.124143
-0.0516474	-0.127904
-0.0596595	-0.144709
-0.0551533	-0.150554
-0.0527455	-0.152136
-0.0892448	-0.179396
-0.0723444	-0.16336
-0.0740816	-0.156263
-0.0465285	-0.153991
-0.0525007	-0.164781
-0.0662582	-0.134974
-0.067876	-0.160475
-0.0697449	-0.143825
-0.0847126	-0.136411
-0.0977007	-0.126847
-0.0934978	-0.134287
-0.10819	-0.134929
-0.0984806	-0.150926
-0.0917618	-0.138051
-0.113413	-0.157859
-0.109922	-0.14829
-0.116956	-0.149649
-0.104847	-0.119615
-0.108583	-0.120411
-0.0859996	-0.0901524
-0.0908026	-0.122938
-0.0838713	-0.124986
-0.0821021	-0.124394
-0.0666199	-0.129059
-0.0752748	-0.131874
-0.0694886	-0.157679
-0.0735121	-0.160725
-0.0866443	-0.158958
-0.0634033	-0.162395
-0.0498963	-0.154864
-0.0495449	-0.153406
-0.0675774	-0.149131
-0.0757152	-0.142084
-0.072096	-0.142035
-0.113894	-0.134925
-0.102066	-0.0980186
-0.104098	-0.117059
-0.0867215	-0.12073
-0.073681	-0.129312
-0.0612235	-0.114521
-0.0410669	-0.139947
-0.0712553	-0.152107
-0.078506	-0.137674
-0.0807155	-0.139788
-0.0709337	-0.141386
-0.0452935	-0.155744
-0.0671434	-0.135277
-0.0345748	-0.145445
-0.0314007	-0.147095
-0.0453532	-0.149077
-0.0504461	-0.159563
-0.0514822	-0.142611
-0.0533554	-0.143791
-0.0612524	-0.157231
-0.0493855	-0.162926
-0.0649515	-0.143096
-0.0647921	-0.13637
-0.0646304	-0.134391
-0.0558617	-0.144581
-0.0671654	-0.154853
-0.0535252	-0.144022
-0.0560579	-0.146461
-0.0801697	-0.123378
-0.0842288	-0.132354
-0.0754422	-0.132858
-0.0584673	-0.135945
-0.075856	-0.133584
-0.0926289	-0.131067
-0.106646	-0.0930482
-0.104004	-0.121783
-0.112923	-0.143552
-0.107454	-0.146432
-0.0969428	-0.144528
-0.0866593	-0.149357
-0.0768515	-0.126707
-0.0628815	-0.13659
-0.0534837	-0.121084
-0.0465727	-0.118388
-0.0568415	-0.121689
-0.0649147	-0.131758
-0.0884757	-0.124217
-0.0943007	-0.132338
-0.0847476	-0.120075
-0.0871426	-0.129323
-0.0858719	-0.129502
-0.0743087	-0.150729
-0.0758322	-0.149933
-0.0888283	-0.153497
-0.0814908	-0.155807
-0.106092	-0.176857
-0.0738739	-0.160592
-0.0451357	-0.150599
-0.0349868	-0.150999
-0.0453165	-0.152202
-0.0445409	-0.158561
-0.0436365	-0.171683
-0.0415754	-0.165273
-0.0261697	-0.157905
-0.0331601	-0.144289
-0.0436321	-0.148543
-0.0454198	-0.139494
-0.0288643	-0.174824
-0.0275584	-0.182386
-0.04144	-0.184437
-0.0275338	-0.186815
-0.0201956	-0.173975
-0.0236358	-0.171098
-0.0299727	-0.145188
-0.0353131	-0.152925
-0.0649079	-0.154088
-0.061379	-0.200299
-0.048051	-0.155608
-0.0359618	-0.155014
-0.0410903	-0.150284
-0.0458982	-0.175265
-0.0140362	-0.161511
-0.0171039	-0.15439
-0.0123183	-0.151742
-0.0143648	-0.169236
0.00541667	-0.132029
0.0366419	-0.127939
0.0119278	-0.134864
-0.00798365	-0.134097
-0.00498765	-0.151368
0.0075462	-0.165206
0.0133471	-0.163818
0.0138002	-0.142011
0.0176536	-0.149089
0.00458984	-0.168458
0.0433173	-0.165269
0.0243004	-0.189105
0.0164338	-0.194616
0.0186805	-0.168685
0.0214692	-0.162311
0.0042099	-0.166126
0.00453062	-0.175736
0.00548774	-0.161596
0.0345358	-0.16744
0.0457523	-0.166922
0.0256424	-0.156943
0.0386217	-0.161784
0.0476813	-0.15986
0.0758034	-0.169603
0.0452567	-0.1653
0.0434237	-0.167473
0.0775473	-0.151704
0.0727004	-0.14349
0.0472497	-0.118362
0.0728809	-0.158595
0.0874166	-0.169407
0.0745873	-0.15437
0.0823485	-0.1353
0.100091	-0.146004
0.115851	-0.131709
0.0999709	-0.119494
0.0893732	-0.121676
0.0926657	-0.122903
0.0788186	-0.118999
0.0929043	-0.108205
0.0791777	-0.134723
0.0931594	-0.118922
0.127691	-0.0862702
0.118034	-0.0745971
0.117583	-0.0720715
0.120038	-0.0859514
0.130424	-0.0863428
0.110019	-0.095123
0.102987	-0.0931828
0.110521	-0.095618
0.122252	-0.104483
0.127504	-0.0843167
0.119861	-0.0983777
0.128816	-0.101594
0.0964441	-0.100892
0.100391	-0.119786
0.104705	-0.112436
0.0683721	-0.0909898
0.0902613	-0.108751
0.100818	-0.111693
0.0850912	-0.111215
0.104428	-0.110582
0.111878	-0.107806
0.130483	-0.117148
0.10907	-0.106609
0.0929655	-0.112621
0.0808357	-0.158262
0.107965	-0.14575
0.102993	-0.158394
0.104511	-0.145492
0.0904508	-0.14032
0.101515	-0.136957
0.098005	-0.11367
0.137128	-0.135411
0.140818	-0.124951
0.0924082	-0.105429
0.101753	-0.136
0.0970556	-0.110434
0.0690657	-0.147186
0.086612	-0.135172
0.0918789	-0.129121
0.0952333	-0.124085
0.0917604	-0.122774
0.0854075	-0.127045
0.0982686	-0.117074
0.084321	-0.0985473
0.0961869	-0.0959312
0.0848753	-0.106567
0.0915478	-0.106226
0.096213	-0.121434
0.105092	-0.138258
0.0969437	-0.138746
0.0848424	-0.136005
0.075549	-0.131994
0.105193	-0.123142
0.0822258	-0.126117
0.0563656	-0.0999753
0.0655123	-0.117814
0.0732807	-0.133092
0.0933352	-0.117602
0.0792889	-0.114705
0.0768872	-0.136189
0.0713825	-0.140773
0.0713688	-0.153285
0.068079	-0.149932
0.0612527	-0.146651
0.0690628	-0.173766
0.0599375	-0.176089
0.0498462	-0.142825
0.0413621	-0.113024
0.038645	-0.132872
0.0516366	-0.142125
0.0357049	-0.12587
0.0286064	-0.16003
0.0502841	-0.145999
0.0442884	-0.159575
0.0257105	-0.181698
0.033775	-0.168414
0.0452183	-0.200399
0.0194612	-0.184948
0.0206634	-0.131925
0.0179161	-0.150597
0.018541	-0.177035
0.0138375	-0.17206
0.011756	-0.176237
0.0159077	-0.181818
0.0365817	-0.179032
0.0119624	-0.172419
-0.00542652	-0.135111
-0.0417811	-0.146567
-0.0443835	-0.138467
-0.0399422	-0.180716
-0.0592794	-0.210275
-0.0596915	-0.186681
-0.0420567	-0.181556
-0.0366231	-0.171316
-0.0524782	-0.150454
-0.0358056	-0.171275
-0.0330713	-0.156967
-0.0365225	-0.174984
-0.0222898	-0.156048
-0.00855172	-0.129006
-0.0191654	-0.140481
-0.0164006	-0.146193
-0.0156511	-0.144863
-0.0264811	-0.141215
-8.13085e-05	-0.163087
-0.0162601	-0.184007
0.0101706	-0.163083
-0.0107575	-0.170852
-0.000958801	-0.141803
0.0141237	-0.139918
0.0154809	-0.135717
-0.000960158	-0.151632
-0.00459557	-0.158102
-0.0033575	-0.148145
0.00337176	-0.148146
-0.00985565	-0.152076
0.0051773	-0.147765
0.00044284	-0.167554
0.0356709	-0.152048
0.0339068	-0.135368
0.046082	-0.124304
0.0234894	-0.150076
0.0323312	-0.112279
0.0337084	-0.125458
0.0401733	-0.121982
-0.0104515	-0.119753
0.00108755	-0.131289
0.0116028	-0.140078
0.00234292	-0.14063
-0.00383205	-0.164605
0.0111211	-0.159716
0.0233151	-0.143638
0.0300303	-0.182917
0.0223058	-0.165138
0.0108861	-0.133699
0.00746477	-0.114363
-0.000861318	-0.143928
0.00313703	-0.128136
-0.00259744	-0.106168
-0.0373409	-0.152947
-0.0124077	-0.142164
-0.0346101	-0.130518
-0.0442377	-0.146278
-0.0393801	-0.142506
-0.0366598	-0.144599
-0.0268462	-0.149515
-0.0240645	-0.116149
-0.02705	-0.172882
-0.0460063	-0.147055
-0.039633	-0.135023
-0.020138	-0.140731
-0.00784	-0.141913
-0.00260364	-0.176507
-0.00918892	-0.172122
-0.0294852	-0.1592
-0.0176127	-0.175831
-0.00185711	-0.173828
-0.00897435	-0.149264
0.00227967	-0.146286
-0.00207412	-0.145678
0.00152509	-0.151415
0.00717331	-0.160028
0.00976771	-0.159163
0.00145642	-0.159427
0.00263247	-0.155177
-0.0131556	-0.156876
0.00435861	-0.164628
0.0254582	-0.177695
0.00552272	-0.171617
-0.00740632	-0.167106
-0.0141615	-0.161406
-0.0225567	-0.172792
-0.0283662	-0.159397
-0.0238748	-0.155469
-0.0242664	-0.159731
-0.0247515	-0.159625
-0.040226	-0.176522
-0.0172102	-0.139935
-0.0158664	-0.156771
-0.0172428	-0.142455
-0.00929649	-0.151444
-0.013301	-0.146499
-0.015892	-0.150857
-0.00103235	-0.162761
0.00605944	-0.189137
0.00125359	-0.163661
-0.0280996	-0.173196
-0.0217341	-0.167059
-0.00086822	-0.176028
-0.0533992	-0.20398
-0.0265626	-0.178032
-0.0122022	-0.182685
-0.0081509	-0.173322
-0.0183685	-0.179027
0.0179163	-0.214314
0.0162687	-0.17507
0.0144835	-0.167162
0.0320198	-0.154669
0.0205587	-0.167509
0.00525168	-0.136682
0.00150772	-0.154788
0.0150216	-0.158968
0.0464563	-0.155021
0.0584662	-0.197784
0.0214971	-0.21875
0.00746273	-0.208788
0.0220335	-0.202974
0.0306561	-0.170632
0.0266654	-0.167837
0.0271738	-0.152965
0.0200254	-0.157934
0.0204376	-0.154013
0.0143355	-0.157845
0.00714709	-0.156741
-0.0157985	-0.150793
-0.00399479	-0.144485
0.0143883	-0.177821
0.0196379	-0.204004
0.00560219	-0.189443
-0.0166818	-0.182735
-0.0122212	-0.218994
-0.0404446	-0.187612
-0.0524592	-0.178299
-0.043415	-0.173131
-0.0486331	-0.169791
-0.0287616	-0.170327
-0.0265404	-0.189072
-0.0176477	-0.172595
-0.0317061	-0.180779
-0.0140462	-0.168245
-0.0206924	-0.167384
-0.0155021	-0.149651
0.0198696	-0.194666
0.00247947	-0.189384
0.00929792	-0.17806
0.0263808	-0.155667
-0.00173236	-0.163487
0.000945816	-0.177101
0.0165405	-0.190423
0.004358	-0.177638
-0.0105999	-0.183672
0.00105888	-0.175666
0.00170203	-0.171891
0.00386941	-0.198564
0.00263259	-0.191975
0.0130943	-0.180607
-0.00176026	-0.154804
-0.0110073	-0.184173
0.0108102	-0.141483
0.0375686	-0.151722
0.0532175	-0.169417
0.0325142	-0.176129
0.0335532	-0.163205
0.0293794	-0.158703
0.0227765	-0.167389
0.00640462	-0.195437
0.00772095	-0.210442
0.0124643	-0.200086
0.0194368	-0.181492
0.0685621	-0.17867
0.0626356	-0.15397
0.052398	-0.148839
0.0454318	-0.144055
0.0230787	-0.131415
0.0230567	-0.135756
0.025333	-0.136952
0.0184331	-0.126276
0.0364184	-0.14982
0.0235924	-0.15404
0.0245502	-0.160132
0.0180999	-0.149376
0.0310784	-0.122115
0.0165142	-0.118444
0.004559	-0.133785
0.006412	-0.140497
0.0283261	-0.1385
0.0192698	-0.160677
0.0317641	-0.190643
0.0183255	-0.190379
0.0269781	-0.19953
0.0320325	-0.186209
-0.00639211	-0.185412
-0.00359767	-0.15868
0.00626847	-0.152376
0.00344831	-0.16559
0.0149666	-0.152351
0.0176689	-0.118985
0.0495675	-0.105018
0.0572598	-0.133626
0.0585778	-0.126378
0.0329006	-0.119485
0.0416156	-0.13379
0.038555	-0.140742
0.0213658	-0.145844
0.0260307	-0.146686
0.0390506	-0.160508
0.00542817	-0.161016
0.0138889	-0.155611
0.00519088	-0.155566
0.0158195	-0.156056
0.0190194	-0.151663
0.00415524	-0.146556
0.00486756	-0.141901
0.0173329	-0.143699
0.0250934	-0.145552
0.0385498	-0.158152
0.0387016	-0.154836
0.0160041	-0.140395
0.0219453	-0.145192
0.0400563	-0.142251
0.050614	-0.148777
0.0170887	-0.150133
0.0368652	-0.153602
0.0413928	-0.13057
0.0305526	-0.144944
-0.0132693	-0.162892
0.0249153	-0.148939
0.0355959	-0.175538
0.0360213	-0.166498
0.0191015	-0.151556
0.0181172	-0.146779
0.0218416	-0.177628
0.031682	-0.157271
0.0269718	-0.156309
0.053763	-0.131142
0.0826238	-0.113098
0.0599994	-0.136241
0.0420097	-0.139558
0.0261153	-0.143875
0.0273122	-0.140667
0.0404426	-0.154547
0.0257119	-0.151473
0.0173951	-0.138458
0.029714	-0.154534
0.0338831	-0.155894
0.0441985	-0.153857
0.0433569	-0.153219
0.0366313	-0.156218
0.0377996	-0.157309
0.0354108	-0.137955
0.0451539	-0.13821
0.0429982	-0.123712
0.049288	-0.132425
0.0440466	-0.128373
0.0533126	-0.105835
0.0484736	-0.124293
0.0554169	-0.117579
0.0710911	-0.143257
0.0777048	-0.153494
0.0592313	-0.183531
0.0763014	-0.161546
0.0745792	-0.150672
0.0677399	-0.145393
0.0574704	-0.151118
0.0828391	-0.145561
0.0801176	-0.140022
0.0803838	-0.139793
0.0915184	-0.138909
0.0944051	-0.126734
0.0805193	-0.139441
0.0831832	-0.142369
0.0745156	-0.143115
0.07038	-0.148428
0.0728928	-0.143269
0.0670934	-0.149966
0.0741492	-0.149244
0.0901304	-0.10096
0.0830326	-0.12318
0.0816594	-0.152881
0.0807915	-0.148623
0.0924767	-0.138626
0.0883533	-0.132159
0.0729298	-0.149189
0.0738547	-0.145904
0.066758	-0.121319
0.0597213	-0.132446
0.0899816	-0.138343
0.0696836	-0.164143
0.108475	-0.17751
0.0869004	-0.163835
0.0851502	-0.152687
0.0595575	-0.145584
0.0616675	-0.141961
0.0641417	-0.135148
0.0404292	-0.137796
0.0121699	-0.147248
0.0362444	-0.113193
0.0434881	-0.115139
0.0575213	-0.134985
0.116218	-0.110826
0.103631	-0.0957611
0.0927371	-0.128901
0.0793726	-0.132212
0.0978096	-0.145449
0.0800636	-0.121165
0.0876125	-0.133909
0.0723186	-0.130091
0.0771488	-0.117465
0.0792927	-0.144251
0.0884327	-0.147934
0.105133	-0.13299
0.095589	-0.151422
0.0990661	-0.154874
0.101972	-0.150893
0.100255	-0.157713
0.0921606	-0.156132
0.0828696	-0.138281
0.099636	-0.130325
0.0941637	-0.131224
0.09632	-0.118626
0.0928971	-0.121907
0.10316	-0.131224
0.0991389	-0.123731
0.104355	-0.125959
0.11675	-0.138538
0.0902955	-0.120689
0.0824812	-0.124219
0.114864	-0.151581
0.13013	-0.16849
0.154507	-0.153741
0.125189	-0.140551
0.0949709	-0.14582
0.094009	-0.139857
0.0752868	-0.13793
0.064536	-0.117303
0.0730527	-0.127662
0.0585928	-0.137603
0.0566737	-0.140335
0.0500852	-0.145319
0.0406279	-0.151233
0.0429904	-0.15802
0.0299777	-0.147813
0.0420891	-0.141451
0.0619479	-0.125023
0.0775745	-0.0990633
0.0829587	-0.112677
0.0681685	-0.126287
0.0754286	-0.117875
0.0578389	-0.141694
0.0532339	-0.145907
0.0502752	-0.121144
0.0714737	-0.119793
0.0539568	-0.128054
0.0337682	-0.104427
0.0159478	-0.149293
0.014821	-0.137976
0.0125181	-0.15314
-0.00485337	-0.173191
-0.00912747	-0.160633
-0.000975555	-0.148233
-0.0191602	-0.142223
-0.0329968	-0.144386
-0.0364324	-0.152864
-0.0331485	-0.121179
-0.015156	-0.129792
-0.0290087	-0.145617
-0.02119	-0.16227
-0.033699	-0.169484
-0.0371852	-0.182345
-0.0262851	-0.188088
-0.0438297	-0.187246
-0.0482888	-0.185108
-0.0480799	-0.174602
-0.0509927	-0.16468
-0.0238727	-0.126434
-0.0314908	-0.132755
-0.0405037	-0.140599
-0.0333621	-0.140372
-0.0202857	-0.149559
-0.01327	-0.138503
-0.0293789	-0.128192
-0.0326198	-0.139819
-0.0195275	-0.122288
-0.0176168	-0.136158
-0.0243923	-0.141878
-0.0302913	-0.155429
-0.0208628	-0.150499
-0.0185312	-0.13849
-0.032361	-0.110868
-0.0326195	-0.123159
-0.00911678	-0.126935
0.020551	-0.123046
0.00919386	-0.131204
0.0265927	-0.152796
0.0400934	-0.152461
0.0253595	-0.158828
0.0586781	-0.187743
0.04303	-0.173346
0.0200383	-0.167054
-0.010563	-0.192447
0.00657094	-0.200097
0.0128106	-0.193563
0.00949702	-0.174026
0.0298008	-0.134165
0.044764	-0.129324
0.0374377	-0.137704
0.049955	-0.149453
0.0398324	-0.154944
0.036463	-0.147274
0.0453443	-0.169807
0.0512121	-0.161709
0.0402838	-0.174391
0.0424594	-0.167432
0.0401453	-0.160666
0.0369462	-0.16389
0.051678	-0.17161
0.0531063	-0.158121
0.0684126	-0.193451
0.0825576	-0.159596
0.0726872	-0.159459
0.0564475	-0.143766
0.0349831	-0.139719
0.0348998	-0.186864
0.0438805	-0.176998
0.0331245	-0.154399
0.0306219	-0.139128
0.0592442	-0.130704
0.0558603	-0.110609
0.0486359	-0.117118
0.0613518	-0.144655
0.0431337	-0.152047
0.0435851	-0.144178
0.0472571	-0.138789
0.0583756	-0.155371
0.0554707	-0.152463
0.0684675	-0.149841
0.0468795	-0.102783
0.0666437	-0.142903
0.0800729	-0.114872
0.0558625	-0.116657
0.0429067	-0.0994066
0.0182895	-0.129456
0.0246391	-0.169187
0.0461522	-0.143027
0.0715349	-0.14478
0.0649334	-0.112947
0.0866851	-0.118829
0.123494	-0.129882
0.109639	-0.127215
0.107504	-0.111095
0.111731	-0.118466
0.105675	-0.130714
0.114654	-0.115216
0.133945	-0.125291
0.12985	-0.100124
0.134643	-0.0920485
0.116845	-0.0799512
0.121745	-0.0800841
0.128571	-0.0675009
0.128776	-0.0715426
0.126224	-0.124674
0.124385	-0.116678
0.118604	-0.0964323
0.137131	-0.0889251
0.126488	-0.0884696
0.134701	-0.0779824
0.134918	-0.0960306
0.138894	-0.110155
0.13648	-0.0995987
0.128417	-0.113829
0.126786	-0.0705072
0.12305	-0.0817087
0.103898	-0.074931
0.117101	-0.0867202
0.118337	-0.0969204
0.0934989	-0.0961715
0.105254	-0.0887869
0.141944	-0.0942121
0.141	-0.084433
0.128045	-0.0720509
0.115781	-0.0851424
0.103067	-0.0928045
0.112532	-0.101435
0.145971	-0.100418
0.152635	-0.0824711
0.131903	-0.0812364
0.136731	-0.0787715
0.107004	-0.0579476
0.11871	-0.0924955
0.124148	-0.0758261
0.133394	-0.0571511
0.139145	-0.0420535
0.0962031	-0.0228882
0.134707	-0.00845352
0.145052	-0.00377179
0.135404	-0.0158899
0.0833769	0.0063736
0.115529	0.0147534
0.152742	0.0196693
0.15739	0.0262511
0.158601	0.0333477
0.161475	0.0403281
0.176094	0.0647518
0.143213	0.0418262
0.144077	0.0370575
0.141631	0.0386353
0.140437	0.0662638
0.129973	0.0934114
0.137139	0.0913581
0.137647	0.0858226
0.159687	0.0948164
0.151418	0.0824389
0.141584	0.0812919
0.131941	0.0874924
0.119664	0.0969109
0.0973268	0.0842953
0.0962511	0.113068
0.103655	0.144628
0.119523	0.147976
0.108055	0.141048
