0.0119263	0.00248819
0.0249906	0.00793762
0.0385291	0.0132056
0.0512456	0.0172121
0.0654101	0.0233476
0.0800905	0.0290338
0.0948462	0.0343982
0.109269	0.0398029
0.123993	0.0453205
0.140277	0.0511334
0.155894	0.0568553
0.171352	0.0619761
0.18535	0.0652939
0.199652	0.0687269
0.215041	0.0700705
0.228454	0.0732903
0.241499	0.076079
0.256711	0.0802714
0.27116	0.0845791
0.286248	0.0893945
0.299855	0.0942108
0.314383	0.0992306
0.328055	0.10438
0.342311	0.110731
0.358012	0.117855
0.374019	0.12199
0.390686	0.127053
0.409172	0.133809
0.423168	0.142265
0.437482	0.15067
0.450956	0.160088
0.464554	0.166666
0.480836	0.171906
0.496664	0.177064
0.512116	0.182534
0.52584	0.192049
0.537005	0.203326
0.545634	0.216938
0.553178	0.230811
0.560216	0.244901
0.564397	0.257139
0.568664	0.270624
0.573436	0.285373
0.581877	0.297967
0.590445	0.31081
0.598113	0.322683
0.604796	0.337099
0.611645	0.35368
0.617133	0.367251
0.620155	0.381291
0.623674	0.396858
0.626764	0.414414
0.629618	0.431359
0.6293	0.45076
0.628977	0.469122
0.626681	0.484965
0.627139	0.501684
0.62506	0.519231
0.621833	0.535763
0.618274	0.552084
0.612843	0.566966
0.607568	0.582073
0.601527	0.596918
0.596632	0.615015
0.59084	0.631003
0.584656	0.646167
0.577903	0.66136
0.568369	0.675773
0.555555	0.687551
0.540913	0.702581
0.524798	0.717622
0.508061	0.730033
0.491485	0.742206
0.477117	0.75008
0.462551	0.756005
0.447739	0.76469
0.43529	0.77245
0.422999	0.778821
0.412461	0.785925
0.403609	0.792614
0.39782	0.798542
0.393824	0.80683
0.389828	0.818199
0.388629	0.830362
0.39062	0.843449
0.392119	0.856808
0.395585	0.870852
0.397964	0.885277
0.403548	0.899048
0.410734	0.913083
0.419625	0.926487
0.427988	0.939272
0.435666	0.953585
0.446253	0.968369
0.456436	0.982368
0.466151	0.996503
0.474508	1.01321
0.48339	1.02838
0.49305	1.0428
0.502666	1.05657
0.512861	1.07062
0.522823	1.08375
0.532796	1.09777
0.538101	1.10828
0.543899	1.11953
0.551237	1.13152
0.55893	1.14277
0.564693	1.15704
0.570442	1.17242
0.577453	1.18803
0.585629	1.20355
0.595141	1.21938
0.604193	1.23438
0.613069	1.24886
0.621511	1.26363
0.630863	1.27711
0.640724	1.29321
0.649546	1.30829
0.657618	1.32344
0.664869	1.33813
0.670835	1.35262
0.677303	1.36703
0.683593	1.38112
0.688109	1.39921
0.692032	1.4169
0.698792	1.43287
0.708699	1.44546
0.716893	1.45835
0.723548	1.47064
0.727952	1.48617
0.732766	1.50167
0.737267	1.51566
0.739759	1.52722
0.743821	1.54108
0.748678	1.55416
0.752946	1.56946
0.761219	1.58464
0.767325	1.59949
0.772845	1.61585
0.777894	1.63086
0.781774	1.64672
0.786033	1.66183
0.78729	1.68067
0.790661	1.69772
0.792557	1.71446
0.793478	1.73241
0.794145	1.74967
0.797642	1.76639
0.799566	1.78316
0.800706	1.79889
0.801099	1.81199
0.800735	1.82503
0.80088	1.84337
0.802154	1.85889
0.804441	1.87564
0.807129	1.89276
0.810749	1.90835
0.817321	1.92782
0.823773	1.94716
0.829706	1.96585
0.833554	1.98449
0.839877	2.00275
0.847238	2.01884
0.856622	2.03318
0.865046	2.04688
0.873344	2.06209
0.882416	2.07616
0.891879	2.08517
0.901497	2.09537
0.912102	2.10717
0.923426	2.11729
0.936788	2.12613
0.950108	2.13357
0.963922	2.14057
0.97852	2.14715
0.992395	2.15236
1.00639	2.15775
1.02072	2.16323
1.03354	2.17136
1.04715	2.17987
1.06126	2.18726
1.07376	2.19537
1.08719	2.20213
1.10077	2.20843
1.11514	2.21389
1.12911	2.21926
1.13901	2.22335
1.15114	2.22673
1.16354	2.23057
1.17711	2.23381
1.19254	2.23539
1.20532	2.23666
1.21944	2.24031
1.23491	2.2443
1.25086	2.24625
1.26666	2.24694
1.28069	2.24759
1.29313	2.24749
1.30755	2.24737
1.32463	2.25019
1.33979	2.25419
1.35524	2.25791
1.37063	2.2599
1.38648	2.26229
1.4061	2.26055
1.42487	2.25672
1.44274	2.25581
1.46212	2.25635
1.47728	2.25358
1.49148	2.24907
1.50559	2.24526
1.5207	2.2412
1.53696	2.23702
1.55332	2.23214
1.57538	2.22593
1.59285	2.22186
1.61032	2.21805
1.62765	2.21413
1.64586	2.21006
1.66368	2.20639
1.68086	2.20395
1.69606	2.20291
1.71117	2.2028
1.72839	2.2007
1.74624	2.20055
1.76387	2.20303
1.77877	2.20438
1.79585	2.2044
1.81217	2.20339
1.82839	2.20313
1.84106	2.20145
1.85739	2.20003
1.87105	2.19948
1.8874	2.19811
1.9032	2.19692
1.91793	2.19276
1.93308	2.19001
1.94634	2.18928
1.96005	2.18909
1.97441	2.1901
1.98909	2.19036
2.00611	2.19131
2.02345	2.191
2.04041	2.19091
2.05829	2.19055
2.0716	2.19315
2.08517	2.1954
2.09674	2.19802
2.11017	2.20039
2.1227	2.2003
2.13488	2.1992
2.14883	2.19981
2.16509	2.20009
2.18139	2.20004
2.19462	2.2021
2.21217	2.20364
2.22845	2.2053
2.24467	2.20422
2.25912	2.20462
2.27392	2.20452
2.28782	2.2054
2.29776	2.20893
2.31136	2.20775
2.32804	2.20758
2.34663	2.20626
2.36481	2.20801
2.38367	2.21115
2.40237	2.212
2.42134	2.2143
2.43648	2.21908
2.45008	2.22061
2.46333	2.225
2.47705	2.22751
2.49199	2.2314
2.51043	2.23884
2.52773	2.24493
2.54408	2.24853
2.56243	2.25178
2.5817	2.25693
2.60073	2.2635
2.61792	2.26966
2.63768	2.27619
2.65526	2.28262
2.6704	2.29117
2.6852	2.30268
2.7	2.31289
2.71384	2.32301
2.72498	2.33118
2.73656	2.3403
2.74891	2.35503
2.76147	2.36696
2.77726	2.3762
2.79382	2.38648
2.80694	2.39755
2.81958	2.40838
2.83142	2.42111
2.84128	2.43405
2.85115	2.44766
2.86	2.4624
2.86608	2.47396
2.87213	2.48538
2.87828	2.49794
2.88426	2.5123
2.88932	2.52768
2.89514	2.54213
2.90017	2.55535
2.90478	2.56811
2.91131	2.58105
2.91659	2.59552
2.92203	2.61215
2.92839	2.62747
2.93316	2.64334
2.936	2.6566
2.94101	2.66638
2.94485	2.67859
2.94915	2.69165
2.95263	2.70588
2.9513	2.71958
2.94916	2.736
2.95099	2.75156
2.95294	2.76827
2.95766	2.78595
2.96305	2.80112
2.96982	2.81587
2.97635	2.83392
2.98048	2.85087
2.98388	2.86609
2.98662	2.88149
2.98834	2.8949
2.99051	2.90988
2.99	2.92604
2.99216	2.94044
2.99267	2.95416
2.99405	2.97002
2.99513	2.98484
2.99579	3.00064
2.99685	3.01675
2.99756	3.03358
2.99992	3.05283
3.00174	3.07093
3.00197	3.08867
3.0003	3.10787
2.99917	3.12867
2.99658	3.14746
2.9951	3.16395
2.99243	3.17997
2.99169	3.19598
2.98851	3.21289
2.98448	3.22846
2.97955	3.24361
2.97376	3.25837
2.96773	3.27296
2.96291	3.28895
2.95415	3.30135
2.94594	3.31351
2.94071	3.32912
2.93486	3.34425
2.92776	3.35891
2.92305	3.37142
2.91465	3.38189
2.90595	3.39377
2.89745	3.40621
2.88563	3.4164
2.87439	3.42764
2.86236	3.44052
2.85207	3.45417
2.83789	3.46712
2.82592	3.48098
2.81367	3.49251
2.80008	3.50671
2.78584	3.51812
2.77239	3.52934
2.75911	3.5407
2.74602	3.55341
2.73572	3.56686
2.72341	3.57861
2.71299	3.58929
2.70252	3.60023
2.6923	3.61152
2.68168	3.62054
2.67017	3.62838
2.65884	3.63808
2.64734	3.64951
2.63744	3.66082
2.62946	3.6753
2.62175	3.68706
2.61399	3.69955
2.60671	3.71242
2.59907	3.72554
2.5914	3.74016
2.58388	3.75488
2.57561	3.76707
2.56863	3.78136
2.56021	3.79531
2.55189	3.80971
2.54325	3.8233
2.53544	3.8362
2.52893	3.84818
2.51946	3.85999
2.50988	3.87193
2.502	3.88419
2.49543	3.8969
2.49101	3.91003
2.48383	3.92434
2.47204	3.93383
2.46109	3.94415
2.4513	3.95554
2.44233	3.96838
2.43272	3.98116
2.42228	3.99408
2.40956	4.00492
2.39805	4.01888
2.38527	4.02936
2.37157	4.03938
2.35727	4.04693
2.34234	4.05427
2.32777	4.06188
2.31339	4.06928
2.29872	4.07646
2.28438	4.08303
2.27083	4.08938
2.25584	4.09332
2.24442	4.10016
2.2315	4.10566
2.21775	4.11022
2.2034	4.11535
2.19203	4.12039
2.17797	4.1258
2.16328	4.12932
2.14897	4.13164
2.13471	4.13238
2.12143	4.1361
2.106	4.14059
2.09007	4.14427
2.0731	4.14912
2.05652	4.15166
2.04041	4.15418
2.02216	4.15816
2.00472	4.16032
1.99057	4.16045
1.97461	4.16112
1.96005	4.1609
1.94528	4.16155
1.92949	4.16112
1.91289	4.16264
1.89637	4.16502
1.88016	4.16775
1.86511	4.17164
1.84552	4.1749
1.82628	4.17847
1.8084	4.18179
1.79214	4.18639
1.77591	4.19061
1.76145	4.1926
1.74512	4.19467
1.72959	4.19819
1.71638	4.19782
1.70466	4.19972
1.6915	4.20016
1.67769	4.20277
1.66353	4.20738
1.64954	4.20924
1.63582	4.21418
1.61995	4.22324
1.60474	4.23228
1.59018	4.24132
1.57038	4.2511
1.55546	4.26116
1.54104	4.27379
1.52434	4.28378
1.51067	4.29009
1.49522	4.29593
1.48179	4.29683
1.46572	4.29991
1.45276	4.29942
1.43907	4.3009
1.42532	4.30418
1.40935	4.30738
1.39206	4.30925
1.37174	4.30956
1.35295	4.3116
1.3348	4.3137
1.31725	4.31586
1.3016	4.31635
1.28497	4.31788
1.26683	4.31839
1.25047	4.31762
1.23549	4.31692
1.22158	4.31772
1.20902	4.31755
1.19486	4.31831
1.1825	4.3184
1.16831	4.31827
1.1536	4.3191
1.13805	4.31897
1.12037	4.31672
1.10419	4.31491
1.08904	4.31312
1.07144	4.30887
1.05393	4.3045
1.03511	4.29919
1.01957	4.29391
1.005	4.28753
0.990083	4.28298
0.974821	4.27876
0.959337	4.27225
0.938309	4.26188
0.918848	4.25408
0.903866	4.24494
0.89161	4.23595
0.879888	4.22437
0.868588	4.21249
0.855568	4.20197
0.843495	4.19082
0.831785	4.18009
0.821431	4.16554
0.812541	4.14967
0.803518	4.13557
0.795513	4.12148
0.787611	4.10744
0.780831	4.09234
0.772836	4.08244
0.765825	4.07166
0.762964	4.05916
0.7611	4.04481
0.756306	4.03078
0.752393	4.01605
0.744134	3.99853
0.738739	3.98156
0.737473	3.9619
0.738499	3.94286
0.74119	3.92733
0.743109	3.91154
0.745501	3.89755
0.746029	3.8835
0.745019	3.86959
0.745036	3.85498
0.746055	3.83949
0.74555	3.82464
0.744542	3.80954
0.744669	3.79411
0.745223	3.77791
0.745147	3.76089
0.746969	3.74313
0.748133	3.72794
0.751226	3.71279
0.755176	3.69823
0.761742	3.68194
0.765957	3.66396
0.769867	3.64572
0.774762	3.62871
0.779515	3.61176
0.784367	3.59466
0.786192	3.57632
0.789882	3.55861
0.79546	3.54201
0.800196	3.52568
0.808438	3.51141
0.816395	3.49722
0.823157	3.48132
0.829854	3.46555
0.837404	3.44999
0.841975	3.43608
0.842552	3.422
0.842591	3.40765
0.84699	3.3931
0.852	3.37831
0.857221	3.36526
0.862451	3.35182
0.868289	3.33736
0.876186	3.32528
0.883677	3.31299
0.89031	3.29956
0.895922	3.28436
0.902298	3.27121
0.90799	3.25796
0.914818	3.24301
0.918229	3.22948
0.921018	3.2149
0.923006	3.20118
0.923824	3.18675
0.924078	3.16893
0.925412	3.15176
0.928446	3.13211
0.93237	3.11382
0.942741	3.0959
0.950539	3.07869
0.95739	3.0631
0.962175	3.04718
0.970188	3.03226
0.975382	3.0171
0.979428	3.00331
0.985544	2.98854
0.991631	2.97246
1.00165	2.95686
1.0093	2.94019
1.01452	2.9271
1.0194	2.91477
1.02313	2.90234
1.02299	2.89096
1.02524	2.87691
1.02916	2.86292
1.03434	2.84964
1.04142	2.83605
1.0489	2.82246
1.056	2.80764
1.06221	2.79431
1.06698	2.77984
1.07064	2.76596
1.07448	2.75033
1.08052	2.73524
1.08558	2.72031
1.08896	2.70604
1.09326	2.69044
1.09733	2.67805
1.10029	2.6643
1.10585	2.64974
1.11004	2.63382
1.11308	2.61778
1.11538	2.60231
1.11636	2.58545
1.11953	2.5702
1.12012	2.55445
1.1202	2.53913
1.1214	2.52355
1.12324	2.50747
1.13009	2.48854
1.13597	2.46836
1.13935	2.44961
1.14307	2.43144
1.14767	2.41371
1.15355	2.39546
1.16014	2.3802
1.16468	2.36422
1.17002	2.34959
1.17629	2.33503
1.18256	2.31754
1.1889	2.30083
1.19339	2.28594
1.19501	2.2709
1.19497	2.25792
1.19108	2.24226
1.18464	2.2272
1.17808	2.21321
1.17109	2.19737
1.16581	2.18491
1.15813	2.16933
1.14878	2.15737
1.13843	2.14621
1.12656	2.13514
1.11458	2.12518
1.10175	2.11611
1.08632	2.1087
1.07421	2.10189
1.06164	2.09469
1.04821	2.08668
1.034	2.07803
1.01855	2.06955
1.00615	2.06417
0.991404	2.05509
0.978213	2.04664
0.96537	2.0382
0.951211	2.02641
0.937185	2.01559
0.923088	2.00608
0.908538	1.99566
0.897259	1.98597
0.886808	1.97538
0.8765	1.96491
0.869416	1.95368
0.86111	1.94173
0.852137	1.92872
0.842137	1.91624
0.834008	1.90049
0.824514	1.88586
0.813697	1.86946
0.802096	1.85167
0.792789	1.832
0.783678	1.80995
0.778495	1.78735
0.774589	1.76619
0.769268	1.74844
0.766093	1.73256
0.76327	1.71661
0.763135	1.70153
0.764731	1.68615
0.766297	1.6746
0.766547	1.66195
0.763407	1.64803
0.760577	1.63632
0.757904	1.62281
0.753827	1.60927
0.747855	1.5915
0.74263	1.57357
0.737285	1.55712
0.73221	1.53991
0.727123	1.52484
0.723414	1.50733
0.718589	1.48701
0.713017	1.46788
0.710686	1.45007
0.707394	1.43305
0.701815	1.41475
0.695759	1.39792
0.688683	1.38324
0.682639	1.36994
0.674835	1.35692
0.666978	1.34429
0.658244	1.32877
0.650383	1.31205
0.643208	1.29583
0.635385	1.27996
0.63075	1.26436
0.624098	1.24939
0.615543	1.23645
0.606996	1.22309
0.598601	1.20908
0.590675	1.19445
0.583148	1.17994
0.576079	1.16579
0.568994	1.15157
0.559861	1.13543
0.555667	1.1206
0.550818	1.1054
0.544347	1.09301
0.536932	1.08011
0.531078	1.06702
0.528116	1.05609
0.52221	1.04248
0.515417	1.02851
0.509037	1.01596
0.506033	1.00238
0.501536	0.98854
0.497463	0.973394
0.493015	0.957189
0.488802	0.939291
0.483902	0.922892
0.479025	0.907152
0.472433	0.890272
0.466284	0.874377
0.462029	0.859741
0.45714	0.843458
0.451852	0.829401
0.446919	0.814271
0.443412	0.795336
0.440492	0.780454
0.438557	0.768955
0.434067	0.756411
0.430469	0.742391
0.42716	0.727358
0.427559	0.711216
0.428422	0.695313
0.42961	0.679148
0.429517	0.663958
0.429972	0.649458
0.430972	0.634031
0.432337	0.617924
0.433264	0.601974
0.435092	0.583899
0.436714	0.566911
0.434799	0.552761
0.434389	0.538916
0.434477	0.52516
0.435509	0.5107
0.432666	0.495022
0.43097	0.479763
0.42857	0.461118
0.428003	0.443589
0.428454	0.426908
0.429241	0.410759
0.431018	0.394797
0.437321	0.381044
0.44325	0.366775
0.445345	0.352403
0.443871	0.33811
0.443642	0.320953
0.443558	0.303205
0.443138	0.284617
0.442862	0.266525
0.441929	0.248847
0.441016	0.231751
0.438801	0.215551
0.435925	0.197499
0.432242	0.180387
0.426713	0.163855
0.42052	0.152155
0.414017	0.139126
0.405265	0.127619
0.395843	0.115406
0.384894	0.10383
0.372791	0.0933346
0.361221	0.0837304
0.348294	0.0750315
0.337198	0.0678713
0.325913	0.0607293
0.312747	0.0530173
0.301784	0.0457435
0.289255	0.0387887
0.277934	0.0316117
0.264812	0.0242465
0.24965	0.0168467
0.235499	0.00751429
0.219056	-0.00255026
0.204835	-0.0123197
0.19077	-0.0214245
0.17724	-0.0287356
0.163544	-0.035364
0.152117	-0.0416403
0.138545	-0.0477315
0.124042	-0.051566
0.110448	-0.0528924
0.0973495	-0.0542693
0.0828666	-0.0552508
0.0690592	-0.0544061
0.0541278	-0.0549032
0.0389855	-0.0536413
0.0240974	-0.0505026
0.00563535	-0.0455438
-0.0121119	-0.0391918
-0.0300228	-0.0325807
-0.0472341	-0.0264144
-0.0615169	-0.0178417
-0.0763242	-0.00941873
-0.0899903	0.000423009
-0.101788	0.0110625
-0.113416	0.0231624
-0.126744	0.0360148
-0.138826	0.0491142
-0.150282	0.061847
-0.160522	0.0750056
-0.171342	0.087992
-0.18055	0.101706
-0.190465	0.113153
-0.198755	0.125844
-0.20589	0.139306
-0.212947	0.153301
-0.219128	0.170315
-0.225151	0.188468
-0.23106	0.20479
-0.235876	0.221496
-0.239929	0.237513
-0.24391	0.252406
-0.245885	0.268596
-0.247335	0.28462
-0.248177	0.30086
-0.246917	0.31716
-0.246382	0.333888
-0.246431	0.354219
-0.249128	0.373162
-0.250085	0.391458
-0.249307	0.408437
-0.247581	0.425364
-0.247274	0.442815
-0.244318	0.459565
-0.242884	0.475203
-0.240242	0.490637
-0.238389	0.506373
-0.236951	0.520103
-0.235318	0.535983
-0.233257	0.554624
-0.233838	0.5734
-0.235006	0.588134
-0.232195	0.60387
-0.229813	0.619487
-0.226742	0.638767
-0.224706	0.656747
-0.224933	0.675644
-0.224931	0.695367
-0.227283	0.71268
-0.228549	0.729096
-0.223797	0.742249
-0.221171	0.756547
-0.220041	0.771471
-0.219521	0.786609
-0.220298	0.804409
-0.221567	0.82149
-0.22564	0.838008
-0.226394	0.855184
-0.227968	0.86999
-0.23002	0.885541
-0.233372	0.900759
-0.235865	0.916562
-0.238386	0.934384
-0.242504	0.95094
-0.246718	0.967837
-0.248367	0.985582
-0.25012	1.00323
-0.251005	1.01982
-0.2505	1.03612
-0.249251	1.05303
-0.247922	1.06941
-0.245942	1.08491
-0.243171	1.10183
-0.24015	1.1172
-0.23541	1.13253
-0.231101	1.14794
-0.229983	1.16023
-0.227828	1.17082
-0.224909	1.18286
-0.220616	1.19498
-0.215778	1.20938
-0.210474	1.22493
-0.205982	1.24181
-0.201159	1.25873
-0.19475	1.27482
-0.189937	1.29193
-0.184191	1.30788
-0.178385	1.32378
-0.17208	1.33652
-0.164409	1.34661
-0.156818	1.35928
-0.148657	1.37261
-0.140924	1.38634
-0.134708	1.40036
-0.130061	1.41772
-0.124108	1.43033
-0.117052	1.44156
-0.109176	1.45557
-0.102012	1.4692
-0.0956484	1.48559
-0.0910454	1.49903
-0.0857511	1.51274
-0.0787488	1.52512
-0.0707665	1.53908
-0.0641553	1.55411
-0.0574647	1.56852
-0.0504843	1.58299
-0.044316	1.59651
-0.0384873	1.61147
-0.0307549	1.62565
-0.0235968	1.63788
-0.0188082	1.65155
-0.0158012	1.66667
-0.0135898	1.68279
-0.0110053	1.69855
-0.00846786	1.7129
-0.00537973	1.72822
-0.00138463	1.74427
0.000182533	1.76082
-0.000187372	1.78007
0.000169453	1.79836
0.00136938	1.81615
-4.27259e-05	1.83214
-0.000980581	1.84832
0.000343149	1.86417
0.00108033	1.87971
0.00120024	1.89519
-0.00106198	1.9125
-0.00288702	1.92825
-0.00447247	1.94354
-0.00609142	1.95934
-0.0079254	1.97591
-0.00887432	1.99439
-0.0117615	2.01243
-0.0166221	2.03044
-0.0233807	2.04905
-0.0283314	2.06638
-0.0332416	2.0818
-0.0363592	2.0978
-0.0384546	2.11395
-0.0380671	2.1261
-0.037458	2.14044
-0.0374588	2.15591
-0.0380664	2.17188
-0.0395112	2.18755
-0.0410232	2.20355
-0.0437239	2.21846
-0.0463452	2.23415
-0.0487364	2.25053
-0.0503735	2.26366
-0.0490426	2.27643
-0.0484182	2.29158
-0.0500027	2.30759
-0.0537	2.32205
-0.0569639	2.33692
-0.0601687	2.35106
-0.0642298	2.36637
-0.0686109	2.38274
-0.0727639	2.3986
-0.0788993	2.4142
-0.0823075	2.43018
-0.084772	2.44722
-0.0852759	2.46237
-0.0874011	2.47655
-0.0888681	2.49506
-0.0920142	2.51435
-0.0974419	2.53362
-0.104179	2.55175
-0.113411	2.56611
-0.122921	2.58027
-0.132114	2.59416
-0.139004	2.60521
-0.14619	2.61771
-0.153687	2.62992
-0.159292	2.64314
-0.166094	2.6562
-0.174372	2.67022
-0.182045	2.68688
-0.188948	2.7023
-0.196246	2.71876
