0.0126648	-0.00022557
0.0271194	0.000887981
0.0402628	0.00342588
0.0522624	0.00815315
0.0624074	0.0167457
0.0739551	0.0269848
0.0891872	0.0356124
0.104417	0.0440434
0.118548	0.051208
0.12969	0.0581894
0.139622	0.0655469
0.150792	0.0743027
0.166586	0.0829199
0.181034	0.0889218
0.194413	0.0945512
0.211285	0.098903
0.229294	0.102073
0.245034	0.104479
0.26204	0.108036
0.275525	0.111452
0.290769	0.1131
0.303921	0.115802
0.315806	0.119753
0.327142	0.121029
0.338563	0.121916
0.352733	0.124197
0.365716	0.12651
0.377904	0.128359
0.389918	0.130608
0.401894	0.133443
0.412474	0.135809
0.422312	0.138195
0.432042	0.140363
0.44108	0.138431
0.450151	0.137587
0.459481	0.138155
0.468646	0.13959
0.476413	0.139815
0.484502	0.141678
0.492421	0.146319
0.500603	0.151581
0.511803	0.158625
0.517822	0.161952
0.524762	0.167008
0.528346	0.173202
0.531639	0.178748
0.534794	0.186856
0.53786	0.193522
0.540757	0.202973
0.545789	0.209114
0.551771	0.220532
0.556648	0.231542
0.561404	0.242962
0.565736	0.256011
0.57082	0.269284
0.575759	0.28208
0.581456	0.293914
0.586724	0.307429
0.592544	0.321242
0.597637	0.332787
0.601847	0.344104
0.604315	0.357868
0.60617	0.37535
0.609027	0.391293
0.608881	0.406216
0.609042	0.421137
0.609011	0.437045
0.609334	0.450766
0.608784	0.466681
0.607289	0.481064
0.609674	0.49778
0.610108	0.513047
0.608226	0.530429
0.607898	0.548646
0.607679	0.564043
0.603317	0.578578
0.595541	0.592868
0.585898	0.606413
0.575645	0.619776
0.564542	0.631915
0.552663	0.645463
0.541146	0.656817
0.529248	0.66804
0.51351	0.68021
0.498299	0.690736
0.486204	0.701368
0.472499	0.715139
0.459474	0.72955
0.445706	0.741539
0.430205	0.749847
0.419258	0.756796
0.409535	0.763341
0.404301	0.772581
0.401167	0.783627
0.398748	0.795155
0.39609	0.80368
0.399116	0.81459
0.400416	0.826729
0.404197	0.839129
0.408664	0.852172
0.411925	0.865948
0.41734	0.879699
0.423213	0.892861
0.429027	0.907124
0.434948	0.920549
0.442858	0.932626
0.451628	0.946575
0.458785	0.96071
0.466087	0.97483
0.473372	0.989753
0.479971	1.00823
0.48758	1.02515
0.496224	1.04144
0.505135	1.05612
0.511761	1.06911
0.519534	1.0819
0.527839	1.09252
0.537046	1.10679
0.546488	1.12179
0.555128	1.13658
0.563687	1.15184
0.573458	1.16776
0.584375	1.18364
0.59389	1.19778
0.601253	1.21498
0.610023	1.23181
0.617678	1.24757
0.626031	1.26341
0.632117	1.27756
0.634621	1.29035
0.639587	1.30418
0.646837	1.31869
0.653902	1.33294
0.660251	1.34722
0.66886	1.36111
0.677561	1.37532
0.685248	1.39034
0.693636	1.40554
0.696879	1.41808
0.700134	1.43063
0.702437	1.44609
0.707023	1.46386
0.712088	1.4803
0.716613	1.49468
0.721679	1.50636
0.725904	1.51886
0.729382	1.53296
0.731423	1.54531
0.734214	1.56043
0.738365	1.57459
0.742717	1.58928
0.746583	1.60687
0.750649	1.62348
0.75342	1.64235
0.756594	1.65857
0.75913	1.67393
0.761421	1.68872
0.76357	1.70299
0.767286	1.71732
0.771307	1.73163
0.773293	1.74475
0.777932	1.76071
0.782406	1.77672
0.786689	1.79016
0.789566	1.80577
0.793223	1.82418
0.793666	1.84479
0.794992	1.86256
0.79782	1.87909
0.801536	1.89526
0.806066	1.91071
0.810573	1.9238
0.816564	1.93875
0.82192	1.95433
0.828452	1.97044
0.835614	1.98598
0.843082	2.00025
0.851803	2.01437
0.862657	2.02787
0.87232	2.04021
0.881266	2.05159
0.89161	2.06241
0.904006	2.07225
0.916307	2.07904
0.928625	2.08722
0.941409	2.09599
0.954379	2.10515
0.966241	2.11249
0.979329	2.12092
0.992533	2.1298
1.00897	2.13514
1.02457	2.14084
1.03972	2.1479
1.05369	2.15531
1.07026	2.16757
1.08497	2.17694
1.10071	2.18713
1.11712	2.19445
1.13162	2.19948
1.14439	2.20541
1.15742	2.21075
1.17089	2.21307
1.18582	2.21365
1.20053	2.2154
1.21504	2.21788
1.22955	2.22052
1.24453	2.2257
1.26006	2.23035
1.27595	2.23409
1.29206	2.2371
1.30781	2.23951
1.32277	2.24172
1.34182	2.24406
1.35821	2.24438
1.37497	2.24492
1.39	2.24543
1.40627	2.24286
1.42187	2.24062
1.43754	2.23852
1.45297	2.23685
1.46759	2.23184
1.4824	2.22796
1.49704	2.22636
1.51515	2.22417
1.533	2.22222
1.54767	2.21756
1.55978	2.21515
1.57192	2.21171
1.5824	2.21139
1.59644	2.21255
1.61161	2.21289
1.62622	2.21225
1.63997	2.2127
1.65611	2.2154
1.67285	2.21676
1.69106	2.21888
1.70625	2.22166
1.72534	2.22377
1.7429	2.22329
1.75942	2.22333
1.77559	2.22232
1.78934	2.22127
1.80135	2.21988
1.81515	2.21797
1.83013	2.21577
1.84617	2.21389
1.86242	2.21257
1.87966	2.21316
1.89646	2.21611
1.91014	2.21474
1.92521	2.21316
1.94143	2.21288
1.9579	2.21199
1.97312	2.21177
1.98675	2.20966
1.99925	2.20809
2.01282	2.20758
2.02749	2.20366
2.04138	2.20645
2.05827	2.20385
2.07347	2.2002
2.09004	2.19935
2.10578	2.19886
2.12131	2.19809
2.13634	2.19789
2.15144	2.19792
2.16765	2.19681
2.1836	2.19649
2.19289	2.19539
2.20485	2.19483
2.21832	2.19415
2.23347	2.1941
2.24998	2.1946
2.26784	2.20094
2.2861	2.20423
2.30412	2.20645
2.32224	2.20674
2.33919	2.20867
2.35536	2.21005
2.37159	2.2111
2.39219	2.21463
2.40816	2.21703
2.42561	2.21596
2.44256	2.2166
2.45522	2.21993
2.4665	2.22387
2.48123	2.22664
2.49606	2.23247
2.5116	2.2408
2.52778	2.24725
2.54576	2.25104
2.56355	2.25766
2.58121	2.26562
2.59499	2.27336
2.60728	2.2801
2.62074	2.28781
2.63732	2.29397
2.65138	2.2998
2.66501	2.30637
2.67892	2.31224
2.69174	2.31956
2.70281	2.32406
2.71447	2.33121
2.72708	2.33945
2.74112	2.35072
2.75385	2.36185
2.76722	2.37473
2.77859	2.38596
2.78779	2.39518
2.79732	2.40223
2.80649	2.41384
2.81542	2.42407
2.82654	2.43483
2.83786	2.44798
2.84845	2.46129
2.85917	2.47289
2.86826	2.48556
2.87663	2.49925
2.88375	2.51327
2.89034	2.52788
2.89339	2.54207
2.89694	2.55544
2.90094	2.56963
2.904	2.58423
2.91077	2.59825
2.91979	2.61152
2.92546	2.6252
2.92989	2.63995
2.9331	2.65416
2.93625	2.66914
2.94061	2.68364
2.94513	2.70024
2.94928	2.7166
2.95435	2.73454
2.95833	2.75163
2.96197	2.7662
2.96403	2.78174
2.96842	2.79861
2.97185	2.81519
2.97415	2.83106
2.97565	2.84712
2.97738	2.86318
2.97802	2.88037
2.97845	2.89436
2.97892	2.9084
2.98002	2.92303
2.98394	2.9359
2.98942	2.95105
2.99329	2.96732
2.99628	2.9834
2.99886	2.99815
2.99995	3.01362
2.99994	3.03109
2.99884	3.04878
2.99898	3.06547
3.0006	3.08056
2.99838	3.09632
2.99483	3.1086
2.99215	3.12268
2.99045	3.13763
2.98833	3.153
2.98416	3.17055
2.97996	3.18401
2.97597	3.1984
2.9723	3.2135
2.96888	3.22634
2.96529	3.24392
2.95921	3.26191
2.95304	3.27829
2.94649	3.29477
2.93894	3.31084
2.92926	3.32375
2.91999	3.33612
2.91047	3.35076
2.9017	3.36473
2.8951	3.37932
2.88738	3.39348
2.88089	3.40776
2.87189	3.42031
2.86536	3.43529
2.85875	3.44912
2.8508	3.46191
2.84057	3.47396
2.82796	3.4862
2.81646	3.49719
2.80682	3.50898
2.79651	3.52402
2.78554	3.53663
2.77761	3.5463
2.76738	3.55656
2.75413	3.56994
2.74249	3.58283
2.73086	3.59443
2.7209	3.60399
2.7104	3.61399
2.69718	3.62343
2.688	3.63299
2.67993	3.64507
2.6727	3.65861
2.66237	3.66979
2.65229	3.6797
2.64371	3.69437
2.63527	3.7105
2.62802	3.72746
2.6195	3.74164
2.60892	3.75698
2.5983	3.77183
2.58824	3.78506
2.57609	3.79956
2.56425	3.81479
2.55332	3.82949
2.54038	3.84401
2.52854	3.85724
2.51741	3.87149
2.50747	3.88637
2.49814	3.90041
2.49052	3.91555
2.48198	3.92971
2.4715	3.94292
2.46186	3.95527
2.45433	3.96893
2.44315	3.97937
2.42968	3.99089
2.41608	4.00173
2.39953	4.01101
2.38491	4.0198
2.3711	4.02846
2.35813	4.03998
2.34703	4.0531
2.33799	4.06133
2.32818	4.07249
2.3171	4.08209
2.3051	4.08984
2.29164	4.09567
2.2744	4.10323
2.25792	4.10761
2.24219	4.11165
2.22668	4.11492
2.20995	4.11915
2.19363	4.12305
2.17845	4.1274
2.16234	4.13068
2.14517	4.13343
2.13	4.13119
2.11532	4.13075
2.09812	4.1334
2.08219	4.13611
2.06894	4.13848
2.05387	4.14042
2.03977	4.14325
2.02539	4.1467
2.01068	4.14888
1.99455	4.15192
1.97822	4.15437
1.96198	4.15643
1.946	4.15584
1.93024	4.15546
1.91382	4.15716
1.9002	4.15951
1.88566	4.16328
1.87062	4.1678
1.85405	4.17046
1.83806	4.17279
1.8222	4.17547
1.80957	4.18126
1.79738	4.18703
1.78508	4.19321
1.77502	4.1974
1.76538	4.2028
1.75111	4.20943
1.73846	4.21341
1.72493	4.21779
1.70852	4.22402
1.69127	4.23021
1.67467	4.23563
1.66031	4.23812
1.64608	4.24516
1.63233	4.24943
1.61848	4.25095
1.60378	4.25395
1.58726	4.25984
1.5708	4.26499
1.55805	4.2701
1.54531	4.27689
1.53104	4.2825
1.5167	4.28772
1.50221	4.29383
1.48693	4.29982
1.47136	4.30296
1.45492	4.30489
1.43663	4.30713
1.42224	4.31185
1.4068	4.31547
1.39021	4.31823
1.37234	4.32064
1.35647	4.32368
1.34066	4.32502
1.32439	4.3257
1.31083	4.32583
1.29651	4.32518
1.28126	4.32462
1.26513	4.32225
1.24793	4.31998
1.23361	4.31924
1.21758	4.32023
1.20136	4.32048
1.18508	4.31973
1.16864	4.31866
1.15248	4.31688
1.13571	4.31396
1.1213	4.30865
1.1041	4.30275
1.08831	4.2955
1.07313	4.29027
1.05795	4.28544
1.04346	4.28031
1.02752	4.27544
1.01275	4.27056
0.997975	4.26423
0.983026	4.25469
0.968676	4.2469
0.954796	4.24121
0.941432	4.2339
0.928447	4.22606
0.916079	4.21757
0.903571	4.20804
0.891201	4.19835
0.880017	4.18637
0.868872	4.17478
0.858525	4.16231
0.846767	4.14917
0.837847	4.13829
0.832237	4.12898
0.825717	4.11722
0.819151	4.10184
0.811536	4.08773
0.805413	4.07053
0.800534	4.05175
0.795879	4.03295
0.790076	4.01679
0.785741	4.00293
0.782515	3.98811
0.779448	3.97295
0.776092	3.95815
0.777956	3.94149
0.778982	3.92511
0.776501	3.9089
0.771593	3.89417
0.767429	3.88009
0.765788	3.86464
0.764424	3.84931
0.764084	3.83314
0.76173	3.81715
0.760038	3.80246
0.760289	3.78723
0.759746	3.77178
0.760245	3.75598
0.764748	3.74244
0.769018	3.72873
0.772611	3.71473
0.775295	3.70094
0.776384	3.68776
0.778182	3.67179
0.783574	3.6548
0.787619	3.63604
0.790986	3.61543
0.794379	3.5964
0.797357	3.58053
0.798853	3.56251
0.802883	3.54751
0.807372	3.53249
0.811877	3.52057
0.816265	3.50755
0.817375	3.49114
0.820203	3.47535
0.824721	3.46071
0.829745	3.44368
0.837764	3.4272
0.846209	3.41264
0.854873	3.39935
0.857696	3.38862
0.860819	3.37623
0.866253	3.36486
0.871607	3.35225
0.876665	3.33805
0.882155	3.32358
0.889068	3.31142
0.895485	3.30088
0.898737	3.28939
0.902035	3.27523
0.905887	3.25942
0.909439	3.24131
0.913364	3.22334
0.915345	3.20775
0.918582	3.19209
0.923074	3.17561
0.928584	3.16105
0.934414	3.1449
0.940776	3.12791
0.946328	3.11324
0.949836	3.09903
0.95217	3.08585
0.956936	3.07213
0.962518	3.05712
0.967458	3.04167
0.97206	3.02644
0.976137	3.00872
0.981103	2.99369
0.985329	2.97875
0.986761	2.96605
0.988752	2.95183
0.992167	2.93769
0.997299	2.92408
1.00376	2.91038
1.0115	2.89713
1.01983	2.88245
1.02753	2.8671
1.03337	2.85297
1.03921	2.83873
1.04548	2.8254
1.05211	2.80932
1.05801	2.7941
1.06197	2.77773
1.07107	2.75928
1.07735	2.74379
1.08269	2.72687
1.08676	2.71392
1.09023	2.70076
1.09232	2.68682
1.09631	2.67012
1.10122	2.65734
1.10568	2.64442
1.10999	2.62912
1.11483	2.61418
1.11956	2.59865
1.12236	2.58236
1.12575	2.564
1.12617	2.54716
1.1273	2.53049
1.13137	2.51391
1.13477	2.49881
1.13763	2.48267
1.1416	2.46836
1.14794	2.45395
1.15246	2.43898
1.15544	2.42334
1.15573	2.40885
1.15664	2.39357
1.15797	2.3777
1.15889	2.35864
1.16084	2.34089
1.16173	2.32459
1.15973	2.30753
1.15762	2.28966
1.15654	2.27291
1.15504	2.25653
1.15104	2.24138
1.14545	2.22582
1.13913	2.20997
1.13017	2.19456
1.12418	2.18122
1.11884	2.16889
1.11203	2.15745
1.10356	2.14608
1.09399	2.13382
1.08596	2.12093
1.07616	2.10747
1.06617	2.09672
1.05635	2.08794
1.04481	2.07925
1.03301	2.07522
1.01678	2.06923
1.00599	2.06244
0.99342	2.05705
0.982357	2.04925
0.96991	2.04046
0.957432	2.0328
0.946506	2.02444
0.935053	2.01592
0.923234	2.00816
0.911195	1.99829
0.897877	1.9884
0.885751	1.97778
0.874463	1.96665
0.860281	1.95646
0.847947	1.94514
0.836193	1.9324
0.824402	1.91632
0.814174	1.90016
0.806506	1.8852
0.800618	1.87112
0.795331	1.85642
0.791362	1.84169
0.789266	1.82642
0.786562	1.81097
0.784489	1.79563
0.781789	1.78132
0.780424	1.76647
0.779104	1.7506
0.776924	1.73587
0.778478	1.72097
0.779007	1.70334
0.777762	1.68631
0.772837	1.67236
0.767953	1.65877
0.762157	1.64327
0.755309	1.62737
0.750061	1.61049
0.744625	1.59357
0.739733	1.57738
0.734772	1.56159
0.729357	1.54608
0.723276	1.53008
0.716414	1.51435
0.712959	1.4965
0.709656	1.48039
0.70485	1.46256
0.700857	1.4433
0.69574	1.42598
0.689723	1.40823
0.685767	1.3912
0.681173	1.37377
0.674437	1.35492
0.669079	1.33937
0.662452	1.32465
0.656396	1.30991
0.651819	1.29488
0.647544	1.28092
0.643071	1.26611
0.637865	1.24879
0.630464	1.23422
0.622698	1.22002
0.614567	1.20583
0.606504	1.19171
0.598853	1.17719
0.58789	1.15966
0.578093	1.14368
0.570692	1.13034
0.56522	1.11623
0.561507	1.10411
0.556808	1.09161
0.548913	1.07695
0.540179	1.06231
0.531563	1.04898
0.524782	1.03445
0.517907	1.02073
0.510547	1.00509
0.505103	0.98935
0.500542	0.972117
0.494424	0.952696
0.490827	0.938916
0.488219	0.92337
0.482915	0.907815
0.47563	0.893452
0.467521	0.880731
0.457461	0.869248
0.450238	0.854146
0.446923	0.842075
0.442746	0.827569
0.437681	0.812577
0.433004	0.798606
0.429726	0.783045
0.428192	0.76698
0.427139	0.74927
0.42581	0.731486
0.425432	0.714457
0.426058	0.697839
0.424136	0.681253
0.422777	0.664449
0.422471	0.64847
0.422372	0.632132
0.420926	0.616554
0.421814	0.599457
0.421175	0.586245
0.420988	0.571105
0.419818	0.555867
0.421913	0.539206
0.425201	0.521391
0.427389	0.504392
0.429025	0.487953
0.430301	0.470789
0.43098	0.455532
0.432957	0.440177
0.433994	0.427043
0.435246	0.413249
0.435494	0.398067
0.435123	0.381158
0.436466	0.364419
0.435663	0.346534
0.436088	0.327374
0.4363	0.309427
0.43738	0.294728
0.437364	0.278981
0.436459	0.263713
0.437439	0.248179
0.436981	0.232978
0.436257	0.216138
0.432863	0.199647
0.428781	0.183867
0.424478	0.168111
0.419823	0.150093
0.412065	0.132809
0.402591	0.11799
0.392497	0.106913
0.382528	0.0963338
0.373203	0.0883864
0.360095	0.0824631
0.344425	0.0764649
0.326876	0.073063
0.306988	0.0662002
0.291768	0.0594253
0.275264	0.0508837
0.259934	0.0427705
0.244701	0.0358923
0.229308	0.0291616
0.21458	0.0227416
0.198307	0.0178662
0.180814	0.0128617
0.164272	0.00684868
0.147668	0.00231659
0.130867	-0.00503096
0.114492	-0.0100467
0.098147	-0.0145482
0.0822031	-0.0173571
0.066668	-0.0192101
0.0514104	-0.0201035
0.0355739	-0.021749
0.0228819	-0.0246094
0.00900919	-0.0248283
-0.00296244	-0.0214944
-0.0153957	-0.0159238
-0.0259362	-0.0084339
-0.037523	0.000231194
-0.0503201	0.00805367
-0.0623744	0.0152198
-0.0786526	0.0213677
-0.0933981	0.0284281
-0.106958	0.0369199
-0.119092	0.0460694
-0.134592	0.055327
-0.14899	0.066965
-0.162947	0.0786336
-0.174298	0.0906517
-0.181501	0.101075
-0.188356	0.111978
-0.196507	0.123327
-0.205264	0.140412
-0.210404	0.155095
-0.215894	0.170166
-0.220807	0.18645
-0.22534	0.199815
-0.228854	0.216638
-0.231745	0.233239
-0.23176	0.246395
-0.231848	0.260666
-0.232163	0.27577
-0.232702	0.291258
-0.233648	0.307612
-0.235645	0.324115
-0.239759	0.338433
-0.243612	0.351199
-0.245116	0.366737
-0.245342	0.379194
-0.246162	0.391612
-0.244664	0.404258
-0.242562	0.416656
-0.239238	0.429052
-0.235425	0.443291
-0.231473	0.45837
-0.228144	0.473676
-0.228565	0.493046
-0.22754	0.51232
-0.226669	0.528942
-0.227339	0.541369
-0.229297	0.553801
-0.231984	0.56617
-0.23008	0.582342
-0.228847	0.597817
-0.226908	0.614398
-0.225691	0.6312
-0.224079	0.648139
-0.220377	0.665884
-0.217848	0.682174
-0.216502	0.698393
-0.216503	0.714231
-0.21776	0.730866
-0.219089	0.751275
-0.220825	0.771206
-0.22297	0.789432
-0.224344	0.80781
-0.226352	0.824883
-0.228784	0.844432
-0.232011	0.862872
-0.23474	0.880993
-0.234123	0.89714
-0.236522	0.911492
-0.238443	0.926721
-0.238788	0.942168
-0.239492	0.957391
-0.239402	0.973712
-0.241873	0.989774
-0.245386	1.00783
-0.248717	1.02608
-0.251467	1.04392
-0.253547	1.06089
-0.254681	1.07895
-0.254567	1.09647
-0.252757	1.11358
-0.246797	1.12792
-0.242106	1.14459
-0.238139	1.15878
-0.23362	1.17291
-0.228038	1.18745
-0.221799	1.20135
-0.21588	1.21553
-0.209635	1.22937
-0.203448	1.24381
-0.196143	1.25801
-0.18955	1.27227
-0.18074	1.28722
-0.171298	1.3004
-0.165094	1.31331
-0.159573	1.32676
-0.153158	1.34297
-0.146598	1.3591
-0.137941	1.37736
-0.131867	1.39545
-0.125722	1.4116
-0.117285	1.42481
-0.109255	1.43885
-0.102061	1.45294
-0.0948743	1.46314
-0.087172	1.47312
-0.0805087	1.48588
-0.0717461	1.50143
-0.0644235	1.51691
-0.0582584	1.53198
-0.0515383	1.54677
-0.0483149	1.56003
-0.0437725	1.57502
-0.0411757	1.59504
-0.0374964	1.61293
-0.0327816	1.63046
-0.0279035	1.64645
-0.0232181	1.66339
-0.0199593	1.67895
-0.0166419	1.69163
-0.0114403	1.70552
-0.00652309	1.72025
-0.00281855	1.73636
0.000765203	1.75145
0.000595675	1.76827
0.00120435	1.78298
0.00214572	1.79951
0.00264184	1.8157
0.00251767	1.83233
0.00509133	1.84703
0.00500895	1.86299
0.00449988	1.87869
0.00303977	1.89396
0.00153144	1.90936
-0.00159455	1.92577
-0.00369001	1.94078
-0.00395535	1.95633
-0.004689	1.97274
-0.00774821	1.98924
-0.00962043	2.00553
-0.0118262	2.02221
-0.0152401	2.0394
-0.0190133	2.05513
-0.0219477	2.0705
-0.0210155	2.08625
-0.021451	2.10217
-0.024611	2.11711
-0.0293236	2.13421
-0.0301719	2.1476
-0.0324104	2.16337
-0.0354445	2.17902
-0.0378333	2.19492
-0.041141	2.20717
-0.0438485	2.2205
-0.0458099	2.23502
-0.0463253	2.2513
-0.0472103	2.26496
-0.0476312	2.28374
-0.0498395	2.30035
-0.0526209	2.31597
-0.0530078	2.32975
-0.0538898	2.34291
-0.056325	2.35376
-0.0608761	2.36608
-0.0667562	2.38101
-0.071076	2.39538
-0.0753683	2.41065
-0.0793296	2.42672
-0.0861983	2.44207
-0.0917833	2.45845
-0.0972766	2.4739
-0.100104	2.48809
-0.103943	2.50272
