0.126648	-0.0022557
0.144545	0.0111355
0.131434	0.025379
0.119995	0.0472728
0.101451	0.0859256
0.115476	0.102391
0.152322	0.0862758
0.152299	0.0843092
0.141309	0.071646
0.111419	0.0698149
0.0993172	0.0735747
0.1117	0.0875576
0.157943	0.0861727
0.144484	0.0600182
0.133784	0.0562946
0.168721	0.0435181
0.180087	0.0316982
0.157405	0.0240583
0.170061	0.0355706
0.134844	0.0341644
0.152444	0.0164823
0.131524	0.0270193
0.118843	0.0395096
0.113367	0.0127533
0.114211	0.0088709
0.141698	0.0228098
0.129823	0.0231292
0.121887	0.0184922
0.120138	0.0224897
0.119761	0.0283492
0.105802	0.0236596
0.0983748	0.0238652
0.0972998	0.0216804
0.0903819	-0.0193263
0.0907042	-0.00843298
0.0933068	0.00567865
0.0916505	0.0143492
0.0776724	0.00224419
0.0808843	0.0186384
0.0791914	0.0464099
0.0818209	0.0526198
0.111995	0.0704332
0.0601914	0.0332736
0.0694055	0.0505592
0.0358376	0.0619434
0.0329295	0.0554536
0.0315506	0.0810866
0.030657	0.0666558
0.0289739	0.0945134
0.0503218	0.0614084
0.0598151	0.114175
0.0487668	0.110103
0.0475656	0.114205
0.043316	0.13049
0.0508444	0.132731
0.0493897	0.127956
0.056971	0.118343
0.0526808	0.135148
0.0581999	0.138124
0.0509272	0.115456
0.042097	0.113167
0.0246875	0.137638
0.0185481	0.174828
0.0285701	0.159421
-0.00146302	0.149236
0.00160653	0.149213
-0.000303967	0.159074
0.00322349	0.137213
-0.00549688	0.159146
-0.0149459	0.143834
0.0238507	0.167154
0.0043402	0.152672
-0.0188234	0.173827
-0.00327799	0.182168
-0.00219317	0.153963
-0.0436164	0.145357
-0.0777625	0.142895
-0.0964262	0.135449
-0.102531	0.133635
-0.111032	0.121385
-0.118791	0.135483
-0.115173	0.113536
-0.118976	0.11223
-0.157385	0.121701
-0.152105	0.105266
-0.120955	0.106314
-0.137048	0.137717
-0.13025	0.14411
-0.137676	0.119887
-0.155009	0.0830748
-0.109476	0.0694978
-0.0972264	0.0654449
-0.0523364	0.0924026
-0.0313415	0.110462
-0.0241912	0.115275
-0.0265768	0.0852524
0.0302583	0.109095
0.012996	0.121392
0.0378132	0.124007
0.0446707	0.130427
0.0326121	0.137758
0.0541442	0.137515
0.0587297	0.131618
0.0581394	0.142627
0.0592169	0.134249
0.0790983	0.120772
0.0876957	0.139492
0.0715669	0.141351
0.073021	0.141201
0.0728535	0.14923
0.0659877	0.184788
0.0760884	0.169151
0.0864405	0.162969
0.0891145	0.146774
0.0662583	0.129929
0.0777314	0.127901
0.0830503	0.10614
0.0920717	0.14271
0.0944217	0.150019
0.0864006	0.14793
0.0855844	0.152579
0.0977117	0.159192
0.109167	0.158749
0.0951555	0.141442
0.0736259	0.172015
0.087702	0.168317
0.0765534	0.157526
0.0835237	0.15848
0.0608645	0.14149
0.0250359	0.127913
0.0496623	0.138253
0.0724978	0.145087
0.0706543	0.142552
0.0634878	0.142774
0.0860878	0.138882
0.0870114	0.142064
0.076875	0.150199
0.0838761	0.152067
0.0324283	0.125336
0.0325469	0.125554
0.0230342	0.154579
0.0458601	0.177718
0.0506519	0.164394
0.0452498	0.143834
0.0506606	0.116774
0.0422493	0.12503
0.0347816	0.140972
0.0204041	0.123476
0.0279155	0.151204
0.0415038	0.141596
0.0435179	0.146885
0.0386671	0.175934
0.0406622	0.166101
0.0277011	0.188644
0.0317431	0.16229
0.0253619	0.153526
0.0229123	0.147932
0.0214848	0.142734
0.0371582	0.143291
0.040217	0.143031
0.0198615	0.131258
0.0463873	0.159622
0.0447357	0.160046
0.042828	0.134378
0.0287742	0.156165
0.0365681	0.184058
0.00443438	0.206123
0.0132626	0.177713
0.0282804	0.165264
0.0371566	0.16175
0.0452969	0.154472
0.0450742	0.130842
0.0599121	0.14959
0.0535601	0.15572
0.0653182	0.161105
0.0716218	0.15546
0.0746759	0.1427
0.0872085	0.141212
0.108541	0.13495
0.0966335	0.123422
0.0894569	0.113764
0.10344	0.108229
0.123958	0.0984175
0.123014	0.0678834
0.123181	0.081844
0.127833	0.0876837
0.129706	0.0916173
0.118619	0.0733261
0.130873	0.0842844
0.132045	0.0888783
0.164385	0.0533934
0.155981	0.0570129
0.151506	0.0706008
0.139694	0.0740131
0.165734	0.12264
0.147093	0.0936681
0.15742	0.101957
0.164026	0.0731576
0.145038	0.0502884
0.127648	0.0592901
0.130385	0.0534352
0.134708	0.0231852
0.149216	0.00587042
0.147135	0.017471
0.145147	0.0247921
0.145078	0.0263819
0.14974	0.0518015
0.155366	0.0465531
0.158893	0.0373391
0.161108	0.0300706
0.157473	0.0241688
0.149571	0.0220871
0.19052	0.0233801
0.163925	0.00317731
0.167566	0.00545442
0.150352	0.00510611
0.162649	-0.0257717
0.155979	-0.0223598
0.15669	-0.0209839
0.154394	-0.0166749
0.14618	-0.0501827
0.148035	-0.0387384
0.146459	-0.0160598
0.181099	-0.0218444
0.178526	-0.0194961
0.146626	-0.0465985
0.1211	-0.0241562
0.121475	-0.0343735
0.1048	-0.00322842
0.140354	0.0116604
0.151737	0.00341146
0.146013	-0.00641937
0.137524	0.00453161
0.161396	0.0269355
0.167394	0.0136413
0.182097	0.0211603
0.151908	0.027786
0.190905	0.0211092
0.175586	-0.00480464
0.165253	0.000473746
0.161656	-0.0101441
0.137569	-0.0104764
0.120049	-0.013884
0.138005	-0.0191815
0.149785	-0.0219248
0.16043	-0.0188206
0.162497	-0.0132273
0.172345	0.0059071
0.168088	0.0294962
0.136799	-0.0137369
0.150703	-0.0157717
0.162201	-0.00279727
0.164616	-0.00889168
0.152232	-0.00219619
0.136307	-0.0210604
0.125045	-0.0157116
0.135647	-0.00512843
0.146705	-0.0392079
0.138877	0.0279482
0.168961	-0.0260616
0.151922	-0.0364902
0.16579	-0.00848642
0.157393	-0.00485772
0.155285	-0.00771887
0.150303	-0.00204699
0.151013	0.000275255
0.162092	-0.0110657
0.159455	-0.00323356
0.0928776	-0.0109648
0.119594	-0.00562067
0.134711	-0.00673886
0.151513	-0.000578878
0.165098	0.00507354
0.17862	0.0633585
0.182554	0.0328895
0.180284	0.022242
0.181132	0.00285091
0.169565	0.0193611
0.161686	0.01374
0.162326	0.0105373
0.205909	0.0353084
0.159723	0.0239629
0.174563	-0.0107052
0.16942	0.00646789
0.12664	0.0332884
0.112806	0.0393975
0.147273	0.0276982
0.148279	0.058261
0.155425	0.0833663
0.161851	0.0644538
0.179731	0.037878
0.177933	0.0662369
0.176602	0.0795527
0.137746	0.0773907
0.122959	0.067415
0.13462	0.0771356
0.165772	0.061629
0.140571	0.0582332
0.136329	0.0657707
0.139065	0.0586637
0.128261	0.0731954
0.110628	0.0449467
0.116649	0.0715104
0.126075	0.0824215
0.140387	0.112682
0.127301	0.11133
0.133744	0.128837
0.113676	0.11227
0.0920146	0.0922409
0.0952683	0.0704656
0.0917627	0.116053
0.0892655	0.10235
0.111216	0.107602
0.113187	0.131491
0.105936	0.133074
0.107147	0.116016
0.0909143	0.126685
0.0836551	0.136923
0.0712891	0.140165
0.0658237	0.146172
0.0305394	0.141878
0.035538	0.133712
0.0399544	0.141827
0.0305797	0.146013
0.0677535	0.140231
0.090137	0.132653
0.0567353	0.136841
0.044341	0.147547
0.0320146	0.142048
0.0315898	0.149857
0.043593	0.144931
0.0451354	0.165984
0.0414803	0.163623
0.0507258	0.179428
0.0398591	0.170924
0.036318	0.145646
0.0205985	0.155418
0.0439092	0.168703
0.0343807	0.165752
0.022948	0.158742
0.0150282	0.160626
0.0172986	0.160614
0.0063456	0.171826
0.00430545	0.139894
0.00469705	0.140437
0.0110732	0.146296
0.0391747	0.128739
0.0547845	0.151455
0.0387294	0.162734
0.0299152	0.160759
0.0257175	0.147499
0.010885	0.154719
-6.86733e-05	0.17473
-0.0109514	0.17687
0.00141784	0.166939
0.0161477	0.150911
-0.0222399	0.157507
-0.0354856	0.122885
-0.0267811	0.140745
-0.0170199	0.149527
-0.0211739	0.153729
-0.0416913	0.175504
-0.0420314	0.134527
-0.0398803	0.143961
-0.0367218	0.150926
-0.0342066	0.12842
-0.0358526	0.175869
-0.060778	0.179835
-0.0617523	0.163817
-0.065487	0.164835
-0.0755077	0.160688
-0.0968162	0.129101
-0.0927177	0.123636
-0.0951492	0.146398
-0.0876677	0.139702
-0.0660326	0.145963
-0.0772051	0.141557
-0.0648524	0.142846
-0.0900199	0.125459
-0.0652783	0.149785
-0.0661574	0.138333
-0.0795273	0.127908
-0.10231	0.120458
-0.126093	0.122382
-0.114995	0.109914
-0.096346	0.117955
-0.103076	0.150381
-0.109778	0.126095
-0.0792369	0.0967482
-0.102281	0.102553
-0.132529	0.133775
-0.116431	0.128881
-0.116272	0.11609
-0.0995932	0.0955309
-0.104992	0.100049
-0.132211	0.0943301
-0.0917872	0.0956189
-0.0806823	0.120839
-0.072363	0.13539
-0.103285	0.111849
-0.100818	0.0990174
-0.0857623	0.146697
-0.08447	0.161377
-0.0724512	0.169598
-0.0852117	0.141733
-0.105819	0.153382
-0.106195	0.148567
-0.100615	0.1323
-0.121489	0.144996
-0.118414	0.152288
-0.109291	0.146968
-0.129357	0.145269
-0.118399	0.132295
-0.111303	0.142418
-0.0994522	0.148883
-0.0932401	0.140344
-0.0761863	0.151431
-0.0854206	0.141568
-0.104762	0.132086
-0.0964328	0.123528
-0.0752879	0.136596
-0.111831	0.104388
-0.134664	0.115206
-0.136045	0.108457
-0.165441	0.0927808
-0.146206	0.0878996
-0.138137	0.0865274
-0.129745	0.11525
-0.110919	0.131167
-0.0903968	0.0823151
-0.0980954	0.111657
-0.110879	0.0959164
-0.119946	0.0775409
-0.134571	0.0582939
-0.172413	0.0756195
-0.164825	0.0438093
-0.157323	0.0403668
-0.155129	0.0327092
-0.167266	0.0423473
-0.163233	0.0389761
-0.151776	0.0434703
-0.161051	0.0328574
-0.171774	0.0274407
-0.151637	-0.0224071
-0.146833	-0.00434995
-0.171995	0.0265181
-0.15928	0.0270772
-0.132504	0.0236504
-0.150731	0.0194601
-0.141001	0.0282359
-0.143734	0.0345223
-0.147125	0.0218033
-0.161306	0.030442
-0.163319	0.0245048
-0.162395	0.0206003
-0.159832	-0.00593093
-0.157548	-0.00382293
-0.164181	0.0169951
-0.136202	0.023543
-0.145468	0.0377155
-0.150359	0.0451815
-0.165711	0.0265328
-0.159852	0.0233374
-0.15862	0.0268148
-0.126343	0.0578673
-0.121888	0.0577196
-0.122963	0.0618497
-0.10062	0.0418259
-0.0963719	0.054024
-0.142709	0.0663415
-0.126522	0.0397853
-0.135307	0.0437413
-0.164111	0.0623141
-0.172488	0.0618726
-0.166025	0.0542676
-0.143545	0.0249095
-0.142354	0.0703856
-0.137513	0.0426782
-0.138475	0.0151782
-0.146972	0.0300491
-0.16526	0.0589245
-0.164539	0.0514454
-0.127538	0.0510998
-0.127396	0.0678892
-0.142637	0.0560835
-0.143444	0.0522341
-0.144892	0.0610789
-0.152791	0.0599426
-0.155701	0.031378
-0.164447	0.0193377
-0.182899	0.0223879
-0.143849	0.0471535
-0.154396	0.0361896
-0.165963	0.0276329
-0.178647	0.0240757
-0.158728	0.0303993
-0.158102	0.01345
-0.162707	0.00676474
-0.135554	0.00129347
-0.143177	-0.00649191
-0.152528	-0.00558591
-0.161297	-0.0236739
-0.172022	-0.0227779
-0.143182	-0.00738563
-0.160277	0.00992215
-0.162245	0.00253012
-0.162772	-0.00754079
-0.16444	-0.010672
-0.161615	-0.0178062
-0.167694	-0.0291745
-0.144055	-0.0531058
-0.172007	-0.059031
-0.157888	-0.0724472
-0.151851	-0.0523295
-0.151804	-0.0483584
-0.144913	-0.0512892
-0.159312	-0.048672
-0.1477	-0.0487449
-0.147803	-0.0633551
-0.14948	-0.0954239
-0.143505	-0.0778596
-0.1388	-0.056919
-0.133642	-0.0731001
-0.129854	-0.0783678
-0.123672	-0.084916
-0.125087	-0.0952819
-0.123694	-0.0969651
-0.111842	-0.119807
-0.111455	-0.115851
-0.103468	-0.124692
-0.117575	-0.131384
-0.0892018	-0.10878
-0.0561009	-0.0931557
-0.065204	-0.117572
-0.0656546	-0.153838
-0.0761548	-0.141034
-0.0612239	-0.172016
-0.0487963	-0.187881
-0.0465425	-0.187934
-0.0580368	-0.16159
-0.0433438	-0.138645
-0.0322673	-0.14814
-0.030666	-0.151675
-0.0335549	-0.147988
0.0186373	-0.166591
0.0102592	-0.163813
-0.0248159	-0.16204
-0.0490705	-0.147382
-0.0416482	-0.140798
-0.0164026	-0.154476
-0.0136463	-0.153292
-0.00339322	-0.161643
-0.0235473	-0.159903
-0.0169127	-0.146963
0.00250322	-0.152238
-0.00542723	-0.154508
0.00499162	-0.158067
0.045031	-0.13533
0.0427009	-0.13712
0.0359307	-0.140061
0.0268379	-0.137869
0.0108855	-0.131765
0.0179833	-0.15973
0.0539153	-0.169888
0.0404527	-0.187594
0.033671	-0.206125
0.033926	-0.190241
0.0297844	-0.158729
0.0149615	-0.180246
0.0402947	-0.149915
0.0448914	-0.150209
0.0450559	-0.11929
0.0438803	-0.130123
0.0110955	-0.164088
0.0282851	-0.157955
0.0451783	-0.146365
0.0502324	-0.170308
0.080191	-0.164814
0.0844546	-0.145579
0.0866408	-0.132903
0.0282319	-0.107322
0.0312263	-0.123865
0.0543388	-0.113724
0.053537	-0.126128
0.0505847	-0.141999
0.054902	-0.144682
0.0691285	-0.121618
0.0641725	-0.105338
0.0325119	-0.114952
0.0329885	-0.141614
0.0385157	-0.158112
0.035525	-0.181053
0.0392456	-0.179757
0.0198091	-0.155856
0.0323699	-0.156593
0.0449169	-0.164777
0.0551019	-0.145671
0.0582995	-0.161409
0.0636214	-0.16994
0.0555239	-0.146754
0.0350794	-0.142039
0.0233372	-0.131861
0.0476592	-0.137183
0.0558214	-0.150105
0.0494021	-0.154461
0.0460161	-0.152292
0.0407676	-0.177254
0.0496649	-0.15023
0.0422596	-0.149389
0.014317	-0.127
0.0199078	-0.14221
0.0341566	-0.141477
0.0513222	-0.136084
0.0646013	-0.136918
0.0773657	-0.132536
0.0833323	-0.146861
0.0770487	-0.153408
0.0583151	-0.141309
0.0584827	-0.142443
0.0626777	-0.133255
0.0662879	-0.160806
0.059036	-0.15219
0.0396057	-0.163774
0.0909192	-0.184416
0.0628004	-0.15492
0.0534277	-0.169223
0.0406881	-0.129544
0.0346927	-0.131564
0.020962	-0.139435
0.0398362	-0.166993
0.0490873	-0.127734
0.0446786	-0.129223
0.0430868	-0.153016
0.0483483	-0.149419
0.0473362	-0.155248
0.027989	-0.162888
0.0339454	-0.183678
0.00418922	-0.168386
0.0112998	-0.166653
0.0406851	-0.165873
0.0340023	-0.150915
0.0286234	-0.161479
0.0396378	-0.143063
0.063371	-0.144097
0.0452777	-0.149699
0.0297851	-0.156409
0.00284758	-0.144885
0.00918372	-0.152765
0.0132968	-0.15878
0.00911145	-0.19055
0.0195879	-0.177546
0.00890385	-0.162949
-0.0200265	-0.170643
-0.0211377	-0.178683
-0.0107696	-0.167479
-0.0150117	-0.163806
-0.0399757	-0.151548
-0.0559708	-0.155522
-0.0631892	-0.158552
-0.0895523	-0.154066
-0.0599355	-0.133392
-0.0533986	-0.123349
-0.0680354	-0.114418
-0.0847915	-0.113666
-0.0956849	-0.12256
-0.0802231	-0.128969
-0.0980485	-0.134589
-0.0998873	-0.107432
-0.0982451	-0.0878675
-0.115384	-0.0868541
-0.117966	-0.040321
-0.162339	-0.0598933
-0.107915	-0.0679334
-0.12566	-0.053916
-0.110629	-0.0779677
-0.12447	-0.0878842
-0.124782	-0.076644
-0.109263	-0.083582
-0.114527	-0.0852007
-0.118194	-0.0775403
-0.120383	-0.098748
-0.133185	-0.098851
-0.121263	-0.106189
-0.112872	-0.111333
-0.141821	-0.101938
-0.12334	-0.113174
-0.117548	-0.127433
-0.117904	-0.160797
-0.10228	-0.161621
-0.0766857	-0.149594
-0.0588757	-0.14079
-0.0528683	-0.146999
-0.0396946	-0.147311
-0.0209515	-0.152646
-0.0270472	-0.154557
-0.0207313	-0.153336
-0.0269933	-0.143077
-0.0136516	-0.148504
-0.0132035	-0.158752
-0.0217946	-0.14733
0.0155402	-0.148989
0.00528487	-0.176314
-0.0124501	-0.170225
-0.0492521	-0.139531
-0.048838	-0.135898
-0.0579545	-0.154995
-0.0684829	-0.158994
-0.0524824	-0.168767
-0.0543576	-0.169202
-0.0489241	-0.161947
-0.0496079	-0.157893
-0.054151	-0.155132
-0.0608063	-0.159964
-0.0686226	-0.157264
-0.0345528	-0.17857
-0.0330258	-0.161059
-0.0480608	-0.178324
-0.0399256	-0.192609
-0.0511712	-0.173201
-0.0601692	-0.17749
-0.0395598	-0.170338
-0.0459427	-0.174256
-0.0673562	-0.188522
-0.0535849	-0.155475
-0.0662724	-0.147192
-0.0605559	-0.147408
-0.0457716	-0.150253
-0.0427495	-0.139691
-0.0447295	-0.148021
-0.0520582	-0.173267
-0.0740158	-0.145706
-0.0776605	-0.141934
-0.0813055	-0.141902
-0.0806265	-0.141229
-0.0765098	-0.145184
-0.109635	-0.175277
-0.0979732	-0.159806
-0.0740062	-0.133414
-0.0547217	-0.141118
-0.0371296	-0.12124
-0.0469864	-0.124972
-0.0789565	-0.146624
-0.0873344	-0.146323
-0.0861631	-0.133304
-0.0678064	-0.145371
-0.0687479	-0.137115
-0.0736034	-0.156438
-0.0544434	-0.157405
-0.0456039	-0.172329
-0.0611858	-0.194213
-0.0359667	-0.137797
-0.0260787	-0.155459
-0.0530388	-0.155557
-0.0728494	-0.143622
-0.0810936	-0.127217
-0.100606	-0.114823
-0.0722278	-0.151021
-0.0331501	-0.120711
-0.0417718	-0.145066
-0.0506431	-0.149914
-0.0467718	-0.139715
-0.0327808	-0.155606
-0.0153399	-0.160656
-0.010534	-0.177101
-0.0132886	-0.177836
-0.00377795	-0.170293
0.00625888	-0.166181
-0.0192142	-0.16586
-0.0135968	-0.168037
-0.00305827	-0.159791
-0.00099333	-0.163379
-0.0144569	-0.155783
0.00887713	-0.170965
-0.00638304	-0.132119
-0.00187261	-0.151401
-0.0116984	-0.152378
0.0209464	-0.166618
0.0328863	-0.178149
0.0218729	-0.169987
0.0163589	-0.164392
0.0127672	-0.171637
0.00678649	-0.15257
0.0197656	-0.153552
0.010379	-0.131337
0.0125204	-0.137943
0.00247275	-0.151815
-0.00370714	-0.169097
0.0134302	-0.167393
-0.008026	-0.178849
0.00424211	-0.191599
0.00212693	-0.179472
0.0107939	-0.146989
-0.000162261	-0.157468
-0.00904351	-0.152681
0.00979868	-0.155339
-0.00457751	-0.152014
-0.00724101	-0.168395
-0.0339416	-0.164907
-0.0408219	-0.157802
-0.043027	-0.157564
-0.0465476	-0.180178
-0.0775804	-0.172844
-0.0947481	-0.148184
-0.100935	-0.110768
-0.0996892	-0.105796
-0.0932535	-0.0794741
-0.13108	-0.0592325
-0.156699	-0.0599825
-0.175491	-0.0340189
-0.198874	-0.0686284
-0.152206	-0.0677489
-0.165039	-0.0854158
-0.153295	-0.081132
-0.152334	-0.068782
-0.153932	-0.0673065
-0.14728	-0.0642005
-0.162728	-0.0487542
-0.174932	-0.050045
-0.165419	-0.0601298
-0.166043	-0.0453208
-0.168003	-0.0734755
-0.163757	-0.0501572
-0.163446	-0.0450153
-0.159439	-0.0280893
-0.155351	-0.0185295
-0.152576	-0.00893419
-0.158365	-0.0164546
-0.12692	-0.0286044
-0.138727	-0.00218944
-0.119716	0.033339
-0.124332	0.0557065
-0.105405	0.074899
-0.115869	0.086651
-0.12797	0.0782247
-0.120543	0.0716616
-0.162783	0.0614783
-0.147455	0.0706044
-0.135599	0.0849183
-0.121341	0.0914946
-0.154996	0.0925766
-0.143979	0.11638
-0.139574	0.116686
-0.113509	0.120181
-0.0720288	0.10423
-0.0685521	0.109033
-0.0815104	0.113485
-0.0875667	0.170852
-0.051407	0.146831
-0.0548988	0.150716
-0.0491298	0.162838
-0.0453318	0.133649
-0.035139	0.168228
-0.0289031	0.166014
-0.00015118	0.131557
-0.00088316	0.142709
-0.00315163	0.151044
-0.0053893	0.154877
-0.00945681	0.163537
-0.0199691	0.165033
-0.041139	0.143179
-0.0385318	0.127659
-0.0150381	0.155382
-0.00226052	0.124566
-0.00819953	0.124179
0.014977	0.126463
0.0210217	0.123978
0.033237	0.123959
0.0381355	0.142394
0.0395119	0.150791
0.0332895	0.153059
-0.00420621	0.193698
0.0102519	0.192745
0.00870419	0.166212
-0.00669105	0.124275
-0.0195854	0.124318
-0.0268663	0.123688
0.0190384	0.161727
0.0123307	0.154742
0.0193896	0.165812
0.0121649	0.168024
0.0161256	0.169393
0.0370189	0.17745
0.0252916	0.162896
0.0134598	0.162189
-8.22263e-06	0.158376
-0.0125754	0.16635
-0.0132876	0.204096
-0.0173654	0.199309
-0.021443	0.182263
-0.0137409	0.183774
-0.0200817	0.170731
-0.0243197	0.195488
-0.0322686	0.184404
-0.027293	0.181207
0.00617566	0.161475
-0.0239913	0.143517
-0.0192115	0.152292
-0.00344951	0.154467
-0.00703963	0.152236
0.000896335	0.163211
-0.0247049	0.160613
-0.0351389	0.180533
-0.0333076	0.182522
-0.0275007	0.178453
-0.0207978	0.169643
-0.0113442	0.180638
0.00114896	0.17519
0.0180975	0.17112
0.0596	0.143396
0.0469102	0.166648
0.0396726	0.141874
0.0451812	0.141373
0.0558271	0.145363
0.0623893	0.139052
0.0591882	0.141733
0.0624536	0.138427
0.0618702	0.144392
0.0730502	0.142036
0.0659287	0.142537
0.0880992	0.149504
0.0944198	0.13185
0.0620402	0.129066
0.0552076	0.134558
0.0641479	0.162063
0.0656057	0.161316
0.0865677	0.182613
0.0607356	0.18087
0.0614531	0.1615
0.0843652	0.132069
0.0803031	0.140442
0.0719466	0.140871
0.0718618	0.102057
0.0770236	0.0997699
0.0666333	0.127601
0.0876253	0.155435
0.0732265	0.154893
0.0616503	0.150611
0.0672012	0.147922
0.0322339	0.132668
0.0454245	0.14981
0.0259679	0.200198
0.0367931	0.17898
0.0471476	0.175306
0.048781	0.159893
0.0468543	0.169375
0.0325881	0.155585
0.0331742	0.126824
0.0520154	0.138911
0.0491725	0.1473
0.0370453	0.161059
0.0358375	0.150917
-0.00169527	0.168212
0.00608679	0.14707
0.00941363	0.165365
0.00496126	0.161825
-0.00124175	0.166306
0.0257366	0.147048
-0.000823815	0.159611
-0.00509071	0.156976
-0.0146011	0.152674
-0.0150833	0.154029
-0.0312599	0.164088
-0.0209546	0.150069
-0.00265343	0.155479
-0.00733653	0.16413
-0.0305921	0.165051
-0.0187221	0.162887
-0.0220581	0.166793
-0.0341391	0.171878
-0.037732	0.157296
-0.029344	0.153687
0.00932238	0.157497
-0.00435523	0.159259
-0.0315999	0.149362
-0.0471256	0.170984
-0.0084836	0.133931
-0.022385	0.157681
-0.0303411	0.156462
-0.0238875	0.15904
-0.0330772	0.122483
-0.0270751	0.133275
-0.0196141	0.145277
-0.00515372	0.162805
-0.0088501	0.13654
-0.00420909	0.187789
-0.0220831	0.166108
-0.0278137	0.156192
-0.00386941	0.137863
-0.00882009	0.131556
-0.0243512	0.108532
-0.0455112	0.123162
-0.0588012	0.149302
-0.0431976	0.143759
-0.0429236	0.152692
-0.0396128	0.160668
-0.0686864	0.153484
-0.0558505	0.163819
-0.0549333	0.154521
-0.0282702	0.141837
-0.0383897	0.146303
