0.0556775	0.102002
0.0634101	0.103225
0.0576757	0.0894557
0.0535955	0.0959128
0.0737242	0.151425
0.0841885	0.133692
0.0862304	0.129235
0.107701	0.0902066
0.116506	0.097622
0.121531	0.105297
0.119948	0.124278
0.106775	0.129841
0.0906075	0.141512
0.0844304	0.137987
0.0843941	0.134919
0.0941445	0.133044
0.0935438	0.132133
0.0866687	0.145315
0.0652434	0.135886
0.0801301	0.145634
0.0948193	0.162058
0.11883	0.16456
0.098027	0.131543
0.0994422	0.151581
0.0732406	0.168605
0.0782027	0.174625
0.0655318	0.151194
0.0566325	0.163571
0.0660364	0.186427
0.0509624	0.164013
0.0435839	0.153484
0.0531326	0.159266
0.0654842	0.175322
0.0609925	0.164693
0.0439773	0.162765
0.0420291	0.156589
0.0698463	0.174412
0.0426496	0.209313
0.0240403	0.179804
-0.000758392	0.171622
-0.00873601	0.168143
-0.0102094	0.167808
-0.00493016	0.167398
-0.00508766	0.133172
-0.00498535	0.15308
0.0131018	0.134779
0.0385725	0.165145
0.03458	0.157236
0.0822058	0.162424
0.0977703	0.154339
0.0908725	0.148282
0.0882183	0.140294
0.0625745	0.139414
0.0631531	0.141139
0.0589986	0.152136
0.106683	0.170187
0.0956186	0.145933
0.0677479	0.152301
0.0817645	0.140882
0.0753798	0.139952
0.0766441	0.140453
0.0694443	0.154576
0.118956	0.173453
0.0936797	0.154857
0.121996	0.209287
0.10274	0.184181
0.0892322	0.159898
0.088937	0.121344
0.0899689	0.125194
0.0940191	0.122926
0.0924792	0.120518
0.121576	0.130873
0.121091	0.128064
0.0873331	0.129903
0.0952252	0.126017
0.0917163	0.129883
0.115972	0.147239
0.101547	0.143322
0.0976094	0.142882
0.0914463	0.139522
0.0896119	0.136903
0.0664844	0.117027
0.0643189	0.123253
0.0647945	0.123893
0.0570519	0.134683
0.0553792	0.148797
0.0597674	0.14653
0.0649167	0.150842
0.0525051	0.156187
0.0440075	0.14542
0.043384	0.149689
0.0536266	0.154391
0.063306	0.145754
0.084771	0.152928
0.0834731	0.146191
0.0818694	0.143354
0.0544748	0.163243
0.0347188	0.160188
0.0335679	0.15874
0.053275	0.187562
0.0465082	0.174098
0.0411829	0.168375
0.0380535	0.156884
0.0628583	0.151598
0.0634572	0.173068
0.0573495	0.166032
0.0584581	0.168283
0.057999	0.158208
0.0391582	0.144724
0.0399061	0.152845
0.0532366	0.137092
0.0577845	0.154845
0.0358982	0.148195
0.0168136	0.144893
0.00219456	0.140769
0.0333432	0.137766
0.0328366	0.154752
0.00811652	0.146365
0.012011	0.161612
0.00453162	0.157845
-0.00639852	0.148338
-0.0105122	0.155503
-0.00840491	0.157858
-0.00207981	0.157996
0.000243544	0.154746
0.00292585	0.150468
0.00262523	0.154391
0.0214167	0.171632
0.0207173	0.166428
0.0514599	0.171131
0.0436551	0.158932
0.0500991	0.150405
0.0482516	0.154621
0.039037	0.138355
0.0326544	0.134196
0.0366277	0.14631
0.0391831	0.150554
0.0356225	0.123346
0.0376216	0.134989
0.0459077	0.105083
0.0805103	0.0809189
0.0919066	0.0741883
0.0989933	0.0990924
0.154673	0.0944131
0.159509	0.0885712
0.154495	0.0630864
0.145776	0.0781898
0.148773	0.0786876
0.154519	0.074853
0.154077	0.0748022
0.150219	0.0736476
0.12708	0.0565287
0.109799	0.0603412
0.132784	0.0764092
0.136455	0.0780385
0.15147	0.0508491
0.151608	0.0510786
0.16641	0.0592582
0.142949	0.0693672
0.147956	0.0662563
0.155554	0.037749
0.142161	0.0327034
0.150228	0.0300486
0.159643	0.0307319
0.161167	0.0455587
0.152265	0.0508547
0.136542	0.0220198
0.130741	0.015856
0.168881	0.02489
0.156295	0.0211541
0.173161	0.0100691
0.170377	0.0100661
0.161648	0.00980688
0.190303	0.0049235
0.162577	-0.0253219
0.179739	-0.0199378
0.176026	-0.0109006
0.158644	-0.0169306
0.176389	-0.0336653
0.186655	-0.056397
0.164352	-0.034283
0.146763	-0.0140416
0.151529	-0.0147376
0.165017	-0.0145138
0.184144	0.0130381
0.190472	0.00794844
0.164809	-0.00533115
0.160125	-0.0427266
0.157041	-0.0443312
0.14374	-0.0468814
0.159008	-0.0349561
0.16646	-0.043137
0.163147	-0.0391501
0.155812	-0.0295915
0.172033	-0.0225904
0.169103	-0.0112344
0.171905	-0.0120314
0.166451	-0.0122115
0.177867	0.0130025
0.167438	0.032214
0.160629	0.00942079
0.167212	-0.00138811
0.164537	0.00547896
0.141664	0.0263812
0.145822	0.0247695
0.160839	0.0101993
0.149472	0.0129384
0.171395	0.00273385
0.173961	0.00436968
0.181614	0.0087446
0.173447	0.00783323
0.168808	0.00519877
0.165737	0.00336337
0.108091	-0.0224195
0.142247	-0.0200155
0.137137	-0.0112231
0.145264	-0.0167558
0.134234	-0.0174714
0.143205	-0.0179064
0.158378	-0.0126737
0.161955	-0.011389
0.184013	-0.00766698
0.166167	-0.00968903
0.157751	0.00783922
0.15402	0.00918988
0.157963	0.0119633
0.165095	-0.021673
0.196031	-0.013408
0.177752	0.0104153
0.176849	0.0206183
0.193155	0.0241773
0.174826	0.0239232
0.165528	-0.0203459
0.16287	-0.0198877
0.155503	-0.0171647
0.141316	-0.0125087
0.145701	-0.0110172
0.170612	-0.00441202
0.201053	-0.0104158
0.168134	0.0143972
0.185793	0.0183232
0.179046	0.0241211
0.194045	0.0267418
0.17638	0.022656
0.178932	0.0326909
0.172351	0.0331201
0.151056	0.0603547
0.143182	0.0873315
0.140437	0.0847243
0.138633	0.0823422
0.153026	0.0916026
0.13662	0.0699428
0.136526	0.0737373
0.145239	0.0747956
0.156278	0.0626864
0.131331	0.0435504
0.125845	0.0635794
0.129862	0.0702799
0.143522	0.0831443
0.125586	0.0883895
0.134074	0.0944853
0.142106	0.0921391
0.124435	0.0887801
0.129501	0.0895264
0.124891	0.0913253
0.109792	0.108963
0.102858	0.118523
0.0939594	0.134566
0.0922998	0.132889
0.104287	0.13808
0.10238	0.144427
0.0928566	0.144516
0.0955681	0.1275
0.091285	0.131591
0.0917668	0.130932
0.0941872	0.131633
0.0748621	0.145459
0.0674568	0.144319
0.0817876	0.160558
0.0725971	0.161642
0.0654565	0.158028
0.0594894	0.163609
0.0151429	0.164568
0.00716205	0.146989
0.0121244	0.155508
0.00627356	0.164031
0.0389939	0.188499
0.0230084	0.180463
0.022041	0.169413
0.0203389	0.164158
0.0143891	0.15713
-0.00261216	0.130907
0.0170245	0.17617
0.0176309	0.167838
0.00302112	0.171884
-0.00651817	0.173315
0.0359332	0.173053
0.0374853	0.166802
0.0289112	0.154279
0.0241621	0.150603
0.0279786	0.192057
0.0217948	0.179191
0.0318231	0.167308
0.0395124	0.163066
0.0344453	0.157488
0.0406566	0.154324
0.0270197	0.168813
0.0151346	0.185789
0.0292667	0.179387
0.0300063	0.171929
0.0380282	0.187239
0.017778	0.175964
0.00129399	0.176437
-0.00224262	0.168511
-0.00525988	0.168412
-0.00111618	0.15471
-0.0178297	0.146537
-0.0183106	0.151196
-0.0146052	0.128732
-0.0225152	0.155318
-0.0254787	0.161709
-0.0780463	0.160807
-0.0739579	0.154803
-0.0743027	0.156097
-0.0900438	0.147039
-0.071685	0.0885296
-0.0673676	0.0923101
-0.0761769	0.110998
-0.0811656	0.118671
-0.093343	0.126011
-0.0957362	0.128016
-0.0927135	0.143009
-0.0906026	0.13956
-0.0803009	0.129827
-0.071764	0.163257
-0.0788888	0.162829
-0.0768115	0.154242
-0.0788136	0.150126
-0.105633	0.129601
-0.111114	0.123819
-0.104326	0.134627
-0.105901	0.12995
-0.124672	0.114966
-0.121666	0.112659
-0.148836	0.0698899
-0.151048	0.0571163
-0.17231	0.0669803
-0.16289	0.0894704
-0.141827	0.0923062
-0.144417	0.0898699
-0.13421	0.108729
-0.125818	0.119606
-0.107286	0.120041
-0.0942716	0.124774
-0.0980417	0.119338
-0.0996638	0.122513
-0.0808578	0.128937
-0.118727	0.147715
-0.0998822	0.150598
-0.0828622	0.155197
-0.0768293	0.150131
-0.0857425	0.157415
-0.0831141	0.137161
-0.07569	0.154438
-0.0752308	0.167272
-0.0802548	0.178868
-0.0641294	0.148587
-0.0610862	0.144735
-0.0795691	0.160442
-0.0717377	0.144278
-0.0508006	0.138521
-0.0422204	0.162457
-0.0692726	0.152937
-0.0737207	0.149027
-0.0729568	0.159726
-0.0736598	0.143575
-0.0799071	0.132364
-0.0835712	0.126641
-0.0910545	0.112161
-0.0979522	0.119467
-0.105929	0.122895
-0.123795	0.116129
-0.12089	0.101673
-0.116785	0.0980805
-0.118156	0.100566
-0.122174	0.0992601
-0.118811	0.100625
-0.112183	0.103049
-0.115968	0.0780167
-0.13051	0.0720802
-0.153037	0.0371878
-0.177818	0.00230401
-0.165798	0.014203
-0.148348	0.0257893
-0.149174	0.0211455
-0.153151	0.0200921
-0.16195	0.00501228
-0.162121	0.00445067
-0.190003	0.00586014
-0.191643	0.022777
-0.148899	-0.000926646
-0.185604	-0.00177544
-0.194922	-0.00497822
-0.179981	-0.014376
-0.167906	-0.0131664
-0.163324	-0.0126215
-0.153386	0.0131576
-0.151854	0.0185126
-0.163706	0.0184489
-0.155304	0.0298021
-0.156693	0.0281621
-0.156995	0.0192782
-0.161964	0.0219286
-0.142848	0.0310999
-0.153982	0.0332279
-0.156784	0.0305889
-0.144457	0.0324022
-0.1514	0.0297282
-0.179712	0.0181816
-0.163223	0.0111391
-0.15571	0.030166
-0.157514	0.0276459
-0.159714	0.0478688
-0.177517	0.0507603
-0.180836	0.0604173
-0.190532	0.0613087
-0.17096	0.0585389
-0.113673	0.0441917
-0.137764	0.0318295
-0.127182	0.0722774
-0.155842	0.0737489
-0.160003	0.0627516
-0.135134	0.0469467
-0.127293	0.0643086
-0.125507	0.0715275
-0.133323	0.0674833
-0.137544	0.0701227
-0.147682	0.0694926
-0.147067	0.0680794
-0.149782	0.0717721
-0.153245	0.0776916
-0.140422	0.0804049
-0.131156	0.0906733
-0.130003	0.0907511
-0.137072	0.0669036
-0.130531	0.0527083
-0.14484	0.0477443
-0.148053	0.0316814
-0.159554	0.0190336
-0.165108	0.0240572
-0.194376	0.012185
-0.18455	0.0133292
-0.207983	0.011327
-0.202929	0.00780905
-0.21559	0.0329778
-0.187388	0.00502579
-0.198404	-0.00784897
-0.182122	-0.0134769
-0.172499	-0.0117853
-0.182649	-0.0175997
-0.174367	-0.024371
-0.147763	-0.00464027
-0.13794	-0.00151712
-0.118347	-0.0220357
-0.123866	-0.0195243
-0.128834	-0.0339126
-0.103804	-0.0294249
-0.12472	-0.0230042
-0.139759	-0.0259319
-0.159668	-0.0424458
-0.158008	-0.040214
-0.161834	-0.0475225
-0.148993	-0.0645912
-0.149934	-0.0598875
-0.156189	-0.0511959
-0.132566	-0.0604338
-0.158803	-0.0611729
-0.146542	-0.0587527
-0.159424	-0.0695618
-0.149273	-0.103936
-0.139472	-0.0980741
-0.112351	-0.104631
-0.116151	-0.101261
-0.116457	-0.101835
-0.124569	-0.0966329
-0.120248	-0.0876905
-0.1052	-0.10871
-0.122062	-0.109887
-0.119528	-0.112185
-0.113587	-0.119083
-0.0761491	-0.1135
-0.068746	-0.119171
-0.0521517	-0.131954
-0.0489657	-0.156277
-0.0401115	-0.134037
-0.0335387	-0.144222
-0.0458002	-0.134316
-0.0483827	-0.141478
-0.0411348	-0.142628
-0.0472176	-0.151982
-0.0144991	-0.150182
-0.000837811	-0.160792
-0.00243267	-0.174691
-0.00221689	-0.17005
-0.00293616	-0.164818
-0.0116911	-0.186155
-0.0362965	-0.1913
-0.0247283	-0.208769
-0.0241722	-0.175375
-0.0153464	-0.189499
0.00685344	-0.167406
0.017207	-0.167815
0.0424558	-0.169369
0.0465197	-0.162891
0.0411121	-0.176139
0.0370183	-0.169253
0.0394259	-0.160774
0.0546609	-0.146448
0.0663955	-0.154225
0.0633287	-0.15696
0.059117	-0.146363
0.0464269	-0.193943
0.04734	-0.204778
0.0495059	-0.189231
0.0437553	-0.175625
0.0547149	-0.177267
0.0209448	-0.177528
0.0147288	-0.182905
0.0433392	-0.159223
0.0498758	-0.168812
0.0619205	-0.134136
0.0389708	-0.18147
0.0645659	-0.219793
0.07007	-0.174252
0.0709512	-0.169521
0.0543654	-0.135209
0.0521573	-0.127385
0.0546973	-0.135476
0.0553389	-0.164022
0.0987905	-0.177295
0.0822487	-0.157578
0.086224	-0.153849
0.0765999	-0.172801
0.0337884	-0.194215
0.0373347	-0.17561
0.0593656	-0.146629
0.0551971	-0.139237
0.0492258	-0.128477
0.052227	-0.126408
0.0432473	-0.125806
0.0193733	-0.150601
0.0231153	-0.153447
0.0277778	-0.152866
0.0206058	-0.19567
0.0238027	-0.184025
0.01177	-0.171574
0.0217522	-0.151069
0.0112857	-0.149225
0.016502	-0.140139
0.0174433	-0.147528
0.0134156	-0.156286
0.0224761	-0.150411
0.0258475	-0.159928
0.0253768	-0.159206
0.0370571	-0.17246
0.0439757	-0.180108
0.0792326	-0.163301
0.0854091	-0.192874
0.0840098	-0.174526
0.0748535	-0.144324
0.0476864	-0.119363
0.0515626	-0.123469
0.0599678	-0.131746
0.0709274	-0.123254
0.0699097	-0.125467
0.0684774	-0.122152
0.0714376	-0.140676
0.0972223	-0.125775
0.105887	-0.116813
0.103453	-0.12326
0.0872004	-0.104681
0.0897591	-0.12119
0.05622	-0.127989
0.0726663	-0.145
0.0206692	-0.146165
0.0238102	-0.176433
0.0359827	-0.169501
0.0290694	-0.193074
0.0310989	-0.187836
0.019128	-0.118761
0.0262735	-0.14379
-0.00749627	-0.173363
-0.000784286	-0.167829
0.0130489	-0.179325
0.0125225	-0.151011
0.00551654	-0.150958
0.0162919	-0.157487
0.0203817	-0.163119
0.0353771	-0.178321
0.0488047	-0.167352
0.0422602	-0.171736
0.0400869	-0.156268
0.0328412	-0.166609
0.05801	-0.163162
0.0433384	-0.162883
0.0449237	-0.167223
0.0420677	-0.15995
0.0675038	-0.178868
0.0551495	-0.157479
0.0554294	-0.163506
0.0236222	-0.154403
0.0138823	-0.142053
0.0225137	-0.146276
0.016999	-0.143711
0.00909662	-0.138091
-0.0146572	-0.151151
-0.0301454	-0.140609
-0.040939	-0.136679
-0.0903767	-0.149173
-0.123658	-0.134044
-0.15665	-0.130168
-0.152346	-0.107165
-0.150791	-0.0882996
-0.140254	-0.0488875
-0.149045	-0.0442803
-0.176177	-0.0662784
-0.168084	-0.0583166
-0.172519	-0.067473
-0.169985	-0.057248
-0.14679	-0.0201825
-0.152741	-0.0197352
-0.140141	-0.0242721
-0.138685	-0.0230975
-0.132437	-0.00341914
-0.143765	-0.00771567
-0.147454	-0.0192974
-0.160187	-0.0116189
-0.156268	-0.0263159
-0.172528	-0.0441268
-0.15693	-0.0512265
-0.138587	-0.0738843
-0.122207	-0.0893862
-0.111324	-0.107824
-0.0926589	-0.148802
-0.0805758	-0.14831
-0.0428003	-0.132082
-0.0386864	-0.133642
-0.0448441	-0.147805
-0.0428016	-0.126244
-0.0396848	-0.138307
-0.0275401	-0.151143
-0.0181156	-0.127031
-0.0271602	-0.130252
-0.0292287	-0.146226
-0.0271573	-0.151469
-0.0249765	-0.154319
-0.0473437	-0.177113
-0.0515191	-0.180805
-0.0295927	-0.186651
0.00138923	-0.210531
0.00903025	-0.184243
-0.00180784	-0.185629
0.00662363	-0.177617
0.00220991	-0.177998
-0.00371732	-0.171828
0.0110834	-0.174205
-0.00396745	-0.164067
-0.0101788	-0.161268
-0.00243457	-0.173813
-0.0148088	-0.18154
-0.0311948	-0.162705
-0.0362249	-0.161288
-0.0518004	-0.136427
-0.0490796	-0.133065
-0.0532311	-0.144216
-0.0530942	-0.136661
-0.0562954	-0.125528
-0.0622332	-0.136827
-0.0473747	-0.135169
-0.0728983	-0.117353
-0.0607232	-0.128952
-0.0656692	-0.140014
-0.0708422	-0.141165
-0.0799213	-0.162498
-0.0825453	-0.138831
-0.0848395	-0.144825
-0.077032	-0.145868
-0.0505547	-0.137519
-0.0534277	-0.143508
-0.0541285	-0.123968
-0.0442123	-0.100359
-0.044183	-0.118556
-0.0735702	-0.137463
-0.0883917	-0.138139
-0.0987087	-0.133565
-0.101741	-0.12865
-0.0938347	-0.144819
-0.070729	-0.139493
-0.0989378	-0.167172
-0.0892884	-0.159385
-0.0821977	-0.148463
-0.0846164	-0.126221
-0.0555608	-0.147935
-0.0631218	-0.158392
-0.0651823	-0.166703
-0.0637012	-0.147464
-0.0606451	-0.170966
-0.0683359	-0.193637
-0.0570097	-0.170652
-0.0612956	-0.163083
-0.0826462	-0.159911
-0.0990525	-0.161613
-0.0847182	-0.145852
-0.0944779	-0.146412
-0.0862481	-0.14115
-0.094678	-0.131397
-0.0762355	-0.141825
-0.0654635	-0.156312
-0.0497045	-0.169359
-0.0381452	-0.162206
-0.0340232	-0.150777
-0.0239251	-0.164078
-0.021205	-0.145794
-0.0073627	-0.148795
0.00506724	-0.137046
0.0144191	-0.164433
0.0185116	-0.160878
0.0297966	-0.208253
0.026766	-0.209342
0.00937394	-0.213695
0.0270703	-0.192314
0.0291097	-0.177941
0.0310693	-0.164853
0.0341497	-0.161298
0.0365016	-0.15998
-0.00512443	-0.142345
0.00482454	-0.156494
0.0175493	-0.132149
0.0140935	-0.127956
0.0411139	-0.148535
0.0345561	-0.158265
0.0351935	-0.157699
0.0351199	-0.157902
0.0417475	-0.176667
0.0391005	-0.168547
0.0536258	-0.160304
0.0427275	-0.165838
0.0381031	-0.161477
0.0252021	-0.178916
0.0193662	-0.170966
0.0101876	-0.187317
0.0391488	-0.223811
0.0447357	-0.218257
-0.00720639	-0.22435
-0.00938743	-0.233215
0.00746122	-0.249938
-0.000519804	-0.203982
-0.00942648	-0.18158
-0.0234257	-0.156836
-0.0476954	-0.15336
-0.0598277	-0.142053
-0.0616464	-0.143748
-0.0776045	-0.14553
-0.0980287	-0.15257
-0.0942568	-0.11901
-0.0827441	-0.129646
-0.0828608	-0.1295
-0.0938343	-0.111842
-0.100614	-0.114753
-0.126241	-0.0938345
-0.151965	-0.0548531
-0.153009	-0.0707891
-0.146064	-0.0145291
-0.159599	-0.0318753
-0.158441	-0.0276803
-0.157275	-0.0225278
-0.166248	-0.011515
-0.134958	-0.00223206
-0.1447	0.000469694
-0.143907	0.00470347
-0.13284	-0.0179387
-0.155541	-0.0165574
-0.15333	-0.0284534
-0.153829	-0.0279141
-0.145661	-0.0313167
-0.149671	-0.028167
-0.137874	-0.00837938
-0.172256	0.00437151
-0.177288	0.00242866
-0.154421	0.010857
-0.15092	-0.00277643
-0.154988	0.0159129
-0.165459	0.0127027
-0.168393	-0.00368579
-0.160065	-0.00584222
-0.13371	0.00646277
-0.141464	0.0097984
-0.150295	0.00879234
-0.147729	0.00657995
-0.153862	0.0132097
-0.128711	0.032391
-0.125975	0.0626642
-0.133208	0.0960878
-0.126933	0.081433
-0.123722	0.0956405
-0.113506	0.0990474
-0.106445	0.116727
-0.095643	0.120017
-0.105508	0.114829
-0.0878141	0.126477
-0.072223	0.13279
-0.0669184	0.134301
-0.0741786	0.13661
-0.0700313	0.13733
-0.0942439	0.125716
-0.0586774	0.129158
-0.0527494	0.131584
-0.0522694	0.142274
-0.0459495	0.144016
-0.0430039	0.126138
-0.0401437	0.142965
-0.027705	0.147002
0.015015	0.153578
0.00781974	0.17776
-0.00243087	0.175295
0.0107437	0.162565
0.0144425	0.148146
-0.011796	0.119456
-0.0259352	0.173648
0.0086869	0.177718
0.00552095	0.16945
0.00196048	0.153512
0.00785621	0.145733
0.00580665	0.148886
0.00872971	0.150061
0.0213198	0.149878
0.0288122	0.131624
0.0517785	0.153075
0.0584383	0.155382
0.0506483	0.144326
0.0214654	0.134224
-0.00837833	0.141402
0.0208324	0.128463
0.0227126	0.164054
0.0109251	0.177713
0.00259403	0.16033
-0.0132408	0.190472
-0.0117111	0.181938
0.0028677	0.173236
-0.00153617	0.171512
0.00807484	0.149014
0.0110725	0.154681
0.0118454	0.155971
0.0296766	0.137795
0.0257388	0.156285
0.006182	0.141637
-0.00150455	0.14468
0.000217072	0.150784
0.00293161	0.157205
-0.00199836	0.149867
0.00163659	0.144532
-0.0150791	0.181927
-0.00788972	0.163357
-0.0264688	0.156511
-0.0254785	0.156302
-0.0585061	0.172049
-0.0389571	0.159635
-0.0457885	0.14918
-0.0310569	0.163398
-0.0482825	0.198858
-0.024981	0.201952
-0.0270967	0.154749
-0.0124982	0.152013
-0.0170368	0.156414
-0.0120856	0.182627
0.002639	0.177487
0.0215308	0.161249
0.0287385	0.207653
0.0350222	0.183386
0.0369083	0.175786
0.0422148	0.185426
0.0488974	0.156562
0.0517206	0.159991
0.0556897	0.142606
0.0661728	0.156569
0.0571886	0.143358
0.0728372	0.13416
0.0648264	0.119474
0.0647408	0.133012
0.0632915	0.134178
0.0784823	0.144602
0.0895906	0.155617
0.0873875	0.140159
0.0782357	0.152862
0.0741372	0.149525
0.0759859	0.133841
0.0765739	0.135129
0.0772546	0.147929
0.0740955	0.146762
0.0849416	0.147212
0.0821953	0.155605
0.0829249	0.174621
0.079608	0.162913
0.0745672	0.154929
0.0745465	0.136245
0.0654974	0.137667
0.0684473	0.13957
0.0575072	0.13882
0.059271	0.142248
0.0634248	0.148889
0.061554	0.148842
0.0614974	0.163758
0.0590718	0.162499
0.0561295	0.184
0.045348	0.165102
0.0475992	0.161647
0.0449286	0.158752
0.0484484	0.156359
0.0589152	0.148535
0.0578172	0.184844
0.0312375	0.175174
0.0301354	0.16792
0.0218079	0.192769
0.0112119	0.163577
0.00891749	0.165504
-0.0249188	0.193003
-0.0441081	0.192877
-0.046367	0.182191
-0.040892	0.169477
-0.0358363	0.163773
-0.0363978	0.162213
-0.0423879	0.144409
-0.0432923	0.148585
-0.041428	0.15456
-0.0250326	0.139993
-0.0469376	0.151486
-0.0352274	0.158622
-0.0429409	0.168006
-0.0422232	0.167605
-0.0473311	0.171587
-0.0383395	0.191046
-0.0145633	0.182941
-0.0160737	0.1929
-0.0162284	0.180486
0.0122888	0.166219
0.00438353	0.144768
-0.0147355	0.163242
-0.0188665	0.171488
-0.0191976	0.166012
-0.0210744	0.158539
-0.0264954	0.159215
-0.0189968	0.176379
-0.0437651	0.159021
-0.0407315	0.163592
-0.0426837	0.150789
-0.0402066	0.14268
-0.0338484	0.147916
-0.0304433	0.146439
-0.021885	0.128301
-0.017035	0.112733
-0.0224693	0.131746
0.00262607	0.144744
-0.0113302	0.149904
0.00224581	0.167347
-0.0254338	0.157607
-0.0370632	0.169041
-0.0437418	0.169199
-0.0520839	0.14716
-0.0926981	0.16685
-0.0952762	0.171698
-0.112269	0.159024
-0.0887212	0.117159
-0.0876738	0.113202
-0.0967656	0.117448
-0.10028	0.11796
-0.0864885	0.120846
-0.0858099	0.132261
-0.116851	0.127396
-0.109305	0.13947
-0.102003	0.137052
-0.0820429	0.154834
-0.0573836	0.149926
-0.0725644	0.150155
-0.0787556	0.155554
-0.0813757	0.144809
-0.0832967	0.145811
-0.079816	0.151174
-0.0589286	0.13196
-0.0712773	0.178194
-0.0781346	0.169507
-0.069524	0.148531
-0.0875237	0.159114
-0.0747746	0.150913
-0.078939	0.153976
-0.0826889	0.158049
-0.0694807	0.131646
-0.0725252	0.136026
-0.0972478	0.11613
-0.103419	0.113537
-0.102264	0.0972391
