0.00422484	-0.00223551
0.00901377	-0.0047586
0.0144546	-0.00662372
0.020342	-0.0093988
0.0265045	-0.0122552
0.0328469	-0.0157129
0.0392353	-0.0191392
0.0457679	-0.0224958
0.052553	-0.0260816
0.0590074	-0.029925
0.0655517	-0.0339599
0.0723946	-0.0373353
0.0793102	-0.0406459
0.08554	-0.0441149
0.0919199	-0.0475702
0.0985419	-0.0511161
0.105334	-0.0546761
0.111539	-0.0585317
0.117644	-0.0625356
0.123286	-0.0670514
0.128421	-0.0722199
0.134241	-0.0781151
0.139968	-0.084021
0.145099	-0.089503
0.150202	-0.0949445
0.155459	-0.100388
0.1607	-0.106451
0.166161	-0.112367
0.171559	-0.118199
0.177075	-0.124268
0.182571	-0.130297
0.187944	-0.136275
0.193605	-0.142342
0.199604	-0.14837
0.205799	-0.154235
0.211815	-0.159833
0.217702	-0.165213
0.224126	-0.17064
0.22983	-0.17638
0.235887	-0.182007
0.241861	-0.187586
0.247854	-0.192784
0.254119	-0.197918
0.26143	-0.203638
0.269256	-0.208927
0.276909	-0.214259
0.284102	-0.21963
0.291421	-0.224769
0.298459	-0.229709
0.305518	-0.234372
0.312692	-0.239066
0.320637	-0.243163
0.328378	-0.247485
0.335618	-0.251818
0.342176	-0.256003
0.34919	-0.259076
0.356979	-0.262334
0.364636	-0.264636
0.372092	-0.267051
0.379654	-0.269641
0.387403	-0.271448
0.39514	-0.272935
0.403371	-0.274434
0.411915	-0.276046
0.421191	-0.278143
0.429947	-0.280347
0.438426	-0.282424
0.446791	-0.28449
0.455253	-0.286437
0.464115	-0.288055
0.472634	-0.289611
0.481041	-0.29125
0.489208	-0.29363
0.497207	-0.295768
0.50517	-0.297889
0.512822	-0.300068
0.520901	-0.302277
0.528788	-0.303917
0.536939	-0.305478
0.54488	-0.30725
0.55267	-0.309264
0.560578	-0.311114
0.568584	-0.313359
0.576689	-0.315481
0.584252	-0.317577
0.591992	-0.319852
0.599799	-0.32237
0.608043	-0.325269
0.616181	-0.328092
0.62412	-0.331204
0.632471	-0.334923
0.641058	-0.338942
0.649685	-0.342571
0.657977	-0.346263
0.665758	-0.350208
0.673762	-0.354307
0.681838	-0.35805
0.690413	-0.361895
0.698729	-0.365606
0.707225	-0.368974
0.715145	-0.372226
0.722826	-0.375682
0.730104	-0.379379
0.737702	-0.382927
0.745145	-0.386471
0.752572	-0.39015
0.759992	-0.393098
0.767444	-0.395965
0.774275	-0.399286
0.780661	-0.402645
0.786921	-0.4052
0.793146	-0.407796
0.800105	-0.410578
0.807303	-0.413163
0.815549	-0.415203
0.823697	-0.417232
0.83148	-0.418594
0.83948	-0.419997
0.847487	-0.421274
0.855166	-0.423026
0.863042	-0.425181
0.870961	-0.426943
0.878811	-0.429334
0.886741	-0.431802
0.89454	-0.433862
0.902547	-0.436016
0.910731	-0.438437
0.919278	-0.440643
0.927204	-0.442848
0.935086	-0.445033
0.94294	-0.447184
0.950543	-0.448981
0.958077	-0.450984
0.96549	-0.452053
0.973007	-0.452912
0.980262	-0.453806
0.988805	-0.456089
0.997198	-0.457812
1.00567	-0.459408
1.01381	-0.460213
1.02188	-0.460622
1.03001	-0.460916
1.03812	-0.461202
1.04645	-0.461263
1.05455	-0.460889
1.06323	-0.460263
1.07154	-0.459527
1.07996	-0.458649
1.08809	-0.458681
1.09611	-0.458939
1.10418	-0.459143
1.11226	-0.459416
1.12057	-0.459386
1.12889	-0.459276
1.13701	-0.459287
1.14524	-0.459388
1.15342	-0.459421
1.16172	-0.459244
1.16996	-0.459111
1.17796	-0.45898
1.18598	-0.459139
1.19409	-0.458923
1.20245	-0.458336
1.2104	-0.457126
1.21841	-0.455595
1.22632	-0.45403
1.23354	-0.453187
1.24118	-0.452484
1.24946	-0.450917
1.25765	-0.449849
1.26574	-0.448675
1.27421	-0.447597
1.28206	-0.446438
1.28973	-0.444543
1.29788	-0.441561
1.30608	-0.439327
1.31358	-0.437448
1.32084	-0.434298
1.3278	-0.430825
1.335	-0.427328
1.3419	-0.424244
1.34853	-0.421694
1.35536	-0.41906
1.36309	-0.416774
1.37074	-0.414501
1.37852	-0.41263
1.38627	-0.410671
1.39404	-0.408936
1.40201	-0.407408
1.40996	-0.405939
1.41859	-0.404379
1.42743	-0.40178
1.43586	-0.399352
1.44401	-0.396791
1.45181	-0.394269
1.46012	-0.391461
1.46753	-0.387928
1.47489	-0.384407
1.48193	-0.380592
1.48806	-0.376469
1.4945	-0.372048
1.5011	-0.367433
1.50747	-0.362947
1.51362	-0.358682
1.52009	-0.355031
1.52674	-0.351516
1.53383	-0.34737
1.54102	-0.343341
1.54795	-0.340106
1.55472	-0.3367
1.56114	-0.333887
1.56839	-0.331259
1.57531	-0.328636
1.58262	-0.327027
1.59037	-0.325848
1.59809	-0.325592
1.6056	-0.324929
1.61222	-0.324136
1.6187	-0.323461
1.62545	-0.322726
1.6326	-0.321998
1.63987	-0.32092
1.6476	-0.31958
1.65546	-0.318628
1.66319	-0.317762
1.67159	-0.317155
1.67971	-0.316158
1.68795	-0.314888
1.695	-0.313469
1.7015	-0.311697
1.7087	-0.308516
1.71666	-0.304466
1.72447	-0.300383
1.73229	-0.296448
1.73888	-0.292731
1.74554	-0.288961
1.75224	-0.285152
1.75844	-0.280897
1.76478	-0.276781
1.77142	-0.272463
1.77844	-0.267986
1.78563	-0.263731
1.79148	-0.260061
1.79756	-0.25659
1.8041	-0.252261
1.81055	-0.247198
1.81634	-0.242797
1.82292	-0.238118
1.82937	-0.232559
1.8354	-0.22662
1.84138	-0.220731
1.84734	-0.214713
1.85358	-0.207957
1.85954	-0.201472
1.86563	-0.194696
1.87118	-0.188504
1.87669	-0.182358
1.8826	-0.176425
1.88867	-0.170525
1.89444	-0.164251
1.89971	-0.158535
1.90497	-0.152717
1.91028	-0.147281
1.91475	-0.141404
1.91934	-0.135309
1.92393	-0.129161
1.92872	-0.122751
1.9337	-0.115988
1.93877	-0.109566
1.94364	-0.103549
1.94823	-0.0969218
1.95212	-0.0906939
1.95626	-0.0840637
1.96135	-0.0775704
1.96638	-0.071202
1.9714	-0.0650585
1.97627	-0.0587551
1.98112	-0.0526811
1.98558	-0.0470678
1.99034	-0.041262
1.99506	-0.035366
1.99956	-0.0293703
2.00397	-0.0227975
2.00846	-0.016002
2.01288	-0.00950253
2.01789	-0.00409609
2.02296	0.00141438
2.02816	0.00694347
2.03348	0.0125036
2.03889	0.0182075
2.04407	0.0237592
2.04927	0.0294536
2.05388	0.0348774
2.05866	0.040209
2.06354	0.0456522
2.06845	0.0509616
2.07372	0.0562961
2.07915	0.061906
2.08423	0.0674567
2.08961	0.0730779
2.09507	0.0790571
2.10048	0.0850003
2.10581	0.090953
2.11099	0.0966406
2.11607	0.102482
2.12127	0.10842
2.12623	0.114358
2.13048	0.12046
2.13461	0.12663
2.1386	0.133388
2.1426	0.140166
2.14628	0.147023
2.14983	0.154452
2.1535	0.161894
2.15763	0.168646
2.16195	0.17563
2.16637	0.18258
2.17067	0.189482
2.17535	0.196635
2.18062	0.203825
2.18573	0.210853
2.19069	0.217615
2.19563	0.224096
2.20057	0.230664
2.20551	0.237165
2.21036	0.243565
2.21509	0.249813
2.21977	0.256011
2.22459	0.262155
2.22952	0.268363
2.23437	0.27482
2.23909	0.281287
2.24318	0.287935
2.24734	0.294431
2.25154	0.300972
2.2553	0.306966
2.25862	0.313477
2.26163	0.319821
2.26467	0.326345
2.26752	0.3337
2.2704	0.341084
2.27321	0.348218
2.27573	0.355487
2.2782	0.362695
2.28071	0.369803
2.28321	0.377189
2.28582	0.384436
2.28797	0.39193
2.2906	0.399053
2.29324	0.406246
2.2951	0.414422
2.29682	0.422387
2.29863	0.430204
2.30041	0.438093
2.3024	0.446552
2.30423	0.454229
2.30619	0.461608
2.30808	0.469149
2.31053	0.477211
2.31398	0.485441
2.31739	0.493286
2.32065	0.501674
2.32409	0.509652
2.32752	0.517653
2.33139	0.52554
2.33527	0.533125
2.3391	0.540594
2.34265	0.548706
2.34613	0.556644
2.34922	0.564307
2.35344	0.572438
2.35748	0.578946
2.36145	0.584975
2.36547	0.591025
2.36922	0.598281
2.37282	0.605711
2.37659	0.613137
2.3805	0.620373
2.38467	0.627625
2.38865	0.635297
2.39252	0.643175
2.39629	0.651003
2.39959	0.658892
2.40315	0.667949
2.40659	0.676657
2.40981	0.685175
2.41282	0.693733
2.41563	0.701444
2.41854	0.708361
2.42167	0.714957
2.42548	0.722799
2.42994	0.730086
2.43475	0.737951
2.43943	0.74561
2.44435	0.75297
2.44928	0.759906
2.45372	0.766466
2.45825	0.773104
2.46428	0.77985
2.47023	0.786518
2.47555	0.79321
2.48044	0.799623
2.48514	0.806282
2.49015	0.812349
2.49482	0.818192
2.49938	0.823526
2.50434	0.829447
2.50973	0.835124
2.51543	0.841396
2.52074	0.847379
2.52604	0.853384
2.53149	0.859031
2.53747	0.863632
2.54338	0.867934
2.54915	0.872156
2.555	0.876396
2.56104	0.880519
2.56695	0.884759
2.57318	0.889327
2.57979	0.895081
2.58623	0.901078
2.59288	0.907177
2.59968	0.912677
2.60613	0.918366
2.61249	0.923468
2.61986	0.928393
2.62712	0.933237
2.63393	0.937869
2.64028	0.943507
2.64655	0.94948
2.65365	0.955255
2.66006	0.961153
2.66639	0.966807
2.6727	0.97242
2.67949	0.977746
2.68646	0.983028
2.69322	0.988655
2.69974	0.994317
2.70617	1.00007
2.71268	1.0057
2.71898	1.01078
2.72437	1.01525
2.72985	1.01993
2.73545	1.0251
2.74071	1.03059
2.74571	1.03637
2.75114	1.04247
2.75635	1.04945
2.76065	1.05692
2.76398	1.06446
2.76556	1.07288
2.76629	1.0816
2.76622	1.09053
2.76528	1.09964
2.7635	1.10861
2.76164	1.11765
2.75913	1.12673
2.7562	1.13566
2.75237	1.14435
2.74803	1.15294
2.74397	1.16159
2.7403	1.17012
2.73761	1.17793
2.73511	1.18517
2.73292	1.19242
2.73106	1.19968
2.72944	1.20703
2.72752	1.21434
2.72578	1.22165
2.72441	1.22919
2.72378	1.23663
2.72401	1.24424
2.72454	1.25186
2.72572	1.2598
2.72668	1.26752
2.7282	1.27554
2.72952	1.28335
2.73171	1.29125
2.73444	1.29854
2.73751	1.30549
2.74074	1.31259
2.74382	1.31921
2.74647	1.32629
2.7495	1.33308
2.75305	1.33952
2.75712	1.34569
2.76127	1.35202
2.76559	1.35831
2.77004	1.36462
2.77474	1.37082
2.77881	1.37679
2.78308	1.38281
2.78754	1.38889
2.79217	1.39501
2.7969	1.40109
2.80208	1.40715
2.80756	1.41335
2.81278	1.41953
2.81795	1.42572
2.82248	1.43155
2.82758	1.43757
2.83261	1.44316
2.83775	1.44857
2.84291	1.4543
2.8479	1.45984
2.85296	1.46547
2.85755	1.47063
2.8624	1.4759
2.86703	1.48153
2.87181	1.48717
2.87624	1.49164
2.88115	1.49627
2.88649	1.50091
2.89195	1.50585
2.89766	1.51106
2.90317	1.51594
2.90884	1.52103
2.9142	1.52638
2.91985	1.53257
2.92539	1.53866
2.93052	1.54503
2.9359	1.551
2.94129	1.55654
2.9461	1.56279
2.95122	1.56823
2.95599	1.5732
2.96073	1.57843
2.96555	1.58373
2.97051	1.58922
2.97557	1.59467
2.9806	1.60022
2.98589	1.60584
2.99119	1.61154
2.9965	1.61728
3.00213	1.62295
3.00764	1.62902
3.01304	1.63523
3.01917	1.64137
3.02496	1.64769
3.0301	1.65371
3.03534	1.66048
3.04081	1.6667
3.04635	1.67281
3.05164	1.67902
3.05607	1.68529
3.06133	1.69185
3.06669	1.69831
3.07209	1.70493
3.07835	1.71206
3.08376	1.71863
3.0887	1.72533
3.09365	1.73186
3.09786	1.73779
3.10217	1.74393
3.10661	1.7501
3.11106	1.75643
3.1155	1.7633
3.12015	1.77005
3.12495	1.77706
3.12938	1.78391
3.13391	1.79068
3.1387	1.79751
3.1432	1.80423
3.14783	1.81092
3.15291	1.81716
3.15776	1.82388
3.16274	1.83129
3.16825	1.83852
3.17327	1.84592
3.17824	1.85278
3.1827	1.86056
3.18723	1.8682
3.19189	1.87517
3.19763	1.88238
3.20307	1.88972
3.2086	1.8965
3.21415	1.90318
3.2195	1.91015
3.2248	1.91757
3.22919	1.9244
3.23354	1.9314
3.23854	1.93802
3.24307	1.94413
3.24792	1.95044
3.25361	1.95683
3.25928	1.96321
3.26456	1.96936
3.26992	1.97575
3.27515	1.98231
3.2804	1.98885
3.28593	1.99625
3.29138	2.00347
3.29704	2.01064
3.30273	2.01699
3.30834	2.02371
3.31365	2.03107
3.31891	2.03811
3.324	2.04511
3.3288	2.0521
3.33347	2.05899
3.33888	2.06581
3.34349	2.07235
3.3474	2.07872
3.35102	2.08478
3.35515	2.09089
3.35919	2.09708
3.36313	2.10346
3.36632	2.10984
3.36887	2.11661
3.37176	2.12351
3.37515	2.13092
3.37862	2.13836
3.38185	2.14562
3.38571	2.15307
3.38957	2.16046
3.39338	2.16778
3.39701	2.17545
3.40075	2.18311
3.40554	2.1908
3.41066	2.19798
3.41557	2.20519
3.42024	2.21243
3.425	2.21951
3.42881	2.22737
3.43279	2.23487
3.43732	2.2424
3.4417	2.24973
3.44608	2.25688
3.45035	2.26409
3.45381	2.2716
3.45773	2.27964
3.46107	2.28755
3.46458	2.29515
3.46781	2.3031
3.47144	2.31092
3.47512	2.31878
3.47828	2.3269
3.48142	2.33483
3.48431	2.34278
3.48703	2.35074
3.49004	2.3586
3.49286	2.3664
3.49515	2.37478
3.49732	2.38207
3.49954	2.38948
3.50155	2.39631
3.50349	2.40376
3.50508	2.41075
3.50695	2.41751
3.50896	2.42434
3.51124	2.43143
3.51373	2.43854
3.51646	2.44589
3.51902	2.45307
3.52207	2.46035
3.52492	2.46836
3.52744	2.47658
3.52991	2.48472
3.53225	2.49279
3.53407	2.50104
3.53567	2.50924
3.5374	2.51738
3.53896	2.52488
3.54073	2.53213
3.54264	2.53944
3.54446	2.54668
3.54587	2.55464
3.5474	2.56238
3.54823	2.57052
3.54923	2.5785
3.55065	2.58608
3.55206	2.59371
3.55351	2.60144
3.5552	2.60918
3.55685	2.61671
3.55874	2.62423
3.56118	2.63218
3.56335	2.63995
3.56644	2.64771
3.56945	2.65527
3.57253	2.66303
3.57578	2.67087
3.57861	2.67803
3.58167	2.68518
3.5854	2.69208
3.58865	2.69851
3.59245	2.70499
3.59596	2.71181
3.59967	2.71797
3.60351	2.72445
3.60791	2.73152
3.61151	2.73788
3.61439	2.74365
3.61791	2.74882
3.62179	2.75441
3.62603	2.76024
3.63036	2.76621
3.63476	2.77238
3.63917	2.778
3.64362	2.7838
3.64803	2.7899
3.65246	2.79593
3.6557	2.8015
3.65923	2.80745
3.66281	2.8129
3.66667	2.81861
3.67082	2.82422
3.67513	2.83016
3.6797	2.83596
3.68462	2.84107
3.68933	2.84554
3.69432	2.85069
3.70028	2.85611
3.70508	2.86148
3.71004	2.86724
3.71494	2.87326
3.71899	2.87948
3.7234	2.88608
3.72766	2.89297
3.73202	2.89982
3.7369	2.90746
3.74183	2.91493
3.74701	2.9224
3.7522	2.92963
3.75746	2.93684
3.76311	2.94404
3.76849	2.95083
3.77339	2.95779
3.77776	2.96512
3.78287	2.97142
3.78756	2.97798
3.79273	2.98447
3.79806	2.99107
3.80327	2.99766
3.80867	3.00435
3.81413	3.01169
3.8195	3.01808
3.82477	3.02454
3.83008	3.03075
3.83475	3.03703
3.83942	3.04325
3.84409	3.04955
3.84831	3.05583
3.85289	3.06229
3.85667	3.0686
3.85992	3.07503
3.86317	3.08206
3.86663	3.08992
3.87021	3.0977
3.87389	3.10536
3.8775	3.11304
3.88062	3.11994
3.88345	3.12708
3.88616	3.13491
3.88874	3.14257
3.89191	3.15064
3.89514	3.15855
3.89861	3.16674
3.90163	3.1747
3.90499	3.18267
3.90854	3.19036
3.91173	3.19866
3.91529	3.20732
3.91859	3.2155
3.92212	3.22343
3.92529	3.23107
3.92838	3.23901
3.93133	3.24693
3.93442	3.25492
3.93756	3.26308
3.94074	3.27087
3.94407	3.27855
3.94723	3.2861
3.9507	3.29357
3.9539	3.30119
3.95685	3.30891
3.95952	3.31601
3.96246	3.32324
3.96451	3.33101
3.96663	3.33877
3.9689	3.34646
3.97118	3.35417
3.97348	3.36188
3.97558	3.36947
3.97771	3.37704
3.97969	3.38444
3.98249	3.3915
3.98418	3.39899
3.98597	3.40655
3.98783	3.41402
3.98979	3.4214
3.99165	3.42957
3.99354	3.43776
3.99453	3.44585
3.99571	3.45387
3.99715	3.46194
3.99883	3.46936
4.00105	3.47747
4.00343	3.4862
4.00483	3.49424
4.00655	3.50209
4.00837	3.51001
4.01061	3.51703
4.01306	3.52404
4.01541	3.53086
4.01785	3.5377
4.02031	3.5439
4.02262	3.55023
4.02483	3.55669
4.02701	3.56401
4.02884	3.57118
4.03049	3.57854
4.03199	3.58613
4.03324	3.59389
4.03441	3.60116
4.03548	3.6085
4.03631	3.61546
4.03669	3.62289
4.03631	3.63077
4.03611	3.63871
4.03504	3.646
4.03426	3.65348
4.03368	3.66095
4.03328	3.66852
4.03331	3.67584
4.03323	3.68352
4.03337	3.69144
4.03358	3.69943
4.03348	3.70685
4.03467	3.71515
4.03564	3.72345
4.03655	3.73147
4.03724	3.74004
4.03794	3.74897
4.03843	3.75774
4.03838	3.76652
4.03848	3.77509
4.03855	3.78359
4.03784	3.79162
4.03667	3.7996
4.03578	3.80767
4.03495	3.8154
4.03402	3.82307
4.03272	3.83104
4.03174	3.83892
4.03109	3.84711
4.03048	3.85504
4.03011	3.86294
4.031	3.87086
4.03121	3.8791
4.03154	3.88707
4.0323	3.89517
4.03296	3.90324
4.03388	3.91138
4.03472	3.91977
4.03523	3.92774
4.03572	3.93612
4.03625	3.94438
4.03664	3.95273
4.03682	3.96121
4.03695	3.96955
4.03646	3.97762
4.03581	3.98563
4.03532	3.99367
4.03531	4.00159
4.03534	4.00947
4.03518	4.01737
4.0347	4.0254
4.03409	4.03381
4.03341	4.04214
4.03216	4.05053
4.03097	4.05934
4.0299	4.06811
4.02912	4.07664
4.02825	4.08542
4.0274	4.0943
4.02622	4.10289
4.02518	4.11139
4.02418	4.11973
4.02283	4.12807
4.02131	4.13618
4.0196	4.14446
4.01774	4.15268
4.01501	4.16063
4.01235	4.16855
4.01018	4.17648
4.00772	4.18403
4.00518	4.19123
4.00242	4.19812
4.00035	4.20526
3.99812	4.21229
3.99552	4.21939
3.99248	4.22663
3.98964	4.23378
3.98606	4.24116
3.98217	4.24868
3.97846	4.25641
3.97466	4.26429
3.97167	4.27251
3.96829	4.28072
3.9646	4.28858
3.96037	4.29631
3.95619	4.3036
3.95205	4.31055
3.94744	4.31672
3.94298	4.32353
3.93812	4.3302
3.93359	4.33658
3.92868	4.34274
3.92357	4.34886
3.91843	4.35487
3.91336	4.36017
3.90809	4.36533
3.90219	4.36999
3.89598	4.37473
3.88987	4.37987
3.88376	4.38506
3.87748	4.39019
3.8711	4.39542
3.86429	4.40129
3.85753	4.40645
3.85142	4.41228
3.84567	4.41786
3.83942	4.42348
3.83232	4.42895
3.82546	4.43389
3.81919	4.4388
3.81303	4.44365
3.80708	4.44837
3.80098	4.45306
3.79427	4.45697
3.78749	4.46155
3.78062	4.46621
3.77379	4.47051
3.76699	4.4752
3.76042	4.4797
3.7541	4.48481
3.74782	4.48983
3.74166	4.49449
3.73547	4.49879
3.72895	4.50323
3.72325	4.50745
3.71726	4.51186
3.71063	4.51752
3.70377	4.52289
3.69697	4.52795
3.6901	4.53299
3.68317	4.53782
3.67587	4.54199
3.66778	4.54595
3.6597	4.54915
3.65181	4.5527
3.64398	4.55658
3.63694	4.5617
3.62994	4.56662
3.62299	4.57181
3.61566	4.57664
3.6086	4.58084
3.60121	4.58538
3.59366	4.59023
3.58561	4.59553
3.57776	4.60056
3.57014	4.60523
3.56251	4.60927
3.55492	4.61339
3.5476	4.61753
3.53999	4.62156
3.53242	4.62589
3.52481	4.63099
3.51828	4.63557
3.51206	4.641
3.50604	4.64593
3.49957	4.65017
3.4935	4.65404
3.48709	4.65852
3.48043	4.66337
3.47358	4.66772
3.46657	4.67188
3.45987	4.67568
3.45297	4.6799
3.44683	4.68398
3.44077	4.68843
3.4351	4.6925
3.42952	4.69666
3.42361	4.70069
3.41747	4.70469
3.41115	4.70888
3.4048	4.71319
3.39819	4.71753
3.39208	4.72144
3.38574	4.72612
3.37861	4.73037
3.37122	4.73455
3.36458	4.73836
3.35752	4.74139
3.35007	4.74461
3.34252	4.74765
3.33514	4.75071
3.328	4.75395
3.32068	4.75801
3.31351	4.7615
3.30688	4.76481
3.30054	4.76765
3.29419	4.76971
3.28756	4.77261
3.28127	4.77596
3.27479	4.7793
3.26827	4.78339
3.26162	4.78733
3.25509	4.79125
3.24846	4.79498
3.24171	4.79799
3.23453	4.80172
3.22698	4.80575
3.21922	4.80977
3.21156	4.81373
3.20389	4.8181
3.19671	4.8221
3.18961	4.82622
3.18243	4.83055
3.17542	4.83494
3.16852	4.83949
3.16101	4.84408
3.15402	4.84849
3.14647	4.85246
3.13886	4.85639
3.1315	4.86064
3.1245	4.86529
3.11805	4.86986
3.11163	4.87451
3.10524	4.8798
3.10006	4.88527
3.09485	4.89114
3.08969	4.89768
3.08492	4.90387
3.08081	4.91026
3.07641	4.91738
3.0714	4.92474
3.06641	4.932
3.06134	4.93943
3.05676	4.94656
3.05191	4.95384
3.04704	4.96117
3.04197	4.96804
3.03682	4.97438
3.03154	4.98047
3.0263	4.98612
3.02076	4.99156
3.01503	4.99649
3.00879	5.00045
3.00219	5.00393
2.99489	5.008
2.98721	5.01171
2.97964	5.0151
2.97221	5.01821
2.96486	5.02125
2.95776	5.02479
2.94993	5.02757
2.94186	5.03006
2.93375	5.03189
2.92616	5.03369
2.91845	5.03555
2.91021	5.03734
2.90214	5.03878
2.89422	5.04087
2.88619	5.04288
2.87849	5.04476
2.87035	5.04628
2.86219	5.04828
2.85429	5.0503
2.8467	5.05233
2.8392	5.0544
2.83169	5.05613
2.82442	5.05824
2.81686	5.06025
2.80884	5.06211
2.80069	5.0638
2.79295	5.06508
2.78543	5.06631
2.77781	5.06737
2.77002	5.06938
2.7622	5.07109
2.75403	5.07239
2.74591	5.07388
2.73777	5.07509
2.72955	5.0763
2.72112	5.07783
2.71237	5.07915
2.70376	5.08027
2.69512	5.08108
2.6867	5.0814
2.67865	5.08113
2.67162	5.07966
2.66434	5.07845
2.65691	5.07749
2.64944	5.07676
2.64178	5.0763
2.63458	5.0765
2.62726	5.0765
2.61965	5.07676
2.61195	5.07682
2.60418	5.07691
2.59624	5.07711
2.58865	5.07689
2.58093	5.07693
2.57312	5.07636
2.56545	5.07642
2.55794	5.07681
2.55024	5.07712
2.54245	5.07737
2.53498	5.07827
2.52753	5.07965
2.52024	5.08083
2.51252	5.08192
2.50475	5.08317
2.49691	5.08408
2.48903	5.08485
2.48103	5.085
2.47322	5.08522
2.46539	5.08549
2.4572	5.0853
2.44929	5.08537
2.44176	5.08529
2.43414	5.08506
2.42646	5.08485
2.41883	5.08463
2.41131	5.08409
2.40343	5.08337
2.39531	5.08203
2.38709	5.08017
2.37908	5.07854
2.37101	5.07696
2.36307	5.07574
2.35581	5.07529
2.34844	5.07472
2.34134	5.07438
2.33372	5.07377
2.3257	5.07317
2.31774	5.07344
2.31052	5.0737
2.30381	5.07353
2.29656	5.0735
2.2886	5.07307
2.28042	5.07266
2.27203	5.07198
2.2638	5.07105
2.25618	5.06968
2.24912	5.06817
2.24185	5.0663
2.23459	5.06424
2.22709	5.06218
2.21969	5.0601
2.21215	5.05804
2.20447	5.05562
2.19669	5.05294
2.189	5.05052
2.18123	5.04796
2.17393	5.04548
2.16655	5.04328
2.15907	5.04111
2.15142	5.03933
2.14382	5.03784
2.13618	5.03623
2.12908	5.03409
2.12122	5.03199
2.11367	5.02987
2.10646	5.02726
2.0998	5.02501
2.09306	5.02285
2.08621	5.02032
2.07936	5.01778
2.07172	5.01553
2.0631	5.01249
2.05433	5.00953
2.04527	5.00706
2.037	5.00445
2.02887	5.00186
2.02106	4.99938
2.01341	4.99708
2.00569	4.99504
1.99812	4.99238
1.99079	4.98983
1.98403	4.98767
1.97718	4.98528
1.97066	4.983
1.96366	4.98129
1.95584	4.97934
1.94837	4.97721
1.94053	4.97501
1.93246	4.97249
1.92462	4.96997
1.91683	4.96734
1.90917	4.96474
1.90132	4.9622
1.89362	4.95942
1.887	4.95585
1.88026	4.9523
1.87296	4.94829
1.86592	4.94429
1.85885	4.94037
1.85137	4.93681
1.84403	4.93267
1.83662	4.92909
1.82932	4.92522
1.82168	4.92099
1.81419	4.91688
1.80674	4.913
1.79976	4.90953
1.79227	4.90594
1.78433	4.9023
1.77695	4.89838
1.76976	4.89428
1.76327	4.89029
1.75696	4.88647
1.75067	4.88233
1.74497	4.87781
1.7384	4.87317
1.732	4.86882
1.72598	4.86428
1.71904	4.85964
1.71222	4.855
1.70525	4.85042
1.69816	4.84574
1.69201	4.84111
1.68663	4.83624
1.68122	4.83128
1.6752	4.82579
1.66913	4.82037
1.66305	4.81501
1.65714	4.80963
1.65123	4.80432
1.64541	4.79899
1.63956	4.79369
1.63357	4.78841
1.62763	4.78339
1.62192	4.77828
1.61618	4.77311
1.60999	4.76812
1.60385	4.76309
1.59804	4.75795
1.59203	4.75241
1.58621	4.74659
1.58034	4.74081
1.57398	4.73459
1.56772	4.7285
1.56126	4.72277
1.55585	4.71665
1.55101	4.71043
1.54618	4.70435
1.54139	4.69838
1.53616	4.69307
1.53123	4.6879
1.52612	4.68271
1.52004	4.67734
1.51414	4.67236
1.50853	4.66705
1.50269	4.66161
1.49662	4.65651
1.4908	4.65089
1.48445	4.64563
1.47829	4.64053
1.47248	4.63483
1.46675	4.62876
1.4611	4.62389
1.45619	4.61834
1.45123	4.61268
1.44665	4.60694
1.44222	4.60123
1.43766	4.59544
1.43314	4.5897
1.42849	4.58412
1.4238	4.57864
1.41967	4.57307
1.41554	4.56656
1.41074	4.55919
1.40606	4.55189
1.40204	4.54428
1.39791	4.53686
1.39364	4.53036
1.38923	4.52358
1.38405	4.51707
1.37903	4.51046
1.37416	4.50362
1.3696	4.4972
1.36478	4.49057
1.36017	4.48393
1.35588	4.47708
1.35144	4.47031
1.34744	4.4636
1.34319	4.45679
1.33858	4.45011
1.3343	4.44274
1.33009	4.43574
1.32587	4.42903
1.32143	4.42224
1.31729	4.41573
1.31295	4.40935
1.30821	4.40289
1.30343	4.39648
1.2985	4.3906
1.29381	4.38469
1.28899	4.37879
1.28353	4.37326
1.2778	4.36715
1.27207	4.36176
1.26658	4.35624
1.26137	4.35059
1.25573	4.34414
1.24997	4.3381
1.24436	4.33193
1.23882	4.32526
1.23343	4.31865
1.22758	4.31203
1.22176	4.305
1.2161	4.29817
1.20995	4.29106
1.20364	4.28405
1.19701	4.27624
1.19097	4.26873
1.18534	4.26111
1.18016	4.25404
1.17484	4.24746
1.1688	4.241
1.16283	4.23472
1.15714	4.22861
1.15149	4.22282
1.14632	4.21668
1.14105	4.21051
1.13522	4.20445
1.12859	4.19842
1.12123	4.19292
1.11443	4.18766
1.10938	4.1815
1.10423	4.17552
1.09884	4.17031
1.09313	4.16509
1.08739	4.15982
1.08207	4.15514
1.07679	4.15094
1.07123	4.1468
1.06561	4.14235
1.05941	4.13754
1.05334	4.13237
1.04718	4.12726
1.041	4.12218
1.03491	4.11685
1.02872	4.11161
1.02241	4.10637
1.01618	4.10138
1.01002	4.09602
1.0031	4.09015
0.997002	4.08408
0.991116	4.07803
0.985799	4.07198
0.980394	4.066
0.975337	4.06018
0.970237	4.05455
0.964985	4.04924
0.959666	4.04381
0.954523	4.03884
0.948684	4.03395
0.942381	4.02924
0.936157	4.02413
0.931237	4.01932
0.92614	4.01428
0.920116	4.00936
0.91376	4.00457
0.907685	3.99928
0.901288	3.99382
0.894566	3.98909
0.88808	3.98451
0.881646	3.97956
0.875468	3.97386
0.869369	3.96821
0.863161	3.9621
0.857108	3.95595
0.85132	3.94986
0.846263	3.94367
0.841594	3.93761
0.836751	3.93161
0.832615	3.92584
0.828384	3.91994
0.824143	3.91383
0.819098	3.90764
0.814294	3.90131
0.809745	3.8949
0.805151	3.88801
0.801205	3.88134
0.797094	3.87477
0.792852	3.86813
0.788041	3.86114
0.783133	3.85396
0.778243	3.84682
0.773236	3.83991
0.768435	3.833
0.764082	3.82604
0.759614	3.8193
0.755091	3.81235
0.750666	3.80534
0.746223	3.79852
0.741482	3.79176
0.737101	3.78495
0.732941	3.77804
0.729462	3.77087
0.726002	3.76353
0.722437	3.75627
0.718485	3.74881
0.714981	3.74122
0.710974	3.73329
0.707201	3.72526
0.703005	3.71712
0.698377	3.70891
0.693894	3.70092
0.689283	3.69309
0.684801	3.68526
0.680825	3.67759
0.67718	3.66997
0.673643	3.66225
0.670025	3.65473
0.6661	3.64711
0.661996	3.6397
0.657581	3.63242
0.654456	3.62565
0.651547	3.61924
0.648069	3.61325
0.644661	3.60716
0.641718	3.60069
0.638129	3.59431
0.634317	3.58808
0.630147	3.582
0.626359	3.57609
0.622319	3.57015
0.618006	3.56402
0.613508	3.55793
0.609194	3.55174
0.605001	3.54496
0.600821	3.53857
0.597327	3.53209
0.592614	3.52521
0.587966	3.51899
0.582856	3.51291
0.577787	3.50666
0.571981	3.50039
0.565596	3.49431
0.559304	3.4883
0.553176	3.48237
0.546602	3.47642
0.540225	3.47079
0.533941	3.4652
0.52767	3.45966
0.521885	3.45414
0.51626	3.44883
0.510732	3.44362
0.504808	3.4386
0.49863	3.43385
0.492562	3.42909
0.486228	3.42398
0.481285	3.41878
0.476551	3.41345
0.471796	3.40802
0.46676	3.40251
0.461999	3.39658
0.457099	3.3905
0.451793	3.38449
0.446338	3.37853
0.441048	3.3735
0.435691	3.36838
0.430095	3.36336
0.424381	3.35838
0.418622	3.35334
0.413237	3.34748
0.407338	3.34186
0.401514	3.33624
0.395722	3.33089
0.390349	3.32532
0.385031	3.31959
0.37981	3.31386
0.374482	3.30816
0.36972	3.30249
0.36454	3.29655
0.359356	3.29147
0.353922	3.28608
0.348327	3.28086
0.342469	3.27497
0.336563	3.26877
0.330637	3.26296
0.325333	3.25704
0.319469	3.25177
0.313448	3.24744
0.307488	3.24295
0.301776	3.2388
0.296037	3.23373
0.290841	3.22852
0.284828	3.22258
0.278668	3.21678
0.272621	3.21103
0.266345	3.20515
0.260168	3.19955
0.253744	3.19423
0.247803	3.1887
