-0.0291403	0.0292464
-0.0535149	0.0537379
-0.073992	0.0746209
-0.0914348	0.0922601
-0.106352	0.106933
-0.11944	0.119808
-0.130823	0.131381
-0.141297	0.141632
-0.150888	0.151141
-0.15997	0.159861
-0.168052	0.168721
-0.175385	0.177274
-0.182321	0.185523
-0.188121	0.192639
-0.193787	0.199288
-0.199095	0.205525
-0.204203	0.211366
-0.209163	0.21699
-0.212981	0.222875
-0.216569	0.228394
-0.219734	0.232823
-0.224032	0.237366
-0.228149	0.241685
-0.231946	0.245775
-0.235577	0.250033
-0.238185	0.254075
-0.240523	0.258057
-0.243532	0.261599
-0.24643	0.265
-0.249113	0.267766
-0.251718	0.270527
-0.254177	0.272827
-0.256944	0.274724
-0.259764	0.27734
-0.262085	0.279702
-0.264365	0.281795
-0.266629	0.283865
-0.269666	0.286002
-0.272394	0.287847
-0.275059	0.289929
-0.27757	0.292352
-0.280047	0.294926
-0.282415	0.297981
-0.284187	0.301436
-0.285664	0.30469
-0.287309	0.30766
-0.288371	0.310643
-0.28951	0.313845
-0.291001	0.318164
-0.29266	0.322462
-0.294406	0.327321
-0.296269	0.332017
-0.297968	0.336751
-0.298858	0.341796
-0.300107	0.3464
-0.301578	0.351454
-0.303189	0.356838
-0.304727	0.362051
-0.305928	0.367389
-0.307093	0.372985
-0.308136	0.378717
-0.309224	0.384594
-0.310538	0.390295
-0.311754	0.39609
-0.313263	0.401912
-0.315431	0.407482
-0.317728	0.413256
-0.320479	0.419094
-0.323137	0.424805
-0.325184	0.430385
-0.327235	0.435941
-0.329726	0.441805
-0.332557	0.447791
-0.335089	0.454074
-0.337572	0.460433
-0.340263	0.466338
-0.342797	0.47184
-0.345275	0.477454
-0.347747	0.483897
-0.350131	0.490574
-0.352997	0.496489
-0.355766	0.502078
-0.35833	0.507556
-0.360631	0.513607
-0.363506	0.520192
-0.366148	0.526408
-0.36868	0.532658
-0.371214	0.539274
-0.373709	0.546059
-0.376809	0.553272
-0.37981	0.560474
-0.382568	0.567026
-0.385286	0.573701
-0.388529	0.580471
-0.391862	0.586916
-0.395528	0.593554
-0.399023	0.600278
-0.402507	0.606407
-0.405609	0.612496
-0.408591	0.619045
-0.411366	0.625877
-0.413283	0.633003
-0.414907	0.640269
-0.417006	0.647856
-0.418959	0.655534
-0.421059	0.663805
-0.422807	0.671684
-0.424529	0.679628
-0.427007	0.688637
-0.43008	0.697904
-0.432902	0.706189
-0.436075	0.713871
-0.43894	0.721435
-0.44204	0.728091
-0.444787	0.734783
-0.447117	0.741348
-0.449316	0.748177
-0.450799	0.755773
-0.453136	0.76371
-0.454887	0.771742
-0.456728	0.779654
-0.458636	0.787758
-0.460256	0.795237
-0.462139	0.80257
-0.463463	0.810015
-0.46499	0.817825
-0.466313	0.825143
-0.467728	0.832622
-0.469048	0.840331
-0.470682	0.847386
-0.473004	0.854667
-0.475412	0.862052
-0.477387	0.869495
-0.479253	0.877543
-0.480979	0.884936
-0.482456	0.892278
-0.48392	0.899835
-0.485234	0.907671
-0.48651	0.915425
-0.487892	0.923199
-0.490039	0.931189
-0.492446	0.939836
-0.494548	0.948059
-0.496626	0.956191
-0.498296	0.963688
-0.499906	0.971279
-0.500835	0.978792
-0.501763	0.98625
-0.502878	0.99373
-0.504163	1.00127
-0.505923	1.00868
-0.509076	1.01629
-0.512079	1.02406
-0.514885	1.03194
-0.517858	1.03977
-0.520671	1.04748
-0.523159	1.05492
-0.524699	1.0639
-0.5271	1.07289
-0.53004	1.08134
-0.533002	1.0895
-0.536046	1.09739
-0.539314	1.1051
-0.542942	1.1128
-0.546109	1.12009
-0.549563	1.12718
-0.553266	1.13437
-0.557006	1.1415
-0.560948	1.1499
-0.564423	1.15767
-0.567657	1.16483
-0.571215	1.17186
-0.574735	1.17871
-0.578557	1.18523
-0.582314	1.19172
-0.586384	1.19779
-0.590379	1.20431
-0.594537	1.21065
-0.598514	1.21592
-0.602707	1.22189
-0.60677	1.22779
-0.611619	1.23341
-0.617328	1.23893
-0.623025	1.24443
-0.628384	1.24995
-0.633708	1.25573
-0.638917	1.2623
-0.644223	1.26877
-0.649743	1.27457
-0.655317	1.28035
-0.661313	1.28645
-0.667541	1.2924
-0.673691	1.29801
-0.679837	1.30342
-0.685893	1.30846
-0.69192	1.31246
-0.698057	1.31665
-0.704781	1.32117
-0.711226	1.3256
-0.717863	1.33019
-0.724472	1.33474
-0.731762	1.33861
-0.738842	1.34231
-0.745742	1.34586
-0.753117	1.34954
-0.760427	1.35376
-0.768276	1.35904
-0.774805	1.36477
-0.781556	1.37025
-0.788184	1.37561
-0.794019	1.38084
-0.800409	1.38604
-0.806884	1.39109
-0.813112	1.39606
-0.819373	1.40121
-0.825607	1.40615
-0.831688	1.41126
-0.837412	1.41602
-0.84242	1.42083
-0.847587	1.42587
-0.853083	1.4313
-0.859156	1.43589
-0.865155	1.44009
-0.871787	1.4449
-0.87845	1.45031
-0.884767	1.45558
-0.89163	1.46122
-0.898077	1.46652
-0.903744	1.47183
-0.908787	1.47723
-0.913659	1.48261
-0.919423	1.48831
-0.925245	1.49313
-0.931016	1.49801
-0.936823	1.50298
-0.943317	1.50866
-0.949813	1.51434
-0.956508	1.51914
-0.963021	1.52409
-0.969857	1.52927
-0.977017	1.53505
-0.9837	1.54108
-0.99024	1.54732
-0.996011	1.55315
-1.00181	1.5593
-1.00766	1.56525
-1.01354	1.57107
-1.01927	1.57684
-1.02497	1.58253
-1.03057	1.58815
-1.0362	1.59364
-1.04191	1.59908
-1.04783	1.60414
-1.05412	1.60944
-1.06046	1.61467
-1.06693	1.62091
-1.07332	1.62717
-1.07903	1.63316
-1.08444	1.63927
-1.09066	1.64532
-1.09735	1.6523
-1.10406	1.65903
-1.11069	1.66538
-1.11717	1.67163
-1.1231	1.67722
-1.12887	1.68275
-1.13512	1.6882
-1.14126	1.69331
-1.14758	1.69796
-1.15412	1.70237
-1.16107	1.7063
-1.16875	1.7103
-1.17632	1.71478
-1.18331	1.71925
-1.19003	1.72369
-1.19698	1.72819
-1.20412	1.73313
-1.21088	1.73786
-1.21748	1.74266
-1.22418	1.74771
-1.23123	1.75305
-1.23827	1.75856
-1.24387	1.76318
-1.24962	1.76793
-1.25522	1.77261
-1.26117	1.77645
-1.26706	1.77991
-1.27284	1.78333
-1.27835	1.78741
-1.28355	1.79209
-1.28897	1.79598
-1.29454	1.80004
-1.30029	1.80426
-1.30608	1.80867
-1.31193	1.81318
-1.31777	1.81783
-1.3236	1.82263
-1.32927	1.82739
-1.33572	1.83211
-1.34209	1.83691
-1.34777	1.842
-1.35346	1.84757
-1.35906	1.85371
-1.36483	1.86019
-1.37057	1.8661
-1.37614	1.87157
-1.38221	1.87691
-1.38833	1.88243
-1.39475	1.88851
-1.40166	1.89482
-1.40845	1.90098
-1.41458	1.90666
-1.42102	1.91182
-1.4273	1.91733
-1.43331	1.92291
-1.43929	1.9286
-1.44517	1.93417
-1.45142	1.93979
-1.45795	1.94605
-1.46496	1.95137
-1.47174	1.95672
-1.47782	1.96231
-1.48403	1.968
-1.4904	1.97357
-1.49684	1.97886
-1.5033	1.98384
-1.50979	1.98909
-1.51644	1.99412
-1.52271	1.9993
-1.52944	2.00392
-1.53591	2.00916
-1.54166	2.01413
-1.54711	2.01904
-1.55348	2.02426
-1.55946	2.0296
-1.56515	2.03479
-1.57075	2.04049
-1.57635	2.04593
-1.58229	2.05129
-1.5888	2.05733
-1.59446	2.06342
-1.59996	2.06978
-1.60544	2.07577
-1.61077	2.08169
-1.61599	2.08774
-1.62103	2.09343
-1.62572	2.09953
-1.62961	2.10564
-1.63388	2.11239
-1.63819	2.11824
-1.64251	2.12393
-1.64723	2.12944
-1.65248	2.13496
-1.65837	2.14059
-1.6639	2.14609
-1.66926	2.15172
-1.67504	2.15706
-1.68107	2.16226
-1.68713	2.16726
-1.69328	2.17219
-1.69966	2.17689
-1.70611	2.18163
-1.71263	2.18628
-1.71892	2.19094
-1.7258	2.19548
-1.73266	2.20009
-1.73944	2.20469
-1.7459	2.20901
-1.75242	2.21307
-1.75931	2.21719
-1.76615	2.22141
-1.7722	2.22654
-1.77778	2.23143
-1.78394	2.23653
-1.79107	2.24115
-1.79741	2.2459
-1.80348	2.25056
-1.81008	2.25516
-1.81652	2.25963
-1.82236	2.26433
-1.82809	2.26919
-1.83395	2.27425
-1.84012	2.27934
-1.84616	2.28461
-1.85216	2.28996
-1.85777	2.29513
-1.86416	2.29985
-1.87073	2.30456
-1.87675	2.30987
-1.88314	2.31584
-1.88947	2.32167
-1.89543	2.32764
-1.90187	2.33415
-1.90838	2.34132
-1.9143	2.34814
-1.92	2.35481
-1.92573	2.3612
-1.93024	2.36806
-1.93477	2.37472
-1.9394	2.38099
-1.94419	2.38713
-1.94935	2.39333
-1.95482	2.39951
-1.96023	2.40543
-1.96595	2.41157
-1.97185	2.41658
-1.97904	2.42239
-1.98595	2.42888
-1.99332	2.43576
-2.00102	2.4433
-2.00807	2.45029
-2.01569	2.45728
-2.02328	2.4639
-2.03092	2.47051
-2.03815	2.47676
-2.04479	2.483
-2.05143	2.48933
-2.05793	2.49508
-2.06391	2.50063
-2.06975	2.50608
-2.07541	2.51132
-2.08032	2.51682
-2.08507	2.52256
-2.08917	2.5278
-2.09371	2.53397
-2.09875	2.54058
-2.10325	2.54621
-2.10749	2.55177
-2.11159	2.55735
-2.11598	2.56346
-2.12073	2.5696
-2.12525	2.57564
-2.12957	2.58175
-2.13401	2.58822
-2.13827	2.59473
-2.14275	2.60061
-2.1469	2.60649
-2.15133	2.61248
-2.15574	2.61834
-2.16043	2.62444
-2.16507	2.63053
-2.16958	2.63656
-2.17473	2.6428
-2.1789	2.64831
-2.18302	2.65401
-2.18644	2.66014
-2.18997	2.66596
-2.19329	2.6725
-2.19686	2.67852
-2.20102	2.68529
-2.20547	2.69195
-2.20992	2.69852
-2.21466	2.70486
-2.21912	2.71101
-2.22365	2.71705
-2.22793	2.72295
-2.2319	2.72847
-2.23652	2.73432
-2.24117	2.73959
-2.24602	2.74554
-2.25047	2.75078
-2.255	2.75579
-2.26022	2.76105
-2.26535	2.76651
-2.27046	2.77205
-2.27592	2.7775
-2.28166	2.78321
-2.28733	2.78929
-2.29279	2.79565
-2.29848	2.80241
-2.30424	2.80897
-2.30986	2.81536
-2.31549	2.82174
-2.32139	2.82857
-2.32658	2.83478
-2.33242	2.84147
-2.33825	2.8479
-2.34399	2.85444
-2.35093	2.86048
-2.35783	2.86621
-2.36465	2.87181
-2.37136	2.87731
-2.37851	2.88282
-2.38595	2.88918
-2.39213	2.89424
-2.3983	2.89898
-2.40375	2.90347
-2.40935	2.90774
-2.41597	2.91247
-2.42262	2.91726
-2.42945	2.92227
-2.43661	2.92677
-2.44361	2.93131
-2.4503	2.93608
-2.4569	2.94099
-2.46331	2.94616
-2.46968	2.95126
-2.47613	2.95618
-2.48244	2.96123
-2.48871	2.96575
-2.49586	2.97048
-2.503	2.97491
-2.50967	2.9782
-2.51687	2.98234
-2.52339	2.9866
-2.52974	2.99093
-2.53619	2.99579
-2.54257	3.00078
-2.549	3.00592
-2.555	3.01081
-2.56112	3.01605
-2.56707	3.02135
-2.57312	3.02668
-2.57945	3.03199
-2.5862	3.03795
-2.59292	3.04385
-2.59934	3.05012
-2.60524	3.05614
-2.61072	3.06187
-2.61622	3.06747
-2.62177	3.07286
-2.62736	3.07792
-2.6326	3.08255
-2.63819	3.08727
-2.64347	3.09178
-2.64894	3.09605
-2.65513	3.10062
-2.6618	3.10517
-2.66849	3.11006
-2.6746	3.11504
-2.68078	3.12011
-2.68697	3.12538
-2.69316	3.13075
-2.69912	3.13602
-2.70552	3.14133
-2.71189	3.14681
-2.71811	3.15235
-2.72352	3.1578
-2.7277	3.16418
-2.73282	3.17002
-2.73797	3.17616
-2.74309	3.18199
-2.74763	3.18833
-2.75255	3.19477
-2.75747	3.20108
-2.76265	3.20668
-2.76771	3.21251
-2.77261	3.21869
-2.77689	3.22525
-2.78138	3.23226
