###  Units are X_hat = 1.73cm.
0	0
-0.0293323	0.0289012
-0.053868	0.0530823
-0.0748749	0.0740126
-0.0927077	0.0918159
-0.108057	0.107192
-0.122042	0.121453
-0.134383	0.134065
-0.145763	0.144732
-0.156115	0.155263
-0.165496	0.165044
-0.173974	0.174556
-0.182564	0.184274
-0.190534	0.193283
-0.198026	0.201743
-0.205131	0.20972
-0.211907	0.21732
-0.217799	0.224429
-0.223513	0.231331
-0.229138	0.237959
-0.234323	0.244785
-0.239575	0.251499
-0.244249	0.257821
-0.248633	0.264548
-0.252592	0.270998
-0.256631	0.276873
-0.261913	0.283642
-0.267156	0.289818
-0.272594	0.29582
-0.277995	0.30237
-0.283816	0.30928
-0.288373	0.315768
-0.292887	0.322347
-0.296983	0.329172
-0.300903	0.335984
-0.304801	0.343365
-0.308206	0.350486
-0.31138	0.357427
-0.314543	0.364584
-0.317502	0.371649
-0.320388	0.378748
-0.32291	0.385875
-0.32525	0.392762
-0.32747	0.400238
-0.329621	0.407614
-0.331865	0.415261
-0.334079	0.42303
-0.336224	0.431143
-0.338089	0.439137
-0.339345	0.447443
-0.340595	0.455866
-0.342901	0.463677
-0.345679	0.471604
-0.348717	0.479781
-0.351667	0.487919
-0.354444	0.495912
-0.356392	0.503458
-0.358321	0.510837
-0.360263	0.518301
-0.362187	0.526328
-0.364657	0.534736
-0.36707	0.542376
-0.370108	0.549675
-0.37291	0.557149
-0.37526	0.56531
-0.377913	0.573271
-0.380529	0.581181
-0.382951	0.589093
-0.385345	0.596942
-0.388518	0.605572
-0.391909	0.614042
-0.39561	0.622565
-0.399242	0.630813
-0.402814	0.638678
-0.406325	0.645906
-0.410233	0.653094
-0.414018	0.660075
-0.41745	0.666603
-0.420555	0.672756
-0.423586	0.678964
-0.426567	0.685148
-0.428904	0.691503
-0.431853	0.697997
-0.434664	0.70437
-0.437458	0.710771
-0.44039	0.717526
-0.443339	0.724397
-0.445778	0.731376
-0.448195	0.738257
-0.450782	0.74555
-0.453365	0.752832
-0.455712	0.760794
-0.458158	0.768078
-0.459917	0.775803
-0.460391	0.783794
-0.460646	0.792069
-0.46062	0.800355
-0.460716	0.808934
-0.46079	0.817077
-0.461294	0.824914
-0.461728	0.833464
-0.462611	0.841612
-0.463458	0.849659
-0.464264	0.858232
-0.465161	0.866825
-0.466266	0.875857
-0.467919	0.884724
-0.469631	0.893289
-0.47123	0.90188
-0.473511	0.910146
-0.47574	0.918856
-0.477946	0.927304
-0.480176	0.935771
-0.482342	0.944004
-0.48448	0.952109
-0.486344	0.960474
-0.488177	0.968767
-0.489636	0.977007
-0.490588	0.985307
-0.491557	0.993873
-0.492883	1.00191
-0.495031	1.00986
-0.49739	1.01795
-0.499677	1.02663
-0.501536	1.03533
-0.50359	1.04415
-0.505552	1.0527
-0.507285	1.06095
-0.508919	1.06912
-0.51069	1.0775
-0.5124	1.08578
-0.514447	1.09361
-0.516739	1.10187
-0.519	1.10999
-0.521327	1.11778
-0.523398	1.1253
-0.525429	1.13156
-0.528447	1.13788
-0.531552	1.14432
-0.534723	1.15093
-0.537861	1.15717
-0.541288	1.16314
-0.545463	1.1688
-0.549788	1.17458
-0.555149	1.18056
-0.561069	1.1864
-0.567204	1.19211
-0.573411	1.19779
-0.579455	1.20313
-0.585045	1.20906
-0.590116	1.21499
-0.59518	1.22161
-0.601044	1.22786
-0.606306	1.23405
-0.611986	1.24066
-0.617609	1.24671
-0.62317	1.25257
-0.629192	1.25946
-0.635137	1.26667
-0.64124	1.27393
-0.647113	1.28095
-0.65334	1.28751
-0.6594	1.29411
-0.666366	1.30107
-0.673329	1.30778
-0.679994	1.31339
-0.687247	1.3187
-0.694254	1.32417
-0.701557	1.32919
-0.70944	1.33383
-0.717255	1.339
-0.72422	1.34463
-0.731304	1.35007
-0.737611	1.3542
-0.744082	1.35839
-0.750555	1.3626
-0.757736	1.36732
-0.765119	1.37226
-0.772584	1.37759
-0.779972	1.38291
-0.786871	1.38753
-0.793667	1.39204
-0.799646	1.39576
-0.805749	1.39966
-0.812082	1.40369
-0.818838	1.40742
-0.825528	1.41131
-0.831803	1.41527
-0.838042	1.41954
-0.844225	1.42428
-0.851104	1.42908
-0.858078	1.43485
-0.864858	1.4405
-0.871447	1.44602
-0.877962	1.45144
-0.884813	1.45692
-0.891565	1.46228
-0.897982	1.46746
-0.903631	1.4727
-0.909294	1.47791
-0.914606	1.48364
-0.91902	1.48912
-0.923754	1.49348
-0.928696	1.49813
-0.933491	1.50293
-0.93827	1.5081
-0.943111	1.51352
-0.947648	1.51866
-0.952477	1.52379
-0.957406	1.529
-0.963008	1.53397
-0.968323	1.53829
-0.973837	1.54272
-0.978815	1.54686
-0.984054	1.55121
-0.989846	1.55698
-0.996198	1.56279
-1.00255	1.56855
-1.00885	1.57452
-1.01542	1.58062
-1.02214	1.5865
-1.02895	1.59295
-1.03583	1.59844
-1.04319	1.6038
-1.05054	1.609
-1.05759	1.61416
-1.06494	1.61997
-1.07179	1.62592
-1.07791	1.63184
-1.08424	1.63731
-1.09098	1.64283
-1.09779	1.64788
-1.10429	1.65263
-1.11007	1.6573
-1.11607	1.66196
-1.12221	1.66709
-1.12762	1.67244
-1.13332	1.67772
-1.13943	1.68341
-1.14583	1.68908
-1.15197	1.69458
-1.15807	1.70017
-1.16468	1.70578
-1.17126	1.71111
-1.17787	1.71671
-1.18411	1.72206
-1.1905	1.72739
-1.19703	1.73264
-1.20352	1.73783
-1.21006	1.74295
-1.21656	1.74833
-1.22256	1.75319
-1.22857	1.75815
-1.23404	1.76304
-1.2398	1.76823
-1.24511	1.77353
-1.25079	1.77869
-1.25643	1.78363
-1.26335	1.78821
-1.27048	1.79263
-1.27753	1.79695
-1.28507	1.80174
-1.29246	1.80797
-1.29937	1.81432
-1.30605	1.82051
-1.31262	1.82653
-1.31933	1.83233
-1.32591	1.83807
-1.33241	1.8437
-1.33893	1.84921
-1.34539	1.85468
-1.3536	1.85986
-1.3619	1.86462
-1.36993	1.86922
-1.37779	1.87396
-1.38464	1.87874
-1.39117	1.88323
-1.39814	1.88747
-1.40544	1.89248
-1.41261	1.89743
-1.41996	1.90267
-1.42729	1.90771
-1.43473	1.91334
-1.44269	1.91945
-1.45032	1.92548
-1.45707	1.93138
-1.46368	1.93743
-1.47009	1.94343
-1.4763	1.9495
-1.48254	1.95553
-1.48804	1.96157
-1.49317	1.967
-1.49833	1.97254
-1.50393	1.97919
-1.50923	1.98575
-1.51541	1.99191
-1.52116	1.99833
-1.52716	2.0042
-1.53322	2.01001
-1.53931	2.01565
-1.54529	2.02087
-1.55065	2.02662
-1.55584	2.03249
-1.56118	2.03794
-1.56638	2.04393
-1.57161	2.05005
-1.57728	2.05651
-1.58301	2.06253
-1.58864	2.06856
-1.5942	2.07396
-1.6002	2.0797
-1.6064	2.08557
-1.61248	2.09128
-1.61835	2.09694
-1.62428	2.10258
-1.63007	2.10802
-1.63638	2.11369
-1.64247	2.11959
-1.64797	2.12437
-1.65425	2.12999
-1.65963	2.13528
-1.66509	2.14066
-1.67126	2.14559
-1.67733	2.15046
-1.68288	2.1552
-1.68904	2.16014
-1.69507	2.16499
-1.70128	2.16987
-1.70802	2.17447
-1.71502	2.17899
-1.72163	2.18403
-1.7282	2.18904
-1.73469	2.19379
-1.74122	2.19871
-1.74746	2.20388
-1.75317	2.20881
-1.75934	2.21412
-1.76518	2.21961
-1.77137	2.22418
-1.77754	2.22874
-1.78454	2.23367
-1.7915	2.23898
-1.79838	2.24409
-1.80494	2.24902
-1.8116	2.25387
-1.81844	2.25888
-1.82524	2.26419
-1.83181	2.26932
-1.83856	2.27408
-1.84524	2.2788
-1.85224	2.28429
-1.85874	2.2896
-1.86502	2.29431
-1.87102	2.29895
-1.87706	2.30361
-1.88345	2.30931
-1.88995	2.31483
-1.89628	2.32077
-1.90257	2.32651
-1.90945	2.33241
-1.91601	2.33836
-1.92289	2.34426
-1.92929	2.34965
-1.9357	2.35478
-1.94178	2.3599
-1.94755	2.36539
-1.9535	2.37042
-1.95945	2.3752
-1.9652	2.38069
-1.97097	2.38626
-1.97685	2.39183
-1.98258	2.39754
-1.98757	2.40333
-1.9917	2.40931
-1.99628	2.41521
-2.00084	2.42133
-2.00505	2.42751
-2.00943	2.434
-2.01395	2.43915
-2.01872	2.44456
-2.02352	2.45006
-2.02842	2.4557
-2.03426	2.46129
-2.04024	2.46678
-2.04613	2.47215
-2.05203	2.47762
-2.05757	2.48278
-2.06299	2.48812
-2.06851	2.49367
-2.0738	2.49962
-2.0789	2.50557
-2.0831	2.5115
-2.08837	2.5175
-2.09395	2.52405
-2.09849	2.53033
-2.10249	2.53656
-2.10664	2.54286
-2.11018	2.54886
-2.11382	2.55496
-2.11656	2.56128
-2.11938	2.56748
-2.12224	2.57367
-2.12537	2.57988
-2.12841	2.58623
-2.13125	2.59269
-2.13458	2.59959
-2.13814	2.60589
-2.14169	2.61183
-2.14528	2.61791
-2.14893	2.62327
-2.15269	2.62921
-2.15691	2.63437
-2.16114	2.63989
-2.16531	2.64556
-2.16947	2.65135
-2.174	2.65723
-2.17808	2.66304
-2.182	2.66845
-2.18639	2.67409
-2.19073	2.67988
-2.1952	2.68592
-2.19907	2.69179
-2.20308	2.69793
-2.20717	2.70458
-2.2117	2.71077
-2.21617	2.717
-2.22042	2.72243
-2.22467	2.72826
-2.22913	2.73425
-2.23358	2.74032
-2.23853	2.74687
-2.24359	2.75388
-2.24833	2.76105
-2.25261	2.76842
-2.25723	2.77531
-2.26213	2.78198
-2.26763	2.78859
-2.27376	2.79499
-2.27915	2.8013
-2.28443	2.80772
-2.28965	2.81405
-2.29513	2.82036
-2.30057	2.82657
-2.30554	2.83206
-2.31087	2.83768
-2.31599	2.84306
-2.32112	2.84797
-2.32699	2.85266
-2.33283	2.85735
-2.33879	2.862
-2.34464	2.8672
-2.35076	2.87213
-2.35749	2.87694
-2.36422	2.88177
-2.37086	2.88653
-2.37761	2.89122
-2.38448	2.89658
-2.39124	2.90186
-2.39795	2.90706
-2.40454	2.91225
-2.41116	2.91747
-2.41831	2.92245
-2.42501	2.92725
-2.43182	2.93171
-2.43889	2.93617
-2.44506	2.94054
-2.45168	2.94492
-2.45866	2.94941
-2.46558	2.95403
-2.47245	2.95849
-2.47968	2.96283
-2.48674	2.96703
-2.4936	2.9712
-2.50046	2.97448
-2.50789	2.97852
-2.5151	2.98335
-2.52184	2.98893
-2.52867	2.99485
-2.53558	3.00049
-2.5426	3.00614
-2.54938	3.0118
-2.55564	3.01694
-2.56262	3.02232
-2.56948	3.02761
-2.57639	3.03267
-2.5831	3.0377
-2.58955	3.04315
-2.59587	3.04855
-2.60253	3.05297
-2.60903	3.0574
-2.61557	3.06185
-2.62237	3.06597
-2.62921	3.06997
-2.63625	3.07419
-2.64322	3.07838
-2.64954	3.08277
-2.6558	3.08815
-2.66202	3.09357
-2.6682	3.09889
-2.67482	3.10387
-2.68136	3.10882
-2.68711	3.11444
-2.69286	3.12012
-2.69866	3.12615
-2.70442	3.13214
-2.71023	3.13809
-2.71585	3.14384
-2.72145	3.1496
-2.7272	3.15538
-2.7329	3.16108
-2.73862	3.16687
-2.74431	3.17215
-2.75027	3.17768
-2.75607	3.18314
-2.762	3.18835
-2.76754	3.19418
-2.77265	3.20022
-2.77781	3.20594
-2.78304	3.21175
-2.7877	3.21783
-2.79241	3.22395
-2.79767	3.22961
-2.8026	3.23591
-2.80775	3.24238
-2.81273	3.24899
-2.81766	3.25555
-2.82249	3.26249
-2.82714	3.26923
-2.83234	3.27613
-2.83707	3.28256
-2.84186	3.28916
-2.84627	3.29614
-2.85043	3.30377
-2.85419	3.31116
-2.85735	3.31832
-2.86059	3.3251
-2.864	3.3321
-2.8667	3.33979
-2.86877	3.34733
-2.87097	3.35467
-2.87279	3.36219
-2.87415	3.36952
-2.87554	3.37717
-2.87706	3.38451
-2.879	3.39193
-2.8811	3.39921
-2.88255	3.40702
-2.88397	3.41432
-2.88534	3.42187
-2.88669	3.42938
-2.88807	3.43704
