-0.0119516	0.0868988
-0.0249067	0.113716
-0.0352648	0.129641
-0.0416989	0.140862
-0.0568138	0.124833
-0.0716262	0.131276
-0.0716598	0.130421
-0.0856596	0.130484
-0.0875246	0.130206
-0.0728602	0.126439
-0.0788451	0.138522
-0.0785336	0.143495
-0.0796512	0.136148
-0.0787461	0.130599
-0.0873605	0.115346
-0.0949751	0.122852
-0.0927291	0.127952
-0.0928667	0.127693
-0.0917964	0.12762
-0.0930661	0.12799
-0.0932382	0.128234
-0.0912511	0.116383
-0.0924541	0.115745
-0.0897053	0.115374
-0.0896123	0.109399
-0.0829258	0.101894
-0.0899216	0.0987051
-0.0845518	0.103879
-0.104832	0.0894048
-0.110557	0.0919668
-0.133417	0.0747811
-0.13457	0.0866327
-0.134232	0.0763969
-0.136719	0.0753635
-0.144614	0.0730987
-0.142372	0.0765131
-0.139168	0.0712236
-0.140816	0.0750458
-0.130601	0.0863107
-0.128185	0.0931994
-0.125614	0.0966
-0.121625	0.0892896
-0.130434	0.083017
-0.131209	0.0831334
-0.128264	0.0776317
-0.128532	0.0880624
-0.143351	0.0823927
-0.144514	0.0821902
-0.156866	0.0845995
-0.153749	0.0871091
-0.142125	0.0778137
-0.153036	0.0749265
-0.146919	0.0662228
-0.146127	0.0635518
-0.145082	0.0636873
-0.145712	0.0631288
-0.146485	0.073265
-0.144857	0.0721663
-0.142898	0.0664562
-0.133995	0.0805689
-0.120743	0.0910632
-0.123826	0.089916
-0.124009	0.0950027
-0.126341	0.0924206
-0.128744	0.0960208
-0.12881	0.0956088
-0.117113	0.106402
-0.117363	0.112687
-0.112734	0.111676
-0.11194	0.116222
-0.107882	0.112987
-0.111976	0.119364
-0.128068	0.118728
-0.117935	0.120511
-0.121686	0.117312
-0.127865	0.114917
-0.134453	0.120505
-0.131352	0.117791
-0.14016	0.103947
-0.12406	0.101214
-0.121643	0.102727
-0.132837	0.09742
-0.131326	0.0998703
-0.129999	0.100561
-0.122455	0.106246
-0.124195	0.102376
-0.117949	0.103719
-0.110121	0.105402
-0.110578	0.106972
-0.110516	0.111918
-0.111015	0.111595
-0.101751	0.132749
-0.0961824	0.116058
-0.096795	0.12239
-0.0936061	0.130935
-0.0927184	0.127543
-0.0984558	0.132308
-0.102702	0.127814
-0.112012	0.13633
-0.112121	0.138355
-0.0999464	0.127872
-0.0982942	0.127848
-0.100341	0.113895
-0.102396	0.115797
-0.0999152	0.124435
-0.100177	0.129352
-0.0891979	0.120255
-0.0741885	0.146384
-0.0756108	0.154432
-0.0745078	0.152657
-0.0784343	0.1488
-0.076507	0.148353
-0.0797673	0.144381
-0.0854195	0.130117
-0.083721	0.135224
-0.0830082	0.134791
-0.0857207	0.130304
-0.0836912	0.133123
-0.0974868	0.143604
-0.0999476	0.140062
-0.100313	0.138969
-0.095838	0.13619
-0.0988379	0.141488
-0.103898	0.133905
-0.105138	0.130988
-0.107314	0.130301
-0.108079	0.129771
-0.0951042	0.127668
-0.10559	0.12691
-0.114227	0.126391
-0.113155	0.124309
-0.103125	0.136719
-0.102834	0.142257
-0.0988028	0.138343
-0.0928866	0.128348
-0.0810213	0.13502
-0.0845836	0.142018
-0.0865023	0.147151
-0.0891732	0.145287
-0.0807938	0.1575
-0.0796999	0.150888
-0.0837715	0.145883
-0.0821045	0.14287
-0.0820123	0.124172
-0.0687851	0.139123
-0.0654584	0.141148
-0.0667526	0.141402
-0.0706769	0.148576
-0.0661679	0.147005
-0.0658866	0.151613
-0.077342	0.160639
-0.0751949	0.158103
-0.0616053	0.147267
-0.0674578	0.147887
-0.0638847	0.14671
-0.0714851	0.148128
-0.0655847	0.148514
-0.0508183	0.149543
-0.0395902	0.135364
-0.0370839	0.140576
-0.0372491	0.143817
-0.0269053	0.144312
-0.0292553	0.146266
-0.0295813	0.147966
-0.0313037	0.149771
-0.0333173	0.161776
-0.0437674	0.1628
-0.0432721	0.160436
-0.044378	0.1614
-0.0427376	0.165568
-0.0216581	0.162801
-0.0198664	0.15918
-0.0110817	0.152865
-0.0187673	0.156964
-0.0213086	0.165374
-0.0148528	0.166865
-0.0375888	0.171944
-0.0372038	0.168896
-0.0394877	0.169936
-0.0386774	0.168424
-0.038451	0.164329
-0.0368682	0.160258
-0.0373326	0.158952
-0.0334567	0.159398
-0.0359252	0.144449
-0.0255081	0.140644
-0.00752546	0.130981
-0.0109364	0.140514
-0.0113752	0.146376
-0.0203637	0.152315
-0.0166211	0.154211
-0.016793	0.154436
-0.011236	0.162469
-0.0130769	0.16162
-0.018667	0.169261
-0.0120033	0.167896
-0.00212645	0.171855
-0.00175285	0.173351
-0.00313217	0.170022
-0.00434037	0.160382
-0.0132436	0.162736
-0.0134372	0.16219
-0.0100494	0.156642
-0.0142967	0.153931
-0.0129004	0.154809
-0.0244697	0.172183
-0.0141564	0.164727
-0.0121082	0.157716
-0.00937302	0.139378
-0.00924961	0.126324
-0.0203007	0.132785
-0.0215438	0.132058
-0.0215505	0.135884
-0.0173301	0.145114
-0.00582428	0.137882
-0.00811357	0.137121
-0.00331194	0.143818
-0.00111117	0.137505
-0.0092167	0.143648
-0.00067791	0.150069
-0.0150843	0.159185
-0.0260404	0.15451
-0.024763	0.154557
-0.0264689	0.152291
-0.0291679	0.151765
-0.0242216	0.15008
-0.021059	0.142977
-0.0102078	0.147175
-0.00733375	0.151358
-0.00930971	0.152173
-0.00589821	0.141007
-0.0122402	0.139286
-0.00867555	0.145342
-0.00640096	0.161232
-0.00465469	0.168236
-0.0175382	0.158473
-0.0212967	0.159577
-0.0196154	0.159901
-0.0189506	0.160198
-0.0189328	0.158122
-0.0182187	0.155954
-0.0163224	0.162271
-0.0165727	0.15746
-0.0145303	0.156554
-0.0157131	0.159637
-0.0144662	0.16099
-0.0046362	0.161401
-0.004822	0.160997
-0.017904	0.170137
-0.0170162	0.167364
-0.0169895	0.162804
-0.024916	0.152265
-0.0225338	0.14808
-0.0143443	0.152715
-0.0202944	0.156948
-0.0160921	0.158847
-0.0174579	0.152276
-0.021452	0.143221
-0.00387307	0.146902
-0.0017811	0.158687
-0.00349872	0.156229
0.00500554	0.148742
0.0181466	0.150556
0.0209266	0.164008
0.012802	0.167398
0.0140518	0.164889
0.0231427	0.152957
0.0476674	0.140169
0.0559639	0.147066
0.0497218	0.12425
0.0598229	0.12705
0.0585432	0.119782
0.0490532	0.115155
0.050245	0.124722
0.0533221	0.129883
0.0546352	0.135036
0.0546516	0.142139
0.0552024	0.143575
0.0517519	0.153239
0.0529942	0.15508
0.0392835	0.156136
0.0466335	0.144552
0.0482987	0.148091
0.0494929	0.152275
0.0520859	0.151985
0.0721277	0.153403
0.05443	0.144829
0.0543752	0.134453
0.0563596	0.134406
0.0631695	0.139722
0.0621998	0.139718
0.0538541	0.147419
0.0400053	0.147557
0.0406265	0.146905
0.0447017	0.153195
0.0415584	0.150726
0.040324	0.151398
0.0387812	0.146251
0.0471864	0.146093
0.0563538	0.141338
0.056705	0.135642
0.0605503	0.14877
0.0719671	0.137914
0.0784728	0.127142
0.0969113	0.124427
0.0971449	0.129366
0.0955235	0.142871
0.0985567	0.139333
0.0951156	0.143487
0.0899427	0.1511
0.0874956	0.147839
0.0928262	0.139867
0.0915682	0.139069
0.0881326	0.143888
0.101728	0.130502
0.103921	0.130805
0.109607	0.135177
0.0984881	0.132512
0.09974	0.130353
0.0950158	0.128474
0.105893	0.139229
0.0978585	0.128798
0.0994437	0.123004
0.104768	0.118025
0.101717	0.116795
0.109382	0.123905
0.0955405	0.123032
0.0991461	0.11285
0.0985997	0.107796
0.097788	0.12421
0.0973685	0.104968
0.0856967	0.123281
0.0875099	0.123225
0.0965887	0.121994
0.0960318	0.122918
0.0979103	0.124789
0.0982717	0.125713
0.0984428	0.139156
0.0939652	0.134117
0.0950972	0.135173
0.113983	0.1199
0.125617	0.107467
0.113227	0.109342
0.113729	0.109748
0.112333	0.11073
0.113863	0.106209
0.111982	0.104503
0.114017	0.106865
0.110179	0.0933281
0.11718	0.0954336
0.118679	0.0960793
0.117806	0.0879446
0.123675	0.0971671
0.128736	0.0982275
0.132977	0.0954679
0.135275	0.105169
0.124132	0.11671
0.121989	0.114151
0.0988896	0.110133
0.100069	0.0971935
0.0950269	0.108276
0.108968	0.117559
0.114575	0.125825
0.113474	0.123503
0.118967	0.127639
0.110091	0.125337
0.105295	0.113546
0.0960653	0.108528
0.106304	0.107826
0.116658	0.112986
0.125276	0.110834
0.126235	0.0950104
0.123016	0.0934717
0.113803	0.0902473
0.115762	0.0821225
0.110575	0.0904553
0.123133	0.0894652
0.119169	0.088072
0.128924	0.0919438
0.119202	0.0993677
0.125878	0.10624
0.120361	0.0985833
0.130723	0.102424
0.126934	0.108706
0.124624	0.106309
0.12363	0.106378
0.151151	0.108636
0.132138	0.103171
0.132445	0.114055
0.119671	0.112624
0.114047	0.107467
0.112119	0.109058
0.114841	0.105193
0.134505	0.103111
0.133047	0.096846
0.132472	0.0968912
0.136417	0.0979127
0.135163	0.0969032
0.131201	0.0993281
0.127479	0.10724
0.12921	0.103529
0.127716	0.0991567
0.125931	0.0970605
0.12609	0.109569
0.120718	0.115734
0.112031	0.119729
0.106236	0.116931
0.111774	0.125674
0.109725	0.130044
0.109007	0.131765
0.120707	0.121999
0.119331	0.113887
0.122776	0.118772
0.121607	0.115048
0.11988	0.11423
0.142119	0.132524
0.140039	0.131779
0.121406	0.139058
0.111601	0.122186
0.111676	0.121106
0.110675	0.120478
0.0856891	0.134953
0.0850693	0.136548
0.0984047	0.141319
0.0951547	0.145505
0.0905698	0.14874
0.0842443	0.142334
0.0851997	0.128587
0.0854896	0.129999
0.0847984	0.130718
0.0841111	0.132003
0.0842937	0.131792
0.0670624	0.138149
0.0678812	0.150212
0.0604374	0.145682
0.0632519	0.150749
0.0672871	0.147127
0.0680889	0.153624
0.0756156	0.153604
0.0777458	0.167991
0.0774064	0.148583
0.0802962	0.127627
0.0815435	0.12903
0.0757213	0.131147
0.0946955	0.13715
0.0874962	0.132026
0.108646	0.138386
0.108118	0.135077
0.106936	0.132987
0.104035	0.126023
0.103787	0.125576
0.106165	0.121091
0.100243	0.111188
0.0966285	0.105495
0.0997973	0.108408
0.102316	0.112593
0.101377	0.116236
0.103578	0.117811
0.103309	0.12219
0.101946	0.122933
0.103136	0.135015
0.0967713	0.132919
0.104031	0.121534
0.1163	0.123017
0.110563	0.120915
0.100937	0.120652
0.105071	0.131696
0.101877	0.12488
0.107043	0.128726
0.107005	0.131554
0.106343	0.111774
0.10717	0.112164
0.104317	0.114169
0.103411	0.109014
0.105341	0.109259
0.116123	0.107788
0.113168	0.108779
0.117583	0.123532
0.121801	0.120442
0.123185	0.123393
0.124027	0.118367
0.121292	0.11275
0.108031	0.0964766
0.0914256	0.106164
0.101982	0.104869
0.100695	0.111659
0.102613	0.113792
0.10442	0.115668
0.109423	0.111877
0.119898	0.0915691
0.122244	0.0935803
0.128408	0.0865417
0.128343	0.0860693
0.13435	0.0888223
0.135212	0.0871391
0.111126	0.0797325
0.109299	0.084115
0.11558	0.0920953
0.103115	0.0996728
0.11227	0.111362
0.116014	0.114734
0.115537	0.114258
0.104372	0.118794
0.10496	0.118929
0.103232	0.123573
0.103123	0.123443
0.10384	0.124444
0.0983287	0.121499
0.107072	0.12178
0.105203	0.118164
0.110489	0.118792
0.121628	0.10496
0.122141	0.10969
0.116245	0.107549
0.120909	0.111238
0.120094	0.110484
0.122524	0.109607
0.117793	0.109256
0.112024	0.114231
0.111399	0.113532
0.113091	0.109014
0.106017	0.10647
0.100827	0.107626
0.0919626	0.124259
0.0957474	0.128144
0.101361	0.129647
0.105233	0.141327
0.110618	0.141928
0.115328	0.147173
0.115099	0.138784
0.108008	0.136456
0.109318	0.13134
0.112912	0.130129
0.105952	0.132715
0.101824	0.12378
0.0887343	0.119167
0.0899733	0.140007
0.0941605	0.140776
0.0937931	0.138159
0.0916831	0.134816
0.095056	0.135263
0.0905113	0.137367
0.0898819	0.136224
0.0845288	0.132119
0.092285	0.124083
0.0928643	0.125009
0.0829279	0.125549
0.0855799	0.122472
0.0665929	0.108677
0.0716476	0.109348
0.0687807	0.105308
0.0738278	0.102464
0.0777704	0.107894
0.0816255	0.112932
0.0906968	0.119391
0.0850285	0.104284
0.0923817	0.107606
0.0915191	0.101335
0.0926932	0.118161
0.0900411	0.117693
0.0962407	0.115631
0.0965306	0.118582
0.10253	0.11422
0.125793	0.120015
0.127184	0.10702
0.124911	0.104818
0.105194	0.0932873
0.102106	0.0942548
0.0946239	0.101061
0.0965345	0.115752
0.097067	0.118362
0.101456	0.11965
0.102646	0.114767
0.10524	0.118807
0.0952662	0.124791
0.0965747	0.117262
0.0862298	0.123449
0.0931561	0.102704
0.0913521	0.105484
0.0973965	0.109785
0.0931541	0.105234
0.0904466	0.0976696
0.0962357	0.0989735
0.0929517	0.105266
0.0943146	0.107822
0.0782043	0.122791
0.0821354	0.135468
0.0957014	0.154887
0.0934476	0.150982
0.091599	0.140956
0.0819661	0.120582
0.0760678	0.122976
0.0956016	0.12165
0.0942973	0.108973
0.0881849	0.11794
0.0907881	0.119727
0.103865	0.131183
0.10296	0.130097
0.105591	0.104388
0.107217	0.106183
0.1065	0.1066
0.0872023	0.0957401
0.0871222	0.102606
0.0855053	0.10233
0.086948	0.102073
0.0872734	0.110852
0.104477	0.124984
0.108573	0.128238
0.0894713	0.132847
0.0849317	0.128675
0.0849746	0.134643
0.09134	0.135852
0.0746786	0.126536
0.0831675	0.130713
0.0813784	0.132395
0.0831762	0.135824
0.0936988	0.139988
0.0923875	0.137829
0.089539	0.136002
0.0896086	0.139695
0.0816033	0.13362
0.0836194	0.134603
0.0825854	0.134893
0.0825199	0.135388
0.089634	0.130477
0.10071	0.131423
0.101475	0.131575
0.100694	0.131098
0.0967803	0.108886
0.100699	0.11023
0.0991599	0.103056
0.10296	0.106983
0.105658	0.100062
0.106095	0.101898
0.0960764	0.10826
0.101738	0.106144
0.112459	0.119546
0.124995	0.108774
0.117424	0.11005
0.116544	0.0974964
0.115204	0.097325
0.116326	0.0982649
0.106785	0.081782
0.10835	0.079142
0.115686	0.095078
0.108405	0.0954628
0.110639	0.0969549
0.113066	0.104576
0.11928	0.102992
0.118597	0.10152
0.136931	0.101475
0.143108	0.108336
0.139598	0.119494
0.128209	0.116858
0.117647	0.115627
0.123742	0.118718
0.113724	0.13697
0.105029	0.117024
0.107642	0.113618
0.106348	0.121148
0.0903798	0.121107
0.0975323	0.125369
0.102734	0.126655
0.0945106	0.134894
0.0939965	0.134187
0.0798164	0.123125
0.078394	0.106472
0.0816701	0.111033
0.0829953	0.112544
0.0883045	0.11773
0.0999559	0.113141
0.101366	0.113718
0.102326	0.105496
0.111919	0.106584
0.0967809	0.116753
0.0955186	0.119161
0.0992246	0.130519
0.101885	0.123669
0.106851	0.120105
0.10443	0.12585
0.10938	0.124399
0.112646	0.117732
0.118037	0.120076
0.117366	0.11872
0.113659	0.111808
0.119623	0.106613
0.116869	0.0993826
0.110075	0.100765
0.10621	0.106944
0.0960556	0.111603
0.0836407	0.112705
0.0890806	0.10564
0.0928055	0.113634
0.0983305	0.0952634
0.102543	0.0982823
0.0936699	0.0998326
0.0946888	0.0967822
0.104633	0.100919
0.1103	0.114281
0.120451	0.11096
0.108178	0.0969668
0.10924	0.0991387
0.108676	0.0939571
0.109122	0.100484
0.112005	0.106173
0.103973	0.111578
0.107713	0.116611
0.107859	0.115027
0.10583	0.118261
0.103203	0.107624
0.102109	0.112826
0.10543	0.145117
0.10158	0.144005
0.104214	0.157097
0.105845	0.151106
0.108324	0.153436
0.0987931	0.133904
0.100318	0.128648
0.104901	0.139219
0.118388	0.143392
0.116392	0.138453
0.121433	0.133447
0.120298	0.131032
0.116397	0.126402
0.11444	0.141821
0.109886	0.144712
0.109116	0.134163
0.106147	0.146262
0.0954644	0.130906
0.094471	0.131554
0.0748371	0.127932
0.0792003	0.133934
0.0828999	0.129472
0.0833742	0.132311
0.0832133	0.134897
0.0815921	0.132853
0.0843434	0.137325
0.0974209	0.135878
0.100271	0.134245
0.0976084	0.13015
0.0959281	0.133555
0.0894184	0.102694
0.108379	0.112831
0.10228	0.108306
0.104713	0.113027
0.0883356	0.10279
0.0835857	0.0996873
0.0744582	0.0941651
0.0790267	0.114579
0.0719871	0.116599
0.0882217	0.125034
0.089195	0.11284
0.0920362	0.114714
0.0810427	0.108879
0.0847078	0.103523
0.0849575	0.108285
0.0968748	0.111408
0.0978472	0.112163
0.0992116	0.113852
0.0969746	0.118959
0.104055	0.118445
0.100718	0.109331
0.0961685	0.110478
0.0994118	0.0986855
0.112595	0.125297
0.122187	0.125286
0.123529	0.128526
0.119555	0.123853
0.112384	0.13144
0.104528	0.125547
0.103504	0.125886
0.0991384	0.118799
0.10361	0.127356
0.108241	0.10634
0.116056	0.100846
0.119729	0.10583
0.138183	0.0931262
0.131786	0.0886699
0.12269	0.0930713
0.119136	0.0958213
0.117011	0.0778665
0.11091	0.0677214
0.124238	0.0739081
0.122139	0.0768605
0.133761	0.0859224
0.138832	0.0741372
0.128127	0.0785701
0.129265	0.0797013
0.147357	0.101461
0.144377	0.094599
0.141233	0.0784847
0.132217	0.0799333
0.123047	0.0825091
0.132328	0.0813833
0.139997	0.0798142
0.157808	0.0899155
0.152418	0.0889197
0.150442	0.0868225
0.149297	0.0814108
0.155043	0.0577842
0.15104	0.0452662
0.151161	0.0456072
0.163753	0.0425021
0.156985	0.0396896
0.156822	0.0409333
0.163542	0.0491524
0.155145	0.0655774
0.146321	0.077918
0.133021	0.0922801
0.125696	0.0858394
0.119794	0.07384
0.126982	0.0790221
0.13902	0.0732347
0.135946	0.065966
0.140609	0.0710114
0.138563	0.0658579
0.149114	0.0616484
0.151877	0.0643015
0.157031	0.0692917
0.159752	0.0710319
0.160117	0.0645657
0.157297	0.0630786
0.169633	0.0705904
0.17476	0.064697
0.193045	0.0725592
0.184789	0.0711284
0.180354	0.0676476
0.174319	0.0655321
0.172193	0.0646559
0.169319	0.0600189
0.173623	0.07193
0.183684	0.0634515
0.174913	0.0588339
0.158739	0.0627491
0.153557	0.0513498
0.153098	0.0519442
0.154177	0.0522097
0.162098	0.0488622
0.1604	0.049967
0.155383	0.0536873
0.158697	0.0428182
0.175706	0.0485199
0.172512	0.0480073
0.167211	0.0473081
0.169479	0.0328351
0.16648	0.0191597
0.165106	0.0192924
0.163673	0.0242192
0.172216	0.0383726
0.169881	0.0301718
0.154704	0.0302595
0.142699	0.0224548
0.145077	0.0226387
0.144061	0.0115238
0.148633	0.0121811
0.1513	0.0138368
0.146628	0.0241278
0.141481	0.0163393
0.146588	0.0184239
0.1478	0.0258921
0.149073	0.0275472
0.149208	0.0323872
0.147985	0.0317105
0.158375	0.0260273
0.157017	0.0326887
0.146667	0.0312955
0.144975	0.0349886
0.146488	0.0354314
0.148933	0.039344
0.150041	0.0384994
0.143129	0.0229736
0.143909	0.0190441
0.148679	0.0187933
0.155037	0.00701573
0.15652	0.00704652
0.156385	0.00714475
0.156294	0.00805913
0.15775	0.00479744
0.163882	0.00124431
0.163286	0.00391762
0.159021	-0.00417954
0.156954	-0.00539204
0.172237	-0.00561267
0.170106	-0.0121579
0.165623	-0.0114537
0.165501	-0.0112658
0.164227	-0.00708239
0.161422	-0.0109836
0.17049	-0.0170867
0.174791	-0.0135589
0.17864	-0.0113736
0.175337	-0.0124094
0.180115	-0.0131856
0.178983	-0.0140935
0.195555	-0.0187885
0.188815	-0.017295
0.19359	-0.0138774
0.186708	-0.0135028
0.17824	-0.00974714
0.178957	-0.00711216
0.200927	-0.0110671
0.188881	-0.0181036
0.181354	-0.0169496
0.186926	-0.020074
0.181434	-0.019275
0.175437	-0.0235313
0.171393	-0.0225285
0.169861	-0.02795
0.167467	-0.0275667
0.159952	-0.0245579
0.150682	-0.0244045
0.159872	-0.0155891
0.147089	-0.00163922
0.144435	-0.00302593
0.149746	-0.0125894
0.141483	-0.0110196
0.15254	0.0105865
0.1479	0.0142152
0.155925	0.00374846
0.154887	0.00357047
0.155986	0.0037601
0.158509	0.0158926
0.15984	0.0252841
0.152761	0.0293403
0.158203	0.0271473
0.172009	0.028683
0.169542	0.0277391
0.161958	0.0218389
0.161151	0.0158692
0.158461	0.0159628
0.164438	0.0136305
0.163998	0.00812339
0.162985	0.00698477
0.162106	0.00849132
0.163142	0.00810331
0.175029	0.00939062
0.169062	0.00416216
0.155346	0.00173718
0.153079	0.0147823
0.167059	0.021334
0.166481	0.0227278
0.157763	0.0308494
0.156967	0.0311418
0.156505	0.0229987
0.156753	0.0232611
0.141954	0.027528
0.141875	0.0322556
0.14333	0.0412309
0.145833	0.0436832
0.133744	0.0420931
0.145026	0.0461434
0.152725	0.0365305
0.1586	0.0288825
0.158055	0.0299347
0.159701	0.0327703
0.184634	0.0480516
0.182339	0.0496115
0.172907	0.0522663
0.171046	0.0516996
0.167787	0.0516736
0.179255	0.0465564
0.175988	0.0459137
0.170001	0.044427
0.177394	0.0306901
0.17564	0.0297662
0.172166	0.0314034
0.167815	0.0412254
0.163291	0.0375573
0.148074	0.0357193
0.13495	0.0305621
0.130792	0.034802
0.153862	0.0337664
0.148937	0.0294414
0.150047	0.0259922
0.149157	0.0299291
0.155413	0.031056
0.154618	0.0305065
0.147889	0.020025
0.152171	0.0261744
0.1533	0.0263566
0.13639	0.0300687
0.149583	0.029184
0.142901	0.0356708
0.162664	0.0176241
0.169145	0.0139238
0.166661	0.00311153
0.177701	0.000663273
0.163863	0.00937753
0.178755	0.0235817
0.166173	0.0275657
0.169743	0.0253659
0.156997	0.0268083
0.166783	0.0220667
0.174477	0.0258768
0.164561	0.0297427
0.15004	0.0399986
0.152941	0.0404683
0.166011	0.0218172
0.152595	0.0239107
0.151961	0.0191087
0.153505	0.0254542
0.155103	0.0249497
0.154832	0.0245973
0.165021	0.0254159
0.168438	0.0371328
0.161724	0.0391004
0.151692	0.0299902
0.150634	0.0376241
0.157207	0.0343457
0.15237	0.0289766
0.150015	0.0301566
0.151404	0.0304029
0.155606	0.0352062
0.156688	0.0320779
0.157068	0.0387115
0.154923	0.0496357
0.155699	0.0584903
0.147593	0.0511408
0.150923	0.0567357
0.160439	0.0396543
0.158476	0.0358903
0.165777	0.0477186
0.16848	0.0463386
0.178128	0.0448191
0.174897	0.0439595
0.179682	0.0398803
0.173437	0.0379122
0.160732	0.0224511
0.159989	0.0237701
0.161715	0.0229401
0.163918	0.0200393
0.158059	0.0299637
0.160177	0.0356695
0.152959	0.0408308
0.149778	0.0381829
0.15407	0.0564243
0.155048	0.0561804
0.153157	0.0521955
0.147838	0.0415906
0.153208	0.0520544
0.152986	0.0519838
0.150792	0.0464405
0.14907	0.0538036
0.151571	0.0510638
0.149063	0.0526773
0.153901	0.0414369
0.153935	0.0474059
0.148746	0.0428842
0.142532	0.0453734
0.139233	0.0352398
0.152837	0.0426127
0.152743	0.0464816
0.159919	0.0176579
0.162952	0.013123
0.164584	0.025461
0.16871	0.0194196
0.174713	0.0201788
0.167228	0.0193792
0.172008	0.0294899
0.160762	0.0313869
0.162717	0.0233035
0.157386	0.0220479
0.157495	0.0177938
0.167655	0.0207071
0.151056	0.0186495
0.147165	0.0101842
0.153659	0.00206877
0.154682	0.00284226
0.14715	0.00604474
0.149159	0.013517
0.152313	0.0135191
0.158148	0.0180799
0.147611	0.0224925
0.151145	0.018528
0.15319	0.0180076
0.156149	0.0245692
0.164066	0.0200437
0.163156	0.0181257
0.160794	0.00250627
0.158556	0.00454259
0.158593	0.0121272
0.166712	0.0066228
0.182932	-0.00253052
0.182364	-0.00121252
0.172606	0.000456218
0.169573	-8.54916e-05
0.160162	-0.0073011
0.157794	-0.00350201
0.155512	-0.0138182
0.154183	-0.0141006
0.156722	-0.0174438
0.157964	-0.0176426
0.160283	-0.0136228
0.171552	-0.012635
0.174215	-0.00344431
0.172476	-0.00437508
0.18284	-0.0120731
0.187861	-0.0107907
0.182572	-0.0133663
0.17926	-0.0127
0.185708	-0.00465771
0.187731	-0.0066697
0.187156	-0.00798221
0.179639	-0.000252818
0.173894	-0.00293169
0.17199	0.00125535
0.162317	-0.0034617
0.16557	-0.00311861
0.17844	0.00790933
0.175811	0.00708184
0.168584	-0.00624577
0.166774	-0.00590914
0.168334	-0.00447915
0.155628	-0.00187041
0.165519	-0.00745083
0.146063	0.0022395
0.15542	0.000748351
0.150828	0.00525924
0.15492	0.0070602
0.15218	0.00773424
0.151295	0.00451593
0.151167	0.000997249
0.155521	0.0046632
0.158118	0.000179988
0.15979	-0.00296343
0.170003	-0.000971608
0.163978	-0.0103714
0.173055	-0.00740289
0.168202	0.00862456
0.154845	0.00945212
0.163971	0.018326
0.151932	0.0243939
0.152416	0.0265508
0.152941	0.0301807
0.150945	0.0338276
0.15231	0.0343618
0.143772	0.0406335
0.143143	0.0369243
0.145316	0.0368171
0.14489	0.0469316
0.146152	0.0498394
0.142007	0.040533
0.153231	0.0317432
0.156696	0.0378687
0.166209	0.0270084
0.178804	0.0376727
0.172288	0.0362336
0.177649	0.0453174
0.173182	0.0484718
0.170075	0.046473
0.164826	0.0457279
0.16184	0.0464926
0.168692	0.0519726
0.161972	0.0489642
0.170439	0.0489316
0.167699	0.048216
0.153351	0.0523446
0.139681	0.0553307
0.142547	0.0584256
0.154004	0.0517253
0.153227	0.0517907
0.145482	0.0470732
0.147041	0.0476642
0.149853	0.0472674
0.157389	0.0510537
0.169409	0.0465198
0.16713	0.0443344
0.165359	0.0358097
0.171185	0.0278104
0.170581	0.0287879
0.159637	0.0343433
0.149492	0.042685
0.150767	0.0436072
0.159063	0.0449406
0.162398	0.0544849
0.151945	0.057866
0.145965	0.054699
0.148374	0.0538872
0.148793	0.0553722
0.154132	0.0446622
0.153646	0.042296
0.156825	0.0273048
0.159162	0.0360994
0.161239	0.0407959
0.157959	0.0407504
0.16169	0.0367732
0.153473	0.0380057
0.152396	0.0386555
0.158107	0.0318567
0.16441	0.0162149
0.172447	0.0211601
0.171147	0.0176122
0.170479	0.0223946
0.174407	0.0247124
0.166833	0.0154735
0.164577	0.0139817
0.160652	0.0215816
0.161187	0.0256726
0.165578	0.0244722
0.155726	0.0248426
0.139464	0.0357916
0.124633	0.0258893
0.123344	0.0273708
0.127693	0.0267414
0.119215	0.0212875
0.127505	0.0405436
0.140568	0.0468689
0.143557	0.049486
0.141615	0.0385224
0.158748	0.0423401
0.155638	0.0398768
0.155167	0.0452286
0.153335	0.040789
0.15868	0.0389711
0.157568	0.0577307
0.15558	0.0645969
0.126548	0.0612323
0.123245	0.0678032
0.127908	0.0723954
0.145542	0.0752951
0.154442	0.0769062
0.151492	0.0740351
0.154556	0.0749695
0.155132	0.069489
0.159409	0.0668265
0.153723	0.0741858
0.146388	0.0771483
0.146109	0.0739954
0.15109	0.0710258
0.161178	0.0654305
0.161775	0.0508628
0.160766	0.0510731
0.157077	0.0520069
0.151247	0.0458114
0.160354	0.0569274
0.15812	0.0567848
0.155874	0.0567519
0.15436	0.0544526
0.150208	0.0532792
0.145073	0.0518013
0.146279	0.0520955
0.151571	0.0421856
0.147264	0.0502938
0.145877	0.0509445
0.138084	0.0376859
0.151335	0.0318394
0.14701	0.0374389
0.143561	0.0384887
0.145921	0.0424864
0.137673	0.0505679
0.146456	0.0487684
0.147096	0.0483321
0.146513	0.0462963
0.147942	0.0465987
0.149368	0.0564913
0.170434	0.0459857
0.189967	0.0573901
0.174147	0.0412876
0.165948	0.0397604
0.160914	0.0418823
0.150017	0.0389227
0.154011	0.0436335
0.156109	0.0421555
0.158141	0.0450697
0.155308	0.045239
0.156148	0.0479332
0.161281	0.044961
0.149136	0.038248
0.152335	0.0327262
0.13962	0.0375632
0.145421	0.0378913
0.135957	0.0471797
0.131685	0.0428949
0.143802	0.0383218
0.145846	0.0381946
0.148904	0.0293819
0.143824	0.0306186
0.146656	0.0380421
0.147421	0.0393183
0.14627	0.0416842
0.141902	0.0439504
0.133664	0.0572555
0.130395	0.0590717
0.134927	0.051604
0.137312	0.0524618
0.126283	0.0599211
0.129437	0.0616796
0.131091	0.0629329
0.125324	0.0629383
0.117414	0.0483944
0.120051	0.0535911
0.108321	0.0644791
0.118781	0.0685706
0.12467	0.0517167
0.132264	0.0517369
0.132477	0.0566958
0.143782	0.0590036
0.147562	0.0587431
0.151056	0.0576702
0.144544	0.0548994
0.145477	0.0550756
0.138353	0.0535979
0.136015	0.0550025
0.134718	0.0541617
0.137328	0.0550694
0.135993	0.0538668
0.146332	0.0473312
0.146634	0.0461248
0.151496	0.0517669
0.152386	0.0489866
0.143012	0.0400446
0.145272	0.0429926
0.145417	0.031094
0.161676	0.0265586
0.165858	0.0232031
0.156003	0.024348
0.16576	0.00982378
0.16561	0.0141312
0.163786	0.0142696
0.164902	0.0155698
0.166219	0.014309
0.156926	0.00902701
0.167004	0.00342567
0.160552	0.00126913
0.156326	-0.0140815
0.149319	-0.00965062
0.15214	0.00261849
0.154213	0.00526039
0.153242	0.0166168
0.156421	0.00484685
0.151684	0.013073
0.152533	0.0123078
0.152993	0.0027377
0.153914	0.00299651
0.159719	0.00662226
0.159862	0.00805723
0.161919	0.0119344
0.162361	0.00326341
0.146067	0.00789372
0.148134	0.0108703
0.149946	0.0131103
0.163507	0.00673134
0.162828	0.00551267
0.169176	-0.00458951
0.168095	-0.00428752
0.168035	-0.0231225
0.170774	-0.0269205
0.174491	-0.031774
0.164876	-0.0365195
0.169296	-0.034403
0.163901	-0.031351
0.17595	-0.0367232
0.164694	-0.0281011
0.160281	-0.0195217
0.158319	-0.00926812
0.157419	-0.0113718
0.166977	-0.0235996
0.157124	-0.0177638
0.151989	-0.0265494
0.14874	-0.0306294
0.14722	-0.031815
0.146424	-0.0303508
0.148749	-0.0307881
0.142953	-0.0195033
0.151303	-0.0221749
0.162394	-0.0261892
0.164249	-0.022318
0.164268	-0.00385557
0.173486	0.0017651
0.168756	-0.00412341
0.158886	-0.0131446
0.153548	0.00646919
0.154108	0.0070027
0.156318	0.00760409
0.153759	0.0140434
0.155258	0.0127591
0.155738	0.0104274
0.149534	0.0189707
0.151476	0.0195461
0.153882	0.015466
0.15427	0.0189231
0.156663	0.0110533
0.157305	0.0117124
0.154903	0.00814289
0.154007	0.00896058
0.150968	0.00399411
0.155735	-0.00566758
0.165456	-0.0131459
0.159155	-0.0134972
0.152328	-0.0136386
0.145778	-0.0197434
0.149816	-0.0113474
0.142508	0.000940748
0.143899	0.00424559
0.152119	0.00292251
0.148535	9.37323e-05
0.150879	-0.00429318
0.154823	-0.000797804
0.149903	0.00828349
0.152424	-0.00790404
0.156901	-0.0076541
0.171494	-0.0213278
0.154463	-0.014789
0.157007	-0.0233461
0.157085	-0.0191426
0.151316	-0.0133792
0.161955	-0.0131809
0.158043	-0.0112978
0.151423	0.00231894
0.153315	0.0106582
0.156194	0.0140231
0.155093	0.0279788
0.143618	0.0320023
0.155525	0.0325486
0.156474	0.0320516
0.159034	0.0323694
0.171386	0.0348198
0.167626	0.0344661
0.167992	0.0342159
0.16529	0.0350013
0.164578	0.0348436
0.179663	0.0446481
0.16253	0.0412638
0.151679	0.0332659
0.154832	0.023389
0.140104	0.00571544
0.157356	0.00784693
0.15671	0.00265679
0.148513	0.0150521
0.136197	-0.00436917
0.146683	-0.0156244
0.149221	-0.0158085
0.146206	-0.0270957
0.144252	-0.0175511
0.15291	0.00325467
0.153282	0.00860228
0.15516	0.0103264
0.152157	0.00639258
0.161139	0.013036
0.164155	0.0124515
0.157691	0.0163006
0.15809	0.0170677
0.151517	0.0182487
0.145567	0.00967739
0.147442	0.00114959
0.148493	0.000472767
0.145809	-0.00552488
0.148205	-0.00161921
0.139536	-0.00505383
0.143547	-0.00474639
0.147816	-0.00503701
0.150406	-0.00478468
0.157458	-0.00386826
0.153819	-0.0066156
0.165342	-0.0203267
0.159476	-0.0088229
0.150148	0.00446997
0.141042	0.000593401
0.148938	-0.00663124
0.139313	0.00780958
0.147358	0.0173632
0.150923	0.0226466
0.14146	0.00725698
0.14521	0.00524148
0.150514	0.00886377
0.160599	0.00636509
0.144254	-0.00640057
0.147381	-0.00506628
0.151189	-0.0119906
0.147437	-0.0230139
0.149805	-0.0256902
0.142695	-0.0148423
0.160794	-0.00282224
0.165411	-0.00990878
0.151667	0.000840581
0.149943	-0.000965305
0.151923	-0.000188421
0.139638	0.00181053
0.143436	0.000746481
0.155229	0.0206821
0.149655	0.0308295
0.149681	0.0304138
0.149089	0.0264575
0.13852	0.0336665
0.137593	0.033652
0.14029	0.0345338
0.156549	0.0464887
0.159519	0.0444876
0.148625	0.0436232
0.146653	0.0442082
0.150346	0.0431629
0.150881	0.0503655
0.153707	0.0485902
0.150299	0.0509193
0.143601	0.0477274
0.139701	0.0549377
0.143282	0.0519477
0.159818	0.0370088
0.157873	0.0431275
0.151314	0.0400851
