0.13167	-0.0436505
0.122954	-0.0548749
0.125464	-0.0725519
0.136079	-0.101091
0.127452	-0.0834339
0.155683	-0.0856784
0.159286	-0.0755276
0.147343	-0.103368
0.145199	-0.083071
0.146025	-0.0962149
0.136348	-0.0904288
0.155431	-0.110804
0.11766	-0.142335
0.129733	-0.127816
0.129305	-0.119559
0.124966	-0.114747
0.139226	-0.0873493
0.141919	-0.0957734
0.131056	-0.101457
0.138074	-0.108342
0.135138	-0.134253
0.107692	-0.126877
0.0918715	-0.110662
0.0912485	-0.124196
0.0906557	-0.125835
0.0916513	-0.131186
0.0906132	-0.131691
0.10122	-0.158557
0.094843	-0.141011
0.0906022	-0.123069
0.0920206	-0.124561
0.0892968	-0.131079
0.0858576	-0.144779
0.0860975	-0.141076
0.0898366	-0.141102
0.0691166	-0.145299
0.0538007	-0.155173
0.0407031	-0.147587
0.0243461	-0.157659
0.0247378	-0.159993
0.0190987	-0.180883
0.042551	-0.156768
0.0265732	-0.156492
-0.0104911	-0.151552
-0.0379954	-0.140258
-0.110272	-0.105541
-0.128968	-0.0783284
-0.138274	-0.0613516
-0.122238	-0.0302875
-0.103136	-0.00150648
-0.105655	0.016517
-0.118604	0.047871
-0.137115	0.0609289
-0.133594	0.0823165
-0.129735	0.12316
-0.120626	0.142887
-0.118181	0.132235
-0.107541	0.142541
-0.0488501	0.148219
-0.0582037	0.113767
-0.0614524	0.126996
-0.0571002	0.118818
-0.077326	0.158198
-0.0800542	0.169138
-0.0705503	0.174274
-0.0730132	0.192187
-0.0600341	0.170437
-0.0854314	0.152476
-0.0872714	0.180122
-0.0504064	0.168387
-0.0430208	0.169836
-0.0226954	0.165447
-0.0152453	0.150531
-0.0196851	0.130531
-0.0242033	0.119783
-0.00896657	0.12287
-0.0208851	0.147846
-0.0321194	0.141084
-0.0269807	0.131054
-0.0354757	0.143548
-0.047466	0.169627
-0.051608	0.166396
-0.045497	0.16635
-0.032786	0.15815
-0.049268	0.165045
-0.0483017	0.157865
-0.0380259	0.166945
-0.0362801	0.152187
-0.0424114	0.140614
-0.0386014	0.136332
-0.0368297	0.134113
-0.0352301	0.127918
-0.0617371	0.152257
-0.0643031	0.138284
-0.0611184	0.144072
-0.0684403	0.143481
-0.0741044	0.129166
-0.0754606	0.128964
-0.112356	0.12276
-0.101651	0.127049
-0.0940708	0.129747
-0.0823783	0.135168
-0.0583389	0.136576
-0.052294	0.142014
-0.0396198	0.161885
-0.0461068	0.158134
-0.0676276	0.15431
-0.0204513	0.151089
-0.0212321	0.154117
-0.0202997	0.166558
0.00714622	0.157841
0.018961	0.160272
0.0126366	0.161167
-6.43351e-05	0.164333
0.00833307	0.193039
0.0167609	0.205032
0.00118346	0.205277
-0.00172922	0.172473
0.017027	0.176539
0.000292861	0.158852
0.00330857	0.15997
0.0119191	0.159519
0.014885	0.160695
0.0306405	0.15054
0.0324448	0.142209
0.0443328	0.1922
0.0434805	0.172169
0.0505948	0.163657
0.0612921	0.138106
0.069917	0.139323
0.0767525	0.133531
0.0793121	0.130036
0.0914572	0.136402
0.116075	0.168664
0.0966666	0.154821
0.0981732	0.135706
0.0945009	0.122465
0.101085	0.120163
0.110007	0.0802451
0.114465	0.0981199
0.113738	0.0819726
0.104296	0.083181
0.104622	0.0796683
0.136275	0.0562509
0.118883	0.0395017
0.109983	0.0337588
0.0888899	0.00278365
0.0904753	-0.00980983
0.0828592	-0.0733327
0.0824076	-0.121365
0.0638829	-0.141405
0.0510603	-0.144037
0.043221	-0.15677
0.0498114	-0.145442
0.0309168	-0.14695
0.0114071	-0.151681
0.0113031	-0.155599
-0.0316156	-0.146977
-0.0281463	-0.137712
-0.0196618	-0.144869
-0.0125683	-0.134809
0.021621	-0.148906
0.00194948	-0.159536
0.00093068	-0.120925
0.0228787	-0.153819
0.0122565	-0.157591
0.0197817	-0.147864
0.00770063	-0.144071
-0.00467197	-0.147404
-0.0113915	-0.153934
-0.0046934	-0.166179
-0.0195551	-0.178146
-0.0412925	-0.176252
-0.0638469	-0.183937
-0.0541722	-0.17707
-0.0327634	-0.184752
-0.066577	-0.153589
-0.0692873	-0.15589
-0.0686652	-0.158663
-0.0708963	-0.166133
-0.073317	-0.150624
-0.0690479	-0.148159
-0.0615947	-0.149615
-0.053801	-0.152838
-0.0416828	-0.160068
-0.0341991	-0.156728
-0.0481666	-0.168608
-0.0379941	-0.157672
-0.043763	-0.161475
-0.0248577	-0.149127
-0.0420463	-0.156401
-0.0393131	-0.205025
-0.0190092	-0.165201
-0.00695522	-0.144512
0.0331019	-0.162516
0.0534798	-0.157084
0.0344736	-0.152575
0.00206142	-0.169432
-0.0314263	-0.181582
-0.0245745	-0.16983
-0.0016902	-0.15076
0.00117506	-0.156584
0.00800439	-0.159756
0.00634632	-0.153802
0.00763108	-0.150732
-0.0216628	-0.120489
-0.00350451	-0.140395
0.0170289	-0.119195
0.0185655	-0.144166
0.0346636	-0.140211
0.041379	-0.145473
0.0237372	-0.118432
0.0440329	-0.151683
0.0495313	-0.152915
0.0470626	-0.155477
0.019095	-0.124568
0.0285481	-0.121247
0.0334708	-0.14527
0.0373034	-0.171898
0.0330035	-0.15532
0.050089	-0.151005
0.0596397	-0.145149
0.0660867	-0.126144
0.0715911	-0.131607
0.0753574	-0.142465
0.100807	-0.158184
0.0662194	-0.148244
0.072111	-0.146585
0.102016	-0.17876
0.083347	-0.1648
0.0682367	-0.146709
0.0982635	-0.134227
0.0586181	-0.133287
0.0566247	-0.138572
0.0408924	-0.139498
0.0380447	-0.14158
0.0373841	-0.126561
0.0165795	-0.149756
0.0342354	-0.144364
0.0249171	-0.158888
0.0433155	-0.151902
0.0373319	-0.144916
0.0701035	-0.129754
0.0649443	-0.143796
0.0620468	-0.147934
0.0579287	-0.129821
0.059701	-0.137074
0.0645087	-0.105548
0.0721188	-0.130729
0.0930718	-0.118744
0.0432758	-0.128883
0.0387126	-0.111578
0.0270983	-0.122607
0.0375337	-0.141176
0.0455929	-0.145399
0.0525388	-0.146208
0.056955	-0.142385
0.0775416	-0.160142
0.0754264	-0.152918
0.0268939	-0.159301
0.0426088	-0.160997
0.0559555	-0.149561
0.0791685	-0.150338
0.0773508	-0.160432
0.0654506	-0.149774
0.0696121	-0.141456
0.07373	-0.161201
0.064962	-0.146947
0.10057	-0.11803
0.0926992	-0.121445
0.0681646	-0.131053
0.075304	-0.130553
0.113419	-0.108832
0.0736498	-0.127909
0.0687305	-0.146339
0.0796178	-0.132245
0.114862	-0.134569
0.0958133	-0.142248
0.0695147	-0.171737
0.0557283	-0.17828
0.0560683	-0.160455
0.0646601	-0.15292
0.0746726	-0.124884
0.0778607	-0.12755
0.0601995	-0.142406
0.0536915	-0.125832
0.0666743	-0.145357
0.106367	-0.140296
0.0533724	-0.138232
0.0603145	-0.139964
0.0583246	-0.14597
0.0453688	-0.14289
0.0583941	-0.141257
0.0734623	-0.131105
0.0691998	-0.139132
0.0486603	-0.136877
0.0586862	-0.139848
0.0589258	-0.133538
0.0732875	-0.127638
0.0689966	-0.141292
0.0745653	-0.140943
0.0358289	-0.146693
0.0386308	-0.164897
0.0389056	-0.16984
0.0544198	-0.160589
0.0585183	-0.143669
0.0657779	-0.150677
0.0682999	-0.150384
0.0416043	-0.160835
0.0456699	-0.18336
0.0580636	-0.180411
0.0595504	-0.173809
0.043694	-0.169456
0.0453072	-0.177845
0.0395596	-0.167425
0.0339781	-0.161816
0.0496856	-0.162645
0.0597648	-0.168486
0.0531544	-0.161155
0.0336102	-0.190264
0.0231869	-0.178145
0.0186341	-0.170441
-0.0209011	-0.153029
-0.0203179	-0.158339
-0.0123618	-0.161088
0.00566295	-0.150423
0.00683079	-0.164729
-0.00966222	-0.163884
-0.0397514	-0.166023
-0.0291765	-0.150007
-0.00117347	-0.153757
0.00841426	-0.150075
0.0170654	-0.140134
0.0136384	-0.145155
0.0554688	-0.120295
0.018034	-0.137083
0.0119676	-0.137462
-0.0297592	-0.173156
-0.0281514	-0.167463
-0.0275732	-0.166758
-0.0306484	-0.157142
-0.0270102	-0.154503
-0.0292155	-0.160043
-0.025368	-0.162043
-0.0155989	-0.170894
-0.0118597	-0.146388
0.0045793	-0.14561
0.00978738	-0.150227
0.0388791	-0.173386
0.00977709	-0.167084
0.00149357	-0.150983
-0.0303665	-0.135428
-0.029276	-0.146889
-0.03204	-0.14872
-0.0138786	-0.138233
-0.0273978	-0.158142
-0.0263399	-0.154996
-0.0199358	-0.147225
-0.0271962	-0.154026
-0.0430176	-0.169926
0.00434257	-0.152189
-0.00197528	-0.15737
-0.00452074	-0.168606
-0.0119869	-0.150602
-0.00352884	-0.159465
0.00562991	-0.139307
0.0013984	-0.146324
-0.0173412	-0.133433
-0.0210641	-0.131827
-0.0202826	-0.143032
-0.0205675	-0.149909
-0.0274301	-0.143842
-0.00434245	-0.154482
-0.0316954	-0.139584
-0.0281901	-0.131776
-0.0335547	-0.127094
-0.0407868	-0.139408
-0.0682201	-0.134105
-0.0620732	-0.133021
-0.0278107	-0.139971
-0.0217717	-0.163773
-0.00831757	-0.167216
-0.0109225	-0.163849
-0.0182784	-0.197684
-0.0313946	-0.184987
-0.0546414	-0.158598
-0.0334704	-0.153261
-0.0205204	-0.145248
-0.0351269	-0.146764
-0.049012	-0.150271
-0.0801303	-0.169048
-0.0711089	-0.158571
-0.08159	-0.178855
-0.0775193	-0.164709
-0.0821098	-0.164198
-0.0870844	-0.162627
-0.0753329	-0.128574
-0.0576685	-0.129434
-0.0632491	-0.132214
-0.0621452	-0.151195
-0.036209	-0.137097
-0.0592976	-0.14684
-0.0715187	-0.143526
-0.0722548	-0.151679
-0.075082	-0.147125
-0.0781117	-0.144081
-0.0830013	-0.123192
-0.0879875	-0.131672
-0.0903783	-0.125426
-0.0923265	-0.153241
-0.0701048	-0.157726
-0.0698451	-0.138542
-0.082634	-0.142472
-0.0795871	-0.135642
-0.0518783	-0.116415
-0.0630052	-0.114725
-0.0293093	-0.127257
-0.0408225	-0.134525
-0.0289513	-0.11779
-0.0575469	-0.134205
-0.062838	-0.126227
-0.0835458	-0.105604
-0.123694	-0.105712
-0.110387	-0.10838
-0.10408	-0.107758
-0.106459	-0.128042
-0.102353	-0.138675
-0.106453	-0.124169
-0.0840015	-0.130632
-0.0847982	-0.121278
-0.0996644	-0.126445
-0.0886781	-0.0960682
-0.0890547	-0.154592
-0.108407	-0.135947
-0.129263	-0.104987
-0.117669	-0.110626
-0.0781443	-0.12541
-0.0799932	-0.135996
-0.0884091	-0.131283
-0.110307	-0.109056
-0.0975898	-0.116255
-0.0922304	-0.134367
-0.096612	-0.131529
-0.089932	-0.125219
-0.0974576	-0.128914
-0.106326	-0.121559
-0.0835569	-0.141079
-0.102131	-0.129606
-0.101411	-0.121835
-0.0801525	-0.121171
-0.0693658	-0.152476
-0.0603818	-0.158422
-0.0959553	-0.166806
-0.1048	-0.137505
-0.132678	-0.149896
-0.151041	-0.152547
-0.142831	-0.149893
-0.122024	-0.142131
-0.0962683	-0.148266
-0.111261	-0.183745
-0.101426	-0.169412
-0.0853175	-0.163405
-0.0890534	-0.158343
-0.0910913	-0.147203
-0.0919966	-0.117573
-0.0902683	-0.120333
-0.0753671	-0.116676
-0.0833575	-0.126975
-0.104118	-0.125679
-0.0638188	-0.157089
-0.06719	-0.139797
-0.0796835	-0.13362
-0.0880026	-0.130205
-0.0959956	-0.130098
-0.125475	-0.130442
-0.125457	-0.115306
-0.117389	-0.116588
-0.0850594	-0.102446
-0.0897099	-0.110279
-0.0898496	-0.109139
-0.0713716	-0.131015
-0.0951133	-0.145477
-0.100179	-0.135062
-0.0950384	-0.138268
-0.11192	-0.120121
-0.112463	-0.116258
-0.116644	-0.111831
-0.118537	-0.102842
-0.123766	-0.0967623
-0.131134	-0.0878897
-0.166724	-0.0896841
-0.160493	-0.0733174
-0.141611	-0.0838856
-0.130499	-0.0893278
-0.100191	-0.0883376
-0.09865	-0.09422
-0.109452	-0.103624
-0.102416	-0.114361
-0.103902	-0.105619
-0.106444	-0.107548
