0.112333	0.0580916
0.145148	0.0465457
0.158018	0.0528095
0.149775	0.0610711
0.15203	0.0449695
0.1814	0.0683276
0.168596	0.0602504
0.160839	0.0579332
0.138726	0.0554317
0.156353	0.0482241
0.152148	0.0545608
0.193811	0.033849
0.181884	0.0453078
0.172507	0.0440064
0.194585	0.0452607
0.189705	0.0670862
0.192587	0.061763
0.173386	0.0541343
0.176598	0.0640575
0.159744	0.0619556
0.172807	0.0730751
0.158831	0.0701203
0.166954	0.0683309
0.136199	0.0436271
0.141647	0.0413641
0.146915	0.042951
0.175717	0.0385526
0.164437	0.0799858
0.174662	0.0785182
0.167061	0.0702866
0.191562	0.0800265
0.181474	0.0550729
0.156085	0.0104537
0.151058	0.0100702
0.144056	0.0321695
0.147757	0.0138777
0.168468	-0.0154406
0.106415	-0.0102467
0.128421	-0.00868831
0.166381	0.00414004
0.164182	0.0023209
0.189739	-0.0187888
0.165222	-0.0353087
0.134907	-0.027914
0.143663	-0.0284612
0.148869	-0.0238153
0.154846	-0.028717
0.162644	-0.0300965
0.163976	-0.0270185
0.186095	-0.0421681
0.172798	-0.0384505
0.155135	-0.0425973
0.155457	-0.0402559
0.154647	-0.0220653
0.135575	-0.0284391
0.151424	-0.0251345
0.155341	-0.0255571
0.165679	-0.0201183
0.178637	-0.0212926
0.171513	-0.0125293
0.167473	-0.0271918
0.163337	-0.0375508
0.156356	-0.0413984
0.143577	-0.0430732
0.158107	-0.050888
0.159035	-0.0496078
0.156994	-0.0484173
0.162643	-0.0387102
0.171	-0.0292782
0.172131	-0.0266212
0.162726	-0.0130555
0.145471	-0.0128196
0.104139	-0.0021271
0.149733	-0.00210029
0.157705	-0.00388843
0.143687	-0.0406301
0.142026	-0.0390925
0.154636	-0.0574791
0.141234	-0.0461968
0.142957	-0.0337232
0.144539	-0.0302694
0.146262	-0.0146654
0.167766	0.01578
0.179543	-0.00903034
0.17717	0.0313869
0.154405	0.0292294
0.130316	0.0222235
0.126421	0.0094793
0.1276	0.0195159
0.124934	0.0199346
0.161988	0.0601824
0.156976	0.0587906
0.151801	0.0612993
0.136854	0.0381871
0.137071	0.0300079
0.128455	0.0315601
0.13394	0.0563312
0.128457	0.0506119
0.129098	0.043106
0.144508	0.0251182
0.139402	0.0278108
0.137239	0.0343371
0.125296	0.0246025
0.150595	0.0438222
0.150639	0.0429189
0.163897	0.0366844
0.147477	0.0333247
0.142765	0.0469287
0.134541	0.0466492
0.141046	0.0488635
0.161845	0.08599
0.153141	0.0678632
0.14603	0.0497268
0.141585	0.0574263
0.16148	0.0401986
0.143387	0.0633076
0.162425	0.0520511
0.159014	0.0505038
0.155318	0.0614771
0.121316	0.0740634
0.128998	0.0798656
0.132904	0.0767831
0.12376	0.0722291
0.125236	0.066347
0.132891	0.0638358
0.152888	0.0699257
0.151193	0.0689233
0.16197	0.071584
0.158306	0.0852774
0.152777	0.082204
0.138438	0.0936503
0.128503	0.112342
0.128534	0.0969562
0.10777	0.105748
0.124346	0.119526
0.124534	0.124611
0.121478	0.115373
0.119676	0.110252
0.119068	0.109097
0.121117	0.105114
0.116854	0.111265
0.13893	0.0955832
0.160459	0.0961324
0.135951	0.0839715
0.111557	0.0888705
0.11942	0.0910329
0.122698	0.0912273
0.122361	0.0780821
0.136985	0.0430151
0.150973	0.0254226
0.154221	-0.00692275
0.171333	0.00899499
0.162091	-0.00169353
0.178461	0.0140628
0.182228	0.00324011
0.154409	0.00312599
0.15954	0.00989769
0.161248	0.0180903
0.174149	0.0242809
0.175557	-0.00141814
0.14622	-0.00660559
0.172292	-0.0100103
0.142938	-0.0201808
0.143502	-0.00785591
0.141841	0.00466649
0.148301	0.00568908
0.151289	0.00517489
0.154618	0.00622563
0.153541	0.0146114
0.174974	0.0366959
0.17987	0.043067
0.169907	0.0442285
0.164135	0.0394029
0.163348	0.0353863
0.169385	0.0622977
0.15992	0.065525
0.149817	0.096854
0.154366	0.0741864
0.153285	0.0824475
0.137084	0.0736044
0.118493	0.0439492
0.104906	0.0635062
0.0981124	0.0586966
0.114435	0.0904019
0.129736	0.101022
0.127241	0.0922467
0.146308	0.092721
0.156577	0.121382
0.142162	0.0993127
0.136575	0.0932038
0.155397	0.0900683
0.150451	0.0907464
0.147423	0.0890667
0.149967	0.0870955
0.106464	0.0707034
0.110381	0.0784602
0.122209	0.068125
0.144548	0.0717702
0.145673	0.0443153
0.166015	0.0460239
0.11886	0.0369056
0.120742	0.0246949
0.136798	0.0344141
0.14395	0.0360159
0.161909	0.0235835
0.163517	0.026602
0.165347	0.0426111
0.166612	0.0351345
0.159173	0.033043
0.166071	0.021851
0.1587	0.0261786
0.159156	0.023807
0.16487	0.0150759
0.159592	0.0135835
0.173435	0.0207007
0.15481	0.0267866
0.151376	0.0239141
0.165383	-0.010863
0.155057	-0.0157198
0.17315	-0.0160602
0.164648	-0.0136215
0.171578	-0.00823032
0.156424	-0.0120299
0.148828	0.0206431
0.166915	0.00112118
0.169089	0.0117557
0.204602	0.0105324
0.183686	0.00506071
0.176715	-0.00192193
0.169698	-0.00168753
0.166595	-0.027878
0.165387	-0.0360892
0.159979	-0.0390427
0.167076	-0.0261357
0.153315	-0.0352031
0.155043	-0.0427331
0.166326	-0.0355559
0.172272	-0.0355901
0.168517	-0.0324842
0.190735	-0.0326463
0.182481	-0.0397084
0.16831	-0.0193078
0.133428	-0.0110428
0.149274	-0.0231851
0.151826	-0.0266779
0.16467	-0.0274137
0.144409	-0.0361756
0.138252	-0.0479454
0.154958	-0.0311309
0.164891	-0.0298532
0.166919	-0.0245495
0.168949	-0.0123929
0.169654	-0.018587
0.161526	0.00209368
0.174502	0.00853981
0.174834	0.0266067
0.134384	0.00723628
0.177275	0.0353869
0.176879	0.0168686
0.185888	0.00836732
0.175835	0.00739957
0.159007	-0.00315746
0.157627	-0.00308957
0.142087	-0.0254079
0.16129	-0.0284796
0.133919	-0.036105
0.112606	-0.00863905
0.136959	-0.0107712
0.15509	-0.00893037
0.153882	0.000840684
0.180382	0.00624347
0.180954	-0.00630477
0.179252	-0.00150303
0.185535	-0.0106374
0.16205	-0.00838338
0.154539	-0.0354028
0.16439	-0.0310364
0.157686	-0.0342426
0.156477	-0.0392936
0.149281	-0.0386112
0.137497	-0.055884
0.146199	-0.063814
0.16445	-0.0733715
0.184445	-0.0511132
0.184112	-0.0389029
0.178255	-0.0590414
0.185142	-0.0652524
0.165497	-0.042899
0.147841	-0.0403722
0.155917	-0.0357725
0.142711	-0.0283155
0.148558	-0.026428
0.15562	-0.0176968
0.173235	-0.0161183
0.189442	0.00107165
0.184663	-0.0100957
0.169993	-0.00433114
0.165161	-0.00454785
0.170918	0.00889284
0.187972	-0.0126597
0.172754	-0.0406994
0.154016	-0.0389067
0.168912	-0.0226034
0.16504	-0.0215495
0.120831	0.00167008
0.140779	-0.00958315
0.15381	-0.0040949
0.147684	0.0145363
0.14647	0.0532457
0.16066	0.0233488
0.160155	0.0220346
0.16296	0.0176381
0.163206	0.0191544
0.164486	0.0098156
0.172879	0.010944
0.182293	0.040693
0.17515	0.0349215
0.167648	0.0326795
0.173608	0.0360519
0.133557	0.0436221
0.143571	0.0294176
0.183106	0.0305167
0.167481	0.0226983
0.162506	0.0216241
0.159686	0.0309657
0.152747	0.0241781
0.186143	0.047053
0.173818	0.041711
0.171975	0.0267448
0.144366	0.0228004
0.149644	0.0226435
0.143944	0.0114905
0.148959	-0.0029562
0.163179	-0.032872
0.147876	-0.048764
0.151311	-0.0386683
0.152075	-0.0330821
0.135809	-0.0524802
0.135953	-0.0510149
0.135635	-0.0327244
0.143472	-0.0351175
0.143316	-0.0703318
0.155409	-0.0657752
0.15378	-0.0582486
0.152031	-0.0499271
0.140722	-0.0641723
0.11439	-0.0453847
0.121409	-0.058778
0.150056	-0.0583929
0.130025	-0.052535
0.108722	-0.104095
0.145767	-0.116445
0.140444	-0.0850192
0.151068	-0.0726893
0.148696	-0.0716724
0.128514	-0.0605878
0.116077	-0.058491
0.129143	-0.0638931
0.143473	-0.0550123
0.154907	-0.0707481
0.162786	-0.0512983
0.167435	-0.059184
0.160868	-0.0563683
0.157794	-0.0549524
0.1716	-0.0553158
0.18071	-0.0550368
0.169086	-0.0394234
0.163795	-0.0228535
0.184546	-0.0150824
0.147911	-0.0784783
0.15057	-0.079709
0.153641	-0.0638779
0.17834	-0.0802137
0.170593	-0.0884406
0.150668	-0.0851917
0.173983	-0.0934236
0.17451	-0.109906
0.149868	-0.133096
0.12663	-0.113278
0.143009	-0.0935457
0.146798	-0.0956242
0.10992	-0.0967316
0.115416	-0.0959791
0.12524	-0.102518
0.135381	-0.0997147
0.133126	-0.109172
0.128963	-0.13297
0.110563	-0.142163
0.101299	-0.153237
0.092686	-0.150889
0.0891749	-0.146668
0.0906242	-0.141292
0.113761	-0.133713
0.0846109	-0.108287
0.103184	-0.139821
0.121192	-0.106257
0.138598	-0.0873983
0.142824	-0.0929092
0.140021	-0.0899538
0.133392	-0.104507
0.136807	-0.102368
0.143299	-0.0998329
0.161125	-0.0961624
0.15234	-0.0907886
0.187499	-0.101375
0.171128	-0.0868227
0.159931	-0.0814721
0.153975	-0.0756355
0.124648	-0.0608826
0.11059	-0.0591686
0.0989588	-0.0920342
0.111566	-0.10694
0.115862	-0.102302
0.118229	-0.0848218
0.13931	-0.102856
0.175955	-0.0981883
0.198346	-0.0791945
0.166806	-0.0365027
0.136827	-0.0307597
0.142463	-0.0181315
0.144062	-0.0264469
0.137133	-0.0247264
0.145564	-0.0267253
0.166647	-0.0252653
0.165674	-0.0252528
0.194516	-0.0416801
0.176919	-0.036651
0.202065	-0.0119616
0.172223	-0.0200823
0.166466	-0.00938308
0.17034	-0.0539743
0.159746	-0.0483057
0.154358	-0.047297
0.145249	-0.0444871
0.145145	-0.0255928
0.113039	-0.045074
0.126851	-0.0506437
0.132556	-0.0518194
0.162232	-0.0425439
0.150272	-0.0391946
0.151292	-0.0385773
0.157129	-0.0396073
0.157783	-0.032952
0.160929	-0.0357071
0.158042	-0.0424365
0.157669	-0.0558451
0.14816	-0.0719262
0.153085	-0.0694368
0.136006	-0.103772
0.12377	-0.08471
0.085445	-0.0538262
0.115927	-0.0829562
0.135903	-0.074825
0.0980827	-0.0905101
0.100801	-0.105394
0.0899464	-0.084426
0.0886739	-0.0758332
0.102393	-0.0730872
0.114859	-0.0705881
0.12688	-0.0552601
0.143116	-0.0669671
0.134131	-0.076387
0.149051	-0.0438372
0.179098	-0.0214192
0.159667	-0.0175924
0.158438	-0.019677
0.158108	-0.0285394
0.144497	-0.0189774
0.150604	0.00416762
0.17003	0.02148
0.161169	0.0190915
0.156098	0.0473208
0.167163	0.0356806
0.156076	0.0403834
0.155366	0.0395626
0.154753	0.0386285
0.169663	0.0452415
0.168957	0.0835533
0.161179	0.0797755
0.150756	0.0507012
0.135284	0.0707168
0.139097	0.0755377
0.14831	0.0653427
0.130258	0.0679823
0.156087	0.0831012
0.162108	0.0879348
0.138202	0.0938184
0.112045	0.0843892
0.132925	0.0866667
0.137853	0.0944335
0.142546	0.0985473
0.153926	0.142897
0.141345	0.130728
0.138269	0.109506
0.1246	0.10331
0.137486	0.0943516
0.118822	0.114228
0.122057	0.121434
0.136222	0.117571
0.139944	0.097572
