0.120135	0.0225435
0.148493	0.0245727
0.150811	0.0251163
0.146931	0.0295443
0.13915	0.0426631
0.159006	0.0485412
0.153155	0.0473901
0.147994	0.0765704
0.143682	0.0796112
0.153375	0.0901334
0.141622	0.0837255
0.144121	0.0747223
0.138645	0.0737232
0.141964	0.06033
0.127729	0.044757
0.133494	0.0447213
0.128582	0.0346126
0.115096	0.0333663
0.0959227	0.0212169
0.0893563	0.0166608
0.0938697	0.0128307
0.13546	0.0419519
0.0777966	0.032081
0.0802726	0.0293493
0.0788276	0.0409633
0.0605532	0.0437333
0.0664305	0.0393356
0.0874834	0.0235644
0.116305	0.035471
0.130879	0.0383867
0.114037	0.049198
0.105308	0.0159819
0.104236	0.0235933
0.111265	0.039999
0.10505	0.0389638
0.109514	0.0501182
0.0855603	0.0422355
0.113264	0.0282055
0.10305	0.0369356
0.132539	0.0119277
0.10635	0.0338634
0.0866546	0.00136182
0.099215	-0.00996411
0.111087	-0.0112258
0.118938	-0.00378394
0.132595	-0.0216962
0.135823	-0.0444837
0.13536	-0.0625135
0.151952	-0.041926
0.11309	-0.0168704
0.094311	-0.0454068
0.11298	-0.0626858
0.128798	-0.0851876
0.148134	-0.111035
0.156317	-0.0981044
0.130585	-0.130542
0.120698	-0.143315
0.114259	-0.160691
0.104285	-0.154607
0.13611	-0.162088
0.148192	-0.116784
0.148032	-0.104317
0.167538	-0.0946441
0.158856	-0.0880276
0.15726	-0.073387
0.152667	-0.0582939
0.150066	-0.0234913
0.152891	-0.0243377
0.138215	-0.0306985
0.12641	-0.0139274
0.12803	0.0013611
0.115852	0.0334058
0.122264	0.0536092
0.110219	0.0765432
0.119623	0.11603
0.137544	0.115864
0.13769	0.0980478
0.13117	0.0876914
0.124814	0.0773839
0.107379	0.0818119
0.101572	0.0659699
0.122177	0.0610114
0.136653	0.0530015
0.148956	0.0441115
0.120352	0.0271734
0.126518	0.0350139
0.130584	0.0549371
0.122249	0.0568094
0.0998839	0.0552693
0.131452	0.0389569
0.137406	0.0153905
0.123447	0.0048633
0.154432	-0.0159626
0.146227	-0.0248978
0.144574	-0.0201349
0.142271	-0.0152598
0.146457	-0.0313402
0.143561	0.0183632
0.146039	0.00775189
0.145428	0.00273116
0.143108	-0.015513
0.155723	-0.0208298
0.146403	0.00850566
0.110136	0.000506278
0.124887	0.00034167
0.148877	0.0209533
0.155305	0.00414505
0.156834	0.0334534
0.118622	0.064582
0.124615	0.0433556
0.115523	0.00658485
0.15889	-0.0132597
0.113594	-0.0214534
0.126853	-0.0195942
0.120951	0.00572918
0.107154	-0.0019573
0.117667	0.00698082
0.110581	0.0173613
0.118999	0.0261304
0.127681	0.0328539
0.136542	0.0358741
0.132455	0.0417521
0.126652	0.0540351
0.139779	0.044481
0.167498	0.0601346
0.121662	0.0211952
0.130367	0.0266875
0.123407	0.0463347
0.136496	0.0375185
0.138613	0.0511868
0.119632	0.08456
0.113522	0.0887186
0.168655	0.0631219
0.152832	0.061078
0.146794	0.0563876
0.146926	0.0560251
0.145648	0.0772167
0.134683	0.0615099
0.131549	0.0571667
0.144034	0.0446313
0.136673	0.0402557
0.130218	0.0682324
0.130156	0.0645227
0.147113	0.0461424
0.141476	0.0583795
0.128076	0.0608392
0.131429	0.06361
0.138375	0.0538015
0.136489	0.0622161
0.145963	0.0839521
0.140716	0.0669252
0.126669	0.0949814
0.122576	0.094642
0.120867	0.0970582
0.109161	0.0996861
0.106862	0.109622
0.144291	0.130494
0.176495	0.100392
0.150746	0.0727761
0.149814	0.0794734
0.129142	0.0730946
0.125515	0.0726523
0.155666	0.0722514
0.156309	0.0542949
0.145721	0.0584582
0.119744	0.0555703
0.131266	0.0582343
0.13845	0.0492218
0.109098	0.0380049
0.117821	0.0477588
0.108657	0.0104001
0.13156	0.035341
0.119534	0.0279664
0.14455	0.0379611
0.133542	0.0475553
0.148187	0.063313
0.151443	0.0510642
0.146423	0.0445185
0.14742	0.0272366
0.163953	0.0388617
0.148185	-0.00448532
0.146422	0.00874404
0.138384	0.0127098
0.128576	0.0181488
0.120021	0.0145607
0.127814	0.0201085
0.150928	0.0215842
0.146096	0.0263653
0.138326	0.0387568
0.145658	0.0380039
0.145369	0.0356869
0.166164	0.0442641
0.158803	0.0393609
0.179024	0.0398472
0.155942	0.0396857
0.154735	0.0439014
0.156927	0.0330319
0.160526	0.0797519
0.153207	0.0651498
0.19926	0.0586364
0.170927	0.0516442
0.153959	0.0997543
0.132643	0.0619305
0.117742	0.023709
0.144279	0.0217784
0.15787	0.0217841
0.13537	0.0383729
0.145786	0.089984
0.133313	0.0651194
0.111968	0.114801
0.107688	0.10847
0.109697	0.103714
0.111259	0.115859
0.116484	0.0904495
0.141844	0.0692049
0.134416	0.0583751
0.149347	0.0579941
0.140902	0.0564384
0.140735	0.0546602
0.159061	0.0579909
0.137441	0.0492521
0.154088	0.0866687
0.15489	0.0719427
0.169301	0.0493534
0.134489	0.0442689
0.144877	0.039091
0.113578	0.045084
0.129649	0.0421512
0.108417	0.0663513
0.134755	0.0865718
0.144328	0.0840225
0.115715	0.0360164
0.105178	0.0355354
0.0981154	0.0125803
0.123466	0.00684618
0.138479	0.00886598
0.119634	-0.0118182
0.153644	-0.00602604
0.12741	-0.0481054
0.152062	-0.0104496
0.161829	0.0102429
0.191633	0.00295709
0.173472	0.00757718
0.167596	0.0197902
0.158264	0.00265222
0.158409	-0.00433964
0.155521	0.0221653
0.169994	-0.00180672
0.166708	0.0038605
0.171348	0.0197684
0.181301	0.0262594
0.17697	0.00906688
0.160676	0.00779226
0.153593	0.0111621
0.164406	0.013685
0.163435	-0.00947204
0.185545	-0.00637805
0.179516	-0.00671194
0.168673	-0.0107298
0.137544	-0.0197905
0.145957	-0.0205408
0.131576	0.0124566
0.148541	0.001399
0.170341	-0.0218964
0.162737	-0.020395
0.162616	-0.0228087
0.162917	-0.025177
0.148938	-0.0159969
0.151417	-0.0401075
0.154074	-0.0396576
0.158201	-0.0447174
0.157642	-0.0327152
0.159328	-0.0185282
0.158235	-0.0151103
0.158071	-0.0121101
0.157467	-0.0150188
0.18256	-0.0265256
0.179596	-0.0218425
0.178571	-0.0300547
0.171781	-0.0156382
0.18669	-0.00320708
0.147093	-0.0367354
0.134775	-0.0538484
0.162026	-0.0305848
0.162569	-0.0209282
0.163982	-0.00226473
0.179553	-0.0096712
0.171982	-0.0117959
0.159418	-0.000531005
0.153589	0.00413227
0.13668	0.00405526
0.138206	0.00163098
0.140837	-0.00748007
0.145499	-0.00824776
0.15547	0.0175789
0.138333	-0.00500389
0.143618	-0.00749858
0.130002	-0.026225
0.15631	-0.012211
0.171829	-0.00482673
0.167572	-0.0080792
0.154806	-0.019731
0.149081	-0.0279396
0.152426	-0.0274403
0.160513	-0.0246065
0.151921	-0.00913703
0.160701	0.0171307
0.160726	-0.0151625
0.157192	-0.0251751
0.168408	-0.0517082
0.16993	-0.0520911
0.163887	-0.0474143
0.164786	-0.0749704
0.195921	-0.0521954
0.196189	-0.0291491
0.181525	-0.0188347
0.167794	-0.0179509
0.178569	-0.00123004
0.17249	-0.0296056
0.153677	-0.0141435
0.142686	-0.0219484
0.169184	-0.0165443
0.154728	-0.0495495
0.154792	-0.0399935
0.152548	-0.00822068
0.158342	-0.00946545
0.181404	0.0154943
0.176698	0.00258717
0.17362	-0.00278455
0.162154	-0.0111952
0.147172	-0.0198558
0.132201	-0.0137157
0.173856	0.0200807
0.166564	0.0163846
0.147037	0.0444341
0.164011	0.0162006
0.17395	0.00389194
0.165583	-0.000860376
0.15746	0.0285673
0.156625	0.0202512
0.173462	0.0358766
0.145175	0.0335585
0.159579	0.0390558
0.185681	0.0218284
0.139052	-0.00416006
0.143747	0.023185
0.172941	-0.00094055
0.163081	-0.000195286
0.152796	0.00165769
0.197857	0.039293
0.189279	0.0366337
0.139374	0.0116995
0.147895	0.000997121
0.151796	0.00295118
0.141457	0.0154503
0.147778	0.0069594
0.145383	0.00132883
0.161354	-0.0097585
0.190307	-0.0284225
0.170963	-0.0196562
0.181013	-0.0564985
0.156279	-0.0248538
0.160202	-0.0527265
0.148728	-0.0457476
0.159748	-0.0426839
0.137237	-0.0379778
0.130713	-0.0508806
0.146343	-0.0324769
0.171106	-0.00589761
0.175534	-0.0351401
0.174282	-0.065734
0.185206	-0.03363
0.183499	-0.039916
0.152128	-0.037225
0.152009	-0.0544571
0.140414	-0.0554858
0.155502	-0.0639139
0.166314	-0.0776955
0.150818	-0.0485798
0.14372	-0.0569652
0.150088	-0.0903189
0.152607	-0.106508
0.123951	-0.0762623
0.143076	-0.0521121
0.14004	-0.0723893
0.145135	-0.0677411
0.148023	-0.0590453
0.151593	-0.0757727
0.169483	-0.0687244
0.159665	-0.0626104
0.177079	-0.0271663
0.179131	-0.0659917
0.166486	-0.0524344
0.174535	-0.0339745
0.161607	-0.0458292
0.154308	-0.0538662
0.16085	-0.0624094
0.139719	-0.0801938
0.137423	-0.0784583
0.144436	-0.0809588
0.137855	-0.0777954
0.130794	-0.0749792
0.156658	-0.102894
0.133642	-0.0566829
0.14429	-0.0683821
0.135439	-0.0823851
0.126046	-0.0890997
0.146205	-0.0811986
0.140544	-0.101129
0.083038	-0.130926
0.0955023	-0.129613
0.12302	-0.174875
0.109585	-0.145852
0.127477	-0.108454
0.124026	-0.106307
0.117962	-0.102692
0.11775	-0.107562
0.132465	-0.114663
0.123779	-0.113335
0.111055	-0.110634
0.112443	-0.104861
0.112973	-0.099081
0.114102	-0.098067
0.11606	-0.0970588
0.0951106	-0.102721
0.103299	-0.0816547
0.122758	-0.0843331
0.139873	-0.0607245
0.126302	-0.0671174
0.15344	-0.0821667
0.146739	-0.0851792
0.137518	-0.085049
0.137672	-0.0852246
0.125198	-0.0605025
0.127794	-0.0722209
0.123874	-0.0724458
0.135599	-0.0852641
0.116974	-0.0839081
0.123369	-0.0833664
0.11572	-0.110526
0.112417	-0.110963
0.128176	-0.0924971
0.115691	-0.0974552
0.180125	-0.0555922
0.171075	-0.06321
0.161464	-0.0562736
0.121861	-0.0477388
0.137024	-0.0535624
0.142616	-0.0484836
0.14625	-0.078679
0.144619	-0.0620595
0.149717	-0.0519815
0.144894	-0.0522026
0.132924	-0.0320904
0.15856	-0.0249969
0.163373	-0.00909707
0.165588	-0.0441279
0.147433	-0.0380409
0.13783	-0.0512507
0.137837	-0.0543169
0.17556	-0.0741599
0.16257	-0.0644349
0.162427	-0.0513682
0.145851	-0.0393566
0.143356	-0.035363
0.143811	-0.054108
0.142179	-0.0474483
0.145595	-0.0380101
0.154775	-0.0157001
0.185013	0.00989222
0.173561	-0.00612675
0.162807	-0.0121913
0.152501	-0.0331544
0.126689	-0.0402847
0.139603	-0.0562799
0.140694	-0.0646128
0.138151	-0.0677394
0.158112	-0.054734
0.143562	-0.074019
0.146361	-0.0491961
0.141932	-0.0535262
0.135368	-0.0557069
0.125742	-0.0680514
0.117385	-0.0675768
0.15337	-0.0459185
0.139028	-0.0564459
0.135159	-0.0668055
0.11512	-0.0717821
0.105573	-0.0374432
0.141597	-0.0412566
0.126663	-0.0145528
0.160747	-0.0214128
0.149381	-0.0450571
0.144811	-0.0344778
0.137705	-0.0319297
0.136971	-0.0343292
0.140616	-0.00900331
0.152509	-0.000194686
0.155755	0.00809646
0.150886	0.0128458
